Entity ID,Entity Type,Attributes
10,PROPERTY_DEFINITION_REPRESENTATION,"#14,#12"
11,PROPERTY_DEFINITION_REPRESENTATION,"#15,#13"
12,REPRESENTATION,"'',(#16),#34045"
13,REPRESENTATION,"'',(#17),#34045"
14,PROPERTY_DEFINITION,"'pmi validation property','',#21"
15,PROPERTY_DEFINITION,"'pmi validation property','',#21"
16,VALUE_REPRESENTATION_ITEM,"'number of annotations',COUNT_MEASURE(0.)"
17,VALUE_REPRESENTATION_ITEM,"'number of views',COUNT_MEASURE(0.)"
19,ADVANCED_BREP_SHAPE_REPRESENTATION,"'desi3F68EC8Edr5v-None',(#931),#34045"
20,SHAPE_DEFINITION_REPRESENTATION,"#21,#30"
21,PRODUCT_DEFINITION_SHAPE,"'','',#22"
22,PRODUCT_DEFINITION,"' ','',#24,#23"
23,PRODUCT_DEFINITION_CONTEXT,"'part definition',#29,'design'"
25,PRODUCT_RELATED_PRODUCT_CATEGORY,"'part','',(#26)"
26,PRODUCT,"'desi3F68EC8Edr5v','desi3F68EC8Edr5v',' ',(#27)"
27,PRODUCT_CONTEXT,"' ',#29,'mechanical'"
30,SHAPE_REPRESENTATION,"'desi3F68EC8Edr5v-None',(#19821),#34045"
31,DRAUGHTING_PRE_DEFINED_COLOUR,'yellow'
32,OVER_RIDING_STYLED_ITEM,"'',(#162),#5382,#160"
33,OVER_RIDING_STYLED_ITEM,"'',(#163),#5383,#160"
34,OVER_RIDING_STYLED_ITEM,"'',(#164),#5388,#160"
35,OVER_RIDING_STYLED_ITEM,"'',(#165),#5389,#160"
36,OVER_RIDING_STYLED_ITEM,"'',(#166),#5403,#160"
37,OVER_RIDING_STYLED_ITEM,"'',(#167),#5404,#160"
38,OVER_RIDING_STYLED_ITEM,"'',(#168),#5405,#160"
39,OVER_RIDING_STYLED_ITEM,"'',(#169),#5406,#160"
40,OVER_RIDING_STYLED_ITEM,"'',(#170),#5407,#160"
41,OVER_RIDING_STYLED_ITEM,"'',(#171),#5408,#160"
42,OVER_RIDING_STYLED_ITEM,"'',(#172),#5409,#160"
43,OVER_RIDING_STYLED_ITEM,"'',(#173),#5410,#160"
44,OVER_RIDING_STYLED_ITEM,"'',(#174),#5411,#160"
45,OVER_RIDING_STYLED_ITEM,"'',(#175),#5412,#160"
46,OVER_RIDING_STYLED_ITEM,"'',(#176),#5434,#160"
47,OVER_RIDING_STYLED_ITEM,"'',(#177),#5435,#160"
48,OVER_RIDING_STYLED_ITEM,"'',(#178),#5436,#160"
49,OVER_RIDING_STYLED_ITEM,"'',(#179),#5437,#160"
50,OVER_RIDING_STYLED_ITEM,"'',(#180),#5442,#160"
51,OVER_RIDING_STYLED_ITEM,"'',(#181),#5444,#160"
52,OVER_RIDING_STYLED_ITEM,"'',(#182),#5446,#160"
53,OVER_RIDING_STYLED_ITEM,"'',(#183),#5448,#160"
54,OVER_RIDING_STYLED_ITEM,"'',(#184),#5458,#160"
55,OVER_RIDING_STYLED_ITEM,"'',(#185),#5462,#160"
56,OVER_RIDING_STYLED_ITEM,"'',(#186),#5466,#160"
57,OVER_RIDING_STYLED_ITEM,"'',(#187),#5468,#160"
58,OVER_RIDING_STYLED_ITEM,"'',(#188),#5469,#160"
59,OVER_RIDING_STYLED_ITEM,"'',(#189),#6033,#160"
60,OVER_RIDING_STYLED_ITEM,"'',(#190),#6034,#160"
61,OVER_RIDING_STYLED_ITEM,"'',(#191),#6038,#160"
62,OVER_RIDING_STYLED_ITEM,"'',(#192),#6039,#160"
63,OVER_RIDING_STYLED_ITEM,"'',(#193),#6040,#160"
64,OVER_RIDING_STYLED_ITEM,"'',(#194),#6041,#160"
65,OVER_RIDING_STYLED_ITEM,"'',(#195),#6042,#160"
66,OVER_RIDING_STYLED_ITEM,"'',(#196),#6043,#160"
67,OVER_RIDING_STYLED_ITEM,"'',(#197),#6044,#160"
68,OVER_RIDING_STYLED_ITEM,"'',(#198),#6045,#160"
69,OVER_RIDING_STYLED_ITEM,"'',(#199),#6046,#160"
70,OVER_RIDING_STYLED_ITEM,"'',(#200),#6047,#160"
71,OVER_RIDING_STYLED_ITEM,"'',(#201),#6048,#160"
72,OVER_RIDING_STYLED_ITEM,"'',(#202),#6049,#160"
73,OVER_RIDING_STYLED_ITEM,"'',(#203),#6050,#160"
74,OVER_RIDING_STYLED_ITEM,"'',(#204),#6051,#160"
75,OVER_RIDING_STYLED_ITEM,"'',(#205),#6052,#160"
76,OVER_RIDING_STYLED_ITEM,"'',(#206),#6054,#160"
77,OVER_RIDING_STYLED_ITEM,"'',(#207),#6056,#160"
78,OVER_RIDING_STYLED_ITEM,"'',(#208),#6058,#160"
79,OVER_RIDING_STYLED_ITEM,"'',(#209),#6060,#160"
80,OVER_RIDING_STYLED_ITEM,"'',(#210),#6062,#160"
81,OVER_RIDING_STYLED_ITEM,"'',(#211),#6064,#160"
82,OVER_RIDING_STYLED_ITEM,"'',(#212),#6066,#160"
83,OVER_RIDING_STYLED_ITEM,"'',(#213),#6314,#160"
84,OVER_RIDING_STYLED_ITEM,"'',(#214),#6315,#160"
85,OVER_RIDING_STYLED_ITEM,"'',(#215),#6316,#160"
86,OVER_RIDING_STYLED_ITEM,"'',(#216),#6317,#160"
87,OVER_RIDING_STYLED_ITEM,"'',(#217),#6318,#160"
88,OVER_RIDING_STYLED_ITEM,"'',(#218),#6319,#160"
89,OVER_RIDING_STYLED_ITEM,"'',(#219),#6320,#160"
90,OVER_RIDING_STYLED_ITEM,"'',(#220),#6321,#160"
91,OVER_RIDING_STYLED_ITEM,"'',(#221),#6322,#160"
92,OVER_RIDING_STYLED_ITEM,"'',(#222),#6323,#160"
93,OVER_RIDING_STYLED_ITEM,"'',(#223),#6324,#160"
94,OVER_RIDING_STYLED_ITEM,"'',(#224),#6325,#160"
95,OVER_RIDING_STYLED_ITEM,"'',(#225),#6326,#160"
96,OVER_RIDING_STYLED_ITEM,"'',(#226),#6327,#160"
97,OVER_RIDING_STYLED_ITEM,"'',(#227),#6328,#160"
98,OVER_RIDING_STYLED_ITEM,"'',(#228),#6329,#160"
99,OVER_RIDING_STYLED_ITEM,"'',(#229),#6330,#160"
100,OVER_RIDING_STYLED_ITEM,"'',(#230),#6331,#160"
101,OVER_RIDING_STYLED_ITEM,"'',(#231),#6332,#160"
102,OVER_RIDING_STYLED_ITEM,"'',(#232),#6333,#160"
103,OVER_RIDING_STYLED_ITEM,"'',(#233),#6334,#160"
104,OVER_RIDING_STYLED_ITEM,"'',(#234),#6335,#160"
105,OVER_RIDING_STYLED_ITEM,"'',(#235),#6336,#160"
106,OVER_RIDING_STYLED_ITEM,"'',(#236),#6337,#160"
107,OVER_RIDING_STYLED_ITEM,"'',(#237),#6338,#160"
108,OVER_RIDING_STYLED_ITEM,"'',(#238),#6339,#160"
109,OVER_RIDING_STYLED_ITEM,"'',(#239),#6340,#160"
110,OVER_RIDING_STYLED_ITEM,"'',(#240),#6341,#160"
111,OVER_RIDING_STYLED_ITEM,"'',(#241),#6342,#160"
112,OVER_RIDING_STYLED_ITEM,"'',(#242),#6348,#160"
113,OVER_RIDING_STYLED_ITEM,"'',(#243),#6349,#160"
114,OVER_RIDING_STYLED_ITEM,"'',(#244),#6350,#160"
115,OVER_RIDING_STYLED_ITEM,"'',(#245),#6351,#160"
116,OVER_RIDING_STYLED_ITEM,"'',(#246),#6352,#160"
117,OVER_RIDING_STYLED_ITEM,"'',(#247),#6366,#160"
118,OVER_RIDING_STYLED_ITEM,"'',(#248),#6367,#160"
119,OVER_RIDING_STYLED_ITEM,"'',(#249),#6368,#160"
120,OVER_RIDING_STYLED_ITEM,"'',(#250),#6369,#160"
121,OVER_RIDING_STYLED_ITEM,"'',(#251),#6370,#160"
122,OVER_RIDING_STYLED_ITEM,"'',(#252),#6371,#160"
123,OVER_RIDING_STYLED_ITEM,"'',(#253),#6372,#160"
124,OVER_RIDING_STYLED_ITEM,"'',(#254),#6373,#160"
125,OVER_RIDING_STYLED_ITEM,"'',(#255),#6374,#160"
126,OVER_RIDING_STYLED_ITEM,"'',(#256),#6375,#160"
127,OVER_RIDING_STYLED_ITEM,"'',(#257),#6376,#160"
128,OVER_RIDING_STYLED_ITEM,"'',(#258),#6377,#160"
129,OVER_RIDING_STYLED_ITEM,"'',(#259),#6379,#160"
130,OVER_RIDING_STYLED_ITEM,"'',(#260),#6386,#160"
131,OVER_RIDING_STYLED_ITEM,"'',(#261),#6387,#160"
132,OVER_RIDING_STYLED_ITEM,"'',(#262),#6388,#160"
133,OVER_RIDING_STYLED_ITEM,"'',(#263),#6389,#160"
134,OVER_RIDING_STYLED_ITEM,"'',(#264),#6390,#160"
135,OVER_RIDING_STYLED_ITEM,"'',(#265),#6391,#160"
136,OVER_RIDING_STYLED_ITEM,"'',(#266),#6392,#160"
137,OVER_RIDING_STYLED_ITEM,"'',(#267),#6393,#160"
138,OVER_RIDING_STYLED_ITEM,"'',(#268),#6394,#160"
139,OVER_RIDING_STYLED_ITEM,"'',(#269),#6395,#160"
140,OVER_RIDING_STYLED_ITEM,"'',(#270),#6396,#160"
141,OVER_RIDING_STYLED_ITEM,"'',(#271),#6397,#160"
142,OVER_RIDING_STYLED_ITEM,"'',(#272),#6497,#160"
143,OVER_RIDING_STYLED_ITEM,"'',(#273),#6498,#160"
144,OVER_RIDING_STYLED_ITEM,"'',(#274),#6499,#160"
145,OVER_RIDING_STYLED_ITEM,"'',(#275),#6500,#160"
146,OVER_RIDING_STYLED_ITEM,"'',(#276),#6501,#160"
147,OVER_RIDING_STYLED_ITEM,"'',(#277),#6502,#160"
148,OVER_RIDING_STYLED_ITEM,"'',(#278),#6503,#160"
149,OVER_RIDING_STYLED_ITEM,"'',(#279),#6504,#160"
150,OVER_RIDING_STYLED_ITEM,"'',(#280),#6505,#160"
151,OVER_RIDING_STYLED_ITEM,"'',(#281),#6506,#160"
152,OVER_RIDING_STYLED_ITEM,"'',(#282),#6507,#160"
153,OVER_RIDING_STYLED_ITEM,"'',(#283),#6508,#160"
154,OVER_RIDING_STYLED_ITEM,"'',(#284),#6510,#160"
155,OVER_RIDING_STYLED_ITEM,"'',(#285),#6511,#160"
156,OVER_RIDING_STYLED_ITEM,"'',(#286),#6512,#160"
157,OVER_RIDING_STYLED_ITEM,"'',(#287),#6513,#160"
158,OVER_RIDING_STYLED_ITEM,"'',(#288),#6514,#160"
159,PRESENTATION_LAYER_ASSIGNMENT,"'1','Layer 1',(#931)"
160,STYLED_ITEM,"'',(#161),#931"
161,PRESENTATION_STYLE_ASSIGNMENT,(#289)
162,PRESENTATION_STYLE_ASSIGNMENT,(#290)
163,PRESENTATION_STYLE_ASSIGNMENT,(#291)
164,PRESENTATION_STYLE_ASSIGNMENT,(#292)
165,PRESENTATION_STYLE_ASSIGNMENT,(#293)
166,PRESENTATION_STYLE_ASSIGNMENT,(#294)
167,PRESENTATION_STYLE_ASSIGNMENT,(#295)
168,PRESENTATION_STYLE_ASSIGNMENT,(#296)
169,PRESENTATION_STYLE_ASSIGNMENT,(#297)
170,PRESENTATION_STYLE_ASSIGNMENT,(#298)
171,PRESENTATION_STYLE_ASSIGNMENT,(#299)
172,PRESENTATION_STYLE_ASSIGNMENT,(#300)
173,PRESENTATION_STYLE_ASSIGNMENT,(#301)
174,PRESENTATION_STYLE_ASSIGNMENT,(#302)
175,PRESENTATION_STYLE_ASSIGNMENT,(#303)
176,PRESENTATION_STYLE_ASSIGNMENT,(#304)
177,PRESENTATION_STYLE_ASSIGNMENT,(#305)
178,PRESENTATION_STYLE_ASSIGNMENT,(#306)
179,PRESENTATION_STYLE_ASSIGNMENT,(#307)
180,PRESENTATION_STYLE_ASSIGNMENT,(#308)
181,PRESENTATION_STYLE_ASSIGNMENT,(#309)
182,PRESENTATION_STYLE_ASSIGNMENT,(#310)
183,PRESENTATION_STYLE_ASSIGNMENT,(#311)
184,PRESENTATION_STYLE_ASSIGNMENT,(#312)
185,PRESENTATION_STYLE_ASSIGNMENT,(#313)
186,PRESENTATION_STYLE_ASSIGNMENT,(#314)
187,PRESENTATION_STYLE_ASSIGNMENT,(#315)
188,PRESENTATION_STYLE_ASSIGNMENT,(#316)
189,PRESENTATION_STYLE_ASSIGNMENT,(#317)
190,PRESENTATION_STYLE_ASSIGNMENT,(#318)
191,PRESENTATION_STYLE_ASSIGNMENT,(#319)
192,PRESENTATION_STYLE_ASSIGNMENT,(#320)
193,PRESENTATION_STYLE_ASSIGNMENT,(#321)
194,PRESENTATION_STYLE_ASSIGNMENT,(#322)
195,PRESENTATION_STYLE_ASSIGNMENT,(#323)
196,PRESENTATION_STYLE_ASSIGNMENT,(#324)
197,PRESENTATION_STYLE_ASSIGNMENT,(#325)
198,PRESENTATION_STYLE_ASSIGNMENT,(#326)
199,PRESENTATION_STYLE_ASSIGNMENT,(#327)
200,PRESENTATION_STYLE_ASSIGNMENT,(#328)
201,PRESENTATION_STYLE_ASSIGNMENT,(#329)
202,PRESENTATION_STYLE_ASSIGNMENT,(#330)
203,PRESENTATION_STYLE_ASSIGNMENT,(#331)
204,PRESENTATION_STYLE_ASSIGNMENT,(#332)
205,PRESENTATION_STYLE_ASSIGNMENT,(#333)
206,PRESENTATION_STYLE_ASSIGNMENT,(#334)
207,PRESENTATION_STYLE_ASSIGNMENT,(#335)
208,PRESENTATION_STYLE_ASSIGNMENT,(#336)
209,PRESENTATION_STYLE_ASSIGNMENT,(#337)
210,PRESENTATION_STYLE_ASSIGNMENT,(#338)
211,PRESENTATION_STYLE_ASSIGNMENT,(#339)
212,PRESENTATION_STYLE_ASSIGNMENT,(#340)
213,PRESENTATION_STYLE_ASSIGNMENT,(#341)
214,PRESENTATION_STYLE_ASSIGNMENT,(#342)
215,PRESENTATION_STYLE_ASSIGNMENT,(#343)
216,PRESENTATION_STYLE_ASSIGNMENT,(#344)
217,PRESENTATION_STYLE_ASSIGNMENT,(#345)
218,PRESENTATION_STYLE_ASSIGNMENT,(#346)
219,PRESENTATION_STYLE_ASSIGNMENT,(#347)
220,PRESENTATION_STYLE_ASSIGNMENT,(#348)
221,PRESENTATION_STYLE_ASSIGNMENT,(#349)
222,PRESENTATION_STYLE_ASSIGNMENT,(#350)
223,PRESENTATION_STYLE_ASSIGNMENT,(#351)
224,PRESENTATION_STYLE_ASSIGNMENT,(#352)
225,PRESENTATION_STYLE_ASSIGNMENT,(#353)
226,PRESENTATION_STYLE_ASSIGNMENT,(#354)
227,PRESENTATION_STYLE_ASSIGNMENT,(#355)
228,PRESENTATION_STYLE_ASSIGNMENT,(#356)
229,PRESENTATION_STYLE_ASSIGNMENT,(#357)
230,PRESENTATION_STYLE_ASSIGNMENT,(#358)
231,PRESENTATION_STYLE_ASSIGNMENT,(#359)
232,PRESENTATION_STYLE_ASSIGNMENT,(#360)
233,PRESENTATION_STYLE_ASSIGNMENT,(#361)
234,PRESENTATION_STYLE_ASSIGNMENT,(#362)
235,PRESENTATION_STYLE_ASSIGNMENT,(#363)
236,PRESENTATION_STYLE_ASSIGNMENT,(#364)
237,PRESENTATION_STYLE_ASSIGNMENT,(#365)
238,PRESENTATION_STYLE_ASSIGNMENT,(#366)
239,PRESENTATION_STYLE_ASSIGNMENT,(#367)
240,PRESENTATION_STYLE_ASSIGNMENT,(#368)
241,PRESENTATION_STYLE_ASSIGNMENT,(#369)
242,PRESENTATION_STYLE_ASSIGNMENT,(#370)
243,PRESENTATION_STYLE_ASSIGNMENT,(#371)
244,PRESENTATION_STYLE_ASSIGNMENT,(#372)
245,PRESENTATION_STYLE_ASSIGNMENT,(#373)
246,PRESENTATION_STYLE_ASSIGNMENT,(#374)
247,PRESENTATION_STYLE_ASSIGNMENT,(#375)
248,PRESENTATION_STYLE_ASSIGNMENT,(#376)
249,PRESENTATION_STYLE_ASSIGNMENT,(#377)
250,PRESENTATION_STYLE_ASSIGNMENT,(#378)
251,PRESENTATION_STYLE_ASSIGNMENT,(#379)
252,PRESENTATION_STYLE_ASSIGNMENT,(#380)
253,PRESENTATION_STYLE_ASSIGNMENT,(#381)
254,PRESENTATION_STYLE_ASSIGNMENT,(#382)
255,PRESENTATION_STYLE_ASSIGNMENT,(#383)
256,PRESENTATION_STYLE_ASSIGNMENT,(#384)
257,PRESENTATION_STYLE_ASSIGNMENT,(#385)
258,PRESENTATION_STYLE_ASSIGNMENT,(#386)
259,PRESENTATION_STYLE_ASSIGNMENT,(#387)
260,PRESENTATION_STYLE_ASSIGNMENT,(#388)
261,PRESENTATION_STYLE_ASSIGNMENT,(#389)
262,PRESENTATION_STYLE_ASSIGNMENT,(#390)
263,PRESENTATION_STYLE_ASSIGNMENT,(#391)
264,PRESENTATION_STYLE_ASSIGNMENT,(#392)
265,PRESENTATION_STYLE_ASSIGNMENT,(#393)
266,PRESENTATION_STYLE_ASSIGNMENT,(#394)
267,PRESENTATION_STYLE_ASSIGNMENT,(#395)
268,PRESENTATION_STYLE_ASSIGNMENT,(#396)
269,PRESENTATION_STYLE_ASSIGNMENT,(#397)
270,PRESENTATION_STYLE_ASSIGNMENT,(#398)
271,PRESENTATION_STYLE_ASSIGNMENT,(#399)
272,PRESENTATION_STYLE_ASSIGNMENT,(#400)
273,PRESENTATION_STYLE_ASSIGNMENT,(#401)
274,PRESENTATION_STYLE_ASSIGNMENT,(#402)
275,PRESENTATION_STYLE_ASSIGNMENT,(#403)
276,PRESENTATION_STYLE_ASSIGNMENT,(#404)
277,PRESENTATION_STYLE_ASSIGNMENT,(#405)
278,PRESENTATION_STYLE_ASSIGNMENT,(#406)
279,PRESENTATION_STYLE_ASSIGNMENT,(#407)
280,PRESENTATION_STYLE_ASSIGNMENT,(#408)
281,PRESENTATION_STYLE_ASSIGNMENT,(#409)
282,PRESENTATION_STYLE_ASSIGNMENT,(#410)
283,PRESENTATION_STYLE_ASSIGNMENT,(#411)
284,PRESENTATION_STYLE_ASSIGNMENT,(#412)
285,PRESENTATION_STYLE_ASSIGNMENT,(#413)
286,PRESENTATION_STYLE_ASSIGNMENT,(#414)
287,PRESENTATION_STYLE_ASSIGNMENT,(#415)
288,PRESENTATION_STYLE_ASSIGNMENT,(#416)
289,SURFACE_STYLE_USAGE,".BOTH.,#417"
290,SURFACE_STYLE_USAGE,".BOTH.,#418"
291,SURFACE_STYLE_USAGE,".BOTH.,#419"
292,SURFACE_STYLE_USAGE,".BOTH.,#420"
293,SURFACE_STYLE_USAGE,".BOTH.,#421"
294,SURFACE_STYLE_USAGE,".BOTH.,#422"
295,SURFACE_STYLE_USAGE,".BOTH.,#423"
296,SURFACE_STYLE_USAGE,".BOTH.,#424"
297,SURFACE_STYLE_USAGE,".BOTH.,#425"
298,SURFACE_STYLE_USAGE,".BOTH.,#426"
299,SURFACE_STYLE_USAGE,".BOTH.,#427"
300,SURFACE_STYLE_USAGE,".BOTH.,#428"
301,SURFACE_STYLE_USAGE,".BOTH.,#429"
302,SURFACE_STYLE_USAGE,".BOTH.,#430"
303,SURFACE_STYLE_USAGE,".BOTH.,#431"
304,SURFACE_STYLE_USAGE,".BOTH.,#432"
305,SURFACE_STYLE_USAGE,".BOTH.,#433"
306,SURFACE_STYLE_USAGE,".BOTH.,#434"
307,SURFACE_STYLE_USAGE,".BOTH.,#435"
308,SURFACE_STYLE_USAGE,".BOTH.,#436"
309,SURFACE_STYLE_USAGE,".BOTH.,#437"
310,SURFACE_STYLE_USAGE,".BOTH.,#438"
311,SURFACE_STYLE_USAGE,".BOTH.,#439"
312,SURFACE_STYLE_USAGE,".BOTH.,#440"
313,SURFACE_STYLE_USAGE,".BOTH.,#441"
314,SURFACE_STYLE_USAGE,".BOTH.,#442"
315,SURFACE_STYLE_USAGE,".BOTH.,#443"
316,SURFACE_STYLE_USAGE,".BOTH.,#444"
317,SURFACE_STYLE_USAGE,".BOTH.,#445"
318,SURFACE_STYLE_USAGE,".BOTH.,#446"
319,SURFACE_STYLE_USAGE,".BOTH.,#447"
320,SURFACE_STYLE_USAGE,".BOTH.,#448"
321,SURFACE_STYLE_USAGE,".BOTH.,#449"
322,SURFACE_STYLE_USAGE,".BOTH.,#450"
323,SURFACE_STYLE_USAGE,".BOTH.,#451"
324,SURFACE_STYLE_USAGE,".BOTH.,#452"
325,SURFACE_STYLE_USAGE,".BOTH.,#453"
326,SURFACE_STYLE_USAGE,".BOTH.,#454"
327,SURFACE_STYLE_USAGE,".BOTH.,#455"
328,SURFACE_STYLE_USAGE,".BOTH.,#456"
329,SURFACE_STYLE_USAGE,".BOTH.,#457"
330,SURFACE_STYLE_USAGE,".BOTH.,#458"
331,SURFACE_STYLE_USAGE,".BOTH.,#459"
332,SURFACE_STYLE_USAGE,".BOTH.,#460"
333,SURFACE_STYLE_USAGE,".BOTH.,#461"
334,SURFACE_STYLE_USAGE,".BOTH.,#462"
335,SURFACE_STYLE_USAGE,".BOTH.,#463"
336,SURFACE_STYLE_USAGE,".BOTH.,#464"
337,SURFACE_STYLE_USAGE,".BOTH.,#465"
338,SURFACE_STYLE_USAGE,".BOTH.,#466"
339,SURFACE_STYLE_USAGE,".BOTH.,#467"
340,SURFACE_STYLE_USAGE,".BOTH.,#468"
341,SURFACE_STYLE_USAGE,".BOTH.,#469"
342,SURFACE_STYLE_USAGE,".BOTH.,#470"
343,SURFACE_STYLE_USAGE,".BOTH.,#471"
344,SURFACE_STYLE_USAGE,".BOTH.,#472"
345,SURFACE_STYLE_USAGE,".BOTH.,#473"
346,SURFACE_STYLE_USAGE,".BOTH.,#474"
347,SURFACE_STYLE_USAGE,".BOTH.,#475"
348,SURFACE_STYLE_USAGE,".BOTH.,#476"
349,SURFACE_STYLE_USAGE,".BOTH.,#477"
350,SURFACE_STYLE_USAGE,".BOTH.,#478"
351,SURFACE_STYLE_USAGE,".BOTH.,#479"
352,SURFACE_STYLE_USAGE,".BOTH.,#480"
353,SURFACE_STYLE_USAGE,".BOTH.,#481"
354,SURFACE_STYLE_USAGE,".BOTH.,#482"
355,SURFACE_STYLE_USAGE,".BOTH.,#483"
356,SURFACE_STYLE_USAGE,".BOTH.,#484"
357,SURFACE_STYLE_USAGE,".BOTH.,#485"
358,SURFACE_STYLE_USAGE,".BOTH.,#486"
359,SURFACE_STYLE_USAGE,".BOTH.,#487"
360,SURFACE_STYLE_USAGE,".BOTH.,#488"
361,SURFACE_STYLE_USAGE,".BOTH.,#489"
362,SURFACE_STYLE_USAGE,".BOTH.,#490"
363,SURFACE_STYLE_USAGE,".BOTH.,#491"
364,SURFACE_STYLE_USAGE,".BOTH.,#492"
365,SURFACE_STYLE_USAGE,".BOTH.,#493"
366,SURFACE_STYLE_USAGE,".BOTH.,#494"
367,SURFACE_STYLE_USAGE,".BOTH.,#495"
368,SURFACE_STYLE_USAGE,".BOTH.,#496"
369,SURFACE_STYLE_USAGE,".BOTH.,#497"
370,SURFACE_STYLE_USAGE,".BOTH.,#498"
371,SURFACE_STYLE_USAGE,".BOTH.,#499"
372,SURFACE_STYLE_USAGE,".BOTH.,#500"
373,SURFACE_STYLE_USAGE,".BOTH.,#501"
374,SURFACE_STYLE_USAGE,".BOTH.,#502"
375,SURFACE_STYLE_USAGE,".BOTH.,#503"
376,SURFACE_STYLE_USAGE,".BOTH.,#504"
377,SURFACE_STYLE_USAGE,".BOTH.,#505"
378,SURFACE_STYLE_USAGE,".BOTH.,#506"
379,SURFACE_STYLE_USAGE,".BOTH.,#507"
380,SURFACE_STYLE_USAGE,".BOTH.,#508"
381,SURFACE_STYLE_USAGE,".BOTH.,#509"
382,SURFACE_STYLE_USAGE,".BOTH.,#510"
383,SURFACE_STYLE_USAGE,".BOTH.,#511"
384,SURFACE_STYLE_USAGE,".BOTH.,#512"
385,SURFACE_STYLE_USAGE,".BOTH.,#513"
386,SURFACE_STYLE_USAGE,".BOTH.,#514"
387,SURFACE_STYLE_USAGE,".BOTH.,#515"
388,SURFACE_STYLE_USAGE,".BOTH.,#516"
389,SURFACE_STYLE_USAGE,".BOTH.,#517"
390,SURFACE_STYLE_USAGE,".BOTH.,#518"
391,SURFACE_STYLE_USAGE,".BOTH.,#519"
392,SURFACE_STYLE_USAGE,".BOTH.,#520"
393,SURFACE_STYLE_USAGE,".BOTH.,#521"
394,SURFACE_STYLE_USAGE,".BOTH.,#522"
395,SURFACE_STYLE_USAGE,".BOTH.,#523"
396,SURFACE_STYLE_USAGE,".BOTH.,#524"
397,SURFACE_STYLE_USAGE,".BOTH.,#525"
398,SURFACE_STYLE_USAGE,".BOTH.,#526"
399,SURFACE_STYLE_USAGE,".BOTH.,#527"
400,SURFACE_STYLE_USAGE,".BOTH.,#528"
401,SURFACE_STYLE_USAGE,".BOTH.,#529"
402,SURFACE_STYLE_USAGE,".BOTH.,#530"
403,SURFACE_STYLE_USAGE,".BOTH.,#531"
404,SURFACE_STYLE_USAGE,".BOTH.,#532"
405,SURFACE_STYLE_USAGE,".BOTH.,#533"
406,SURFACE_STYLE_USAGE,".BOTH.,#534"
407,SURFACE_STYLE_USAGE,".BOTH.,#535"
408,SURFACE_STYLE_USAGE,".BOTH.,#536"
409,SURFACE_STYLE_USAGE,".BOTH.,#537"
410,SURFACE_STYLE_USAGE,".BOTH.,#538"
411,SURFACE_STYLE_USAGE,".BOTH.,#539"
412,SURFACE_STYLE_USAGE,".BOTH.,#540"
413,SURFACE_STYLE_USAGE,".BOTH.,#541"
414,SURFACE_STYLE_USAGE,".BOTH.,#542"
415,SURFACE_STYLE_USAGE,".BOTH.,#543"
416,SURFACE_STYLE_USAGE,".BOTH.,#544"
417,SURFACE_SIDE_STYLE,"'',(#545)"
418,SURFACE_SIDE_STYLE,"'',(#546)"
419,SURFACE_SIDE_STYLE,"'',(#547)"
420,SURFACE_SIDE_STYLE,"'',(#548)"
421,SURFACE_SIDE_STYLE,"'',(#549)"
422,SURFACE_SIDE_STYLE,"'',(#550)"
423,SURFACE_SIDE_STYLE,"'',(#551)"
424,SURFACE_SIDE_STYLE,"'',(#552)"
425,SURFACE_SIDE_STYLE,"'',(#553)"
426,SURFACE_SIDE_STYLE,"'',(#554)"
427,SURFACE_SIDE_STYLE,"'',(#555)"
428,SURFACE_SIDE_STYLE,"'',(#556)"
429,SURFACE_SIDE_STYLE,"'',(#557)"
430,SURFACE_SIDE_STYLE,"'',(#558)"
431,SURFACE_SIDE_STYLE,"'',(#559)"
432,SURFACE_SIDE_STYLE,"'',(#560)"
433,SURFACE_SIDE_STYLE,"'',(#561)"
434,SURFACE_SIDE_STYLE,"'',(#562)"
435,SURFACE_SIDE_STYLE,"'',(#563)"
436,SURFACE_SIDE_STYLE,"'',(#564)"
437,SURFACE_SIDE_STYLE,"'',(#565)"
438,SURFACE_SIDE_STYLE,"'',(#566)"
439,SURFACE_SIDE_STYLE,"'',(#567)"
440,SURFACE_SIDE_STYLE,"'',(#568)"
441,SURFACE_SIDE_STYLE,"'',(#569)"
442,SURFACE_SIDE_STYLE,"'',(#570)"
443,SURFACE_SIDE_STYLE,"'',(#571)"
444,SURFACE_SIDE_STYLE,"'',(#572)"
445,SURFACE_SIDE_STYLE,"'',(#573)"
446,SURFACE_SIDE_STYLE,"'',(#574)"
447,SURFACE_SIDE_STYLE,"'',(#575)"
448,SURFACE_SIDE_STYLE,"'',(#576)"
449,SURFACE_SIDE_STYLE,"'',(#577)"
450,SURFACE_SIDE_STYLE,"'',(#578)"
451,SURFACE_SIDE_STYLE,"'',(#579)"
452,SURFACE_SIDE_STYLE,"'',(#580)"
453,SURFACE_SIDE_STYLE,"'',(#581)"
454,SURFACE_SIDE_STYLE,"'',(#582)"
455,SURFACE_SIDE_STYLE,"'',(#583)"
456,SURFACE_SIDE_STYLE,"'',(#584)"
457,SURFACE_SIDE_STYLE,"'',(#585)"
458,SURFACE_SIDE_STYLE,"'',(#586)"
459,SURFACE_SIDE_STYLE,"'',(#587)"
460,SURFACE_SIDE_STYLE,"'',(#588)"
461,SURFACE_SIDE_STYLE,"'',(#589)"
462,SURFACE_SIDE_STYLE,"'',(#590)"
463,SURFACE_SIDE_STYLE,"'',(#591)"
464,SURFACE_SIDE_STYLE,"'',(#592)"
465,SURFACE_SIDE_STYLE,"'',(#593)"
466,SURFACE_SIDE_STYLE,"'',(#594)"
467,SURFACE_SIDE_STYLE,"'',(#595)"
468,SURFACE_SIDE_STYLE,"'',(#596)"
469,SURFACE_SIDE_STYLE,"'',(#597)"
470,SURFACE_SIDE_STYLE,"'',(#598)"
471,SURFACE_SIDE_STYLE,"'',(#599)"
472,SURFACE_SIDE_STYLE,"'',(#600)"
473,SURFACE_SIDE_STYLE,"'',(#601)"
474,SURFACE_SIDE_STYLE,"'',(#602)"
475,SURFACE_SIDE_STYLE,"'',(#603)"
476,SURFACE_SIDE_STYLE,"'',(#604)"
477,SURFACE_SIDE_STYLE,"'',(#605)"
478,SURFACE_SIDE_STYLE,"'',(#606)"
479,SURFACE_SIDE_STYLE,"'',(#607)"
480,SURFACE_SIDE_STYLE,"'',(#608)"
481,SURFACE_SIDE_STYLE,"'',(#609)"
482,SURFACE_SIDE_STYLE,"'',(#610)"
483,SURFACE_SIDE_STYLE,"'',(#611)"
484,SURFACE_SIDE_STYLE,"'',(#612)"
485,SURFACE_SIDE_STYLE,"'',(#613)"
486,SURFACE_SIDE_STYLE,"'',(#614)"
487,SURFACE_SIDE_STYLE,"'',(#615)"
488,SURFACE_SIDE_STYLE,"'',(#616)"
489,SURFACE_SIDE_STYLE,"'',(#617)"
490,SURFACE_SIDE_STYLE,"'',(#618)"
491,SURFACE_SIDE_STYLE,"'',(#619)"
492,SURFACE_SIDE_STYLE,"'',(#620)"
493,SURFACE_SIDE_STYLE,"'',(#621)"
494,SURFACE_SIDE_STYLE,"'',(#622)"
495,SURFACE_SIDE_STYLE,"'',(#623)"
496,SURFACE_SIDE_STYLE,"'',(#624)"
497,SURFACE_SIDE_STYLE,"'',(#625)"
498,SURFACE_SIDE_STYLE,"'',(#626)"
499,SURFACE_SIDE_STYLE,"'',(#627)"
500,SURFACE_SIDE_STYLE,"'',(#628)"
501,SURFACE_SIDE_STYLE,"'',(#629)"
502,SURFACE_SIDE_STYLE,"'',(#630)"
503,SURFACE_SIDE_STYLE,"'',(#631)"
504,SURFACE_SIDE_STYLE,"'',(#632)"
505,SURFACE_SIDE_STYLE,"'',(#633)"
506,SURFACE_SIDE_STYLE,"'',(#634)"
507,SURFACE_SIDE_STYLE,"'',(#635)"
508,SURFACE_SIDE_STYLE,"'',(#636)"
509,SURFACE_SIDE_STYLE,"'',(#637)"
510,SURFACE_SIDE_STYLE,"'',(#638)"
511,SURFACE_SIDE_STYLE,"'',(#639)"
512,SURFACE_SIDE_STYLE,"'',(#640)"
513,SURFACE_SIDE_STYLE,"'',(#641)"
514,SURFACE_SIDE_STYLE,"'',(#642)"
515,SURFACE_SIDE_STYLE,"'',(#643)"
516,SURFACE_SIDE_STYLE,"'',(#644)"
517,SURFACE_SIDE_STYLE,"'',(#645)"
518,SURFACE_SIDE_STYLE,"'',(#646)"
519,SURFACE_SIDE_STYLE,"'',(#647)"
520,SURFACE_SIDE_STYLE,"'',(#648)"
521,SURFACE_SIDE_STYLE,"'',(#649)"
522,SURFACE_SIDE_STYLE,"'',(#650)"
523,SURFACE_SIDE_STYLE,"'',(#651)"
524,SURFACE_SIDE_STYLE,"'',(#652)"
525,SURFACE_SIDE_STYLE,"'',(#653)"
526,SURFACE_SIDE_STYLE,"'',(#654)"
527,SURFACE_SIDE_STYLE,"'',(#655)"
528,SURFACE_SIDE_STYLE,"'',(#656)"
529,SURFACE_SIDE_STYLE,"'',(#657)"
530,SURFACE_SIDE_STYLE,"'',(#658)"
531,SURFACE_SIDE_STYLE,"'',(#659)"
532,SURFACE_SIDE_STYLE,"'',(#660)"
533,SURFACE_SIDE_STYLE,"'',(#661)"
534,SURFACE_SIDE_STYLE,"'',(#662)"
535,SURFACE_SIDE_STYLE,"'',(#663)"
536,SURFACE_SIDE_STYLE,"'',(#664)"
537,SURFACE_SIDE_STYLE,"'',(#665)"
538,SURFACE_SIDE_STYLE,"'',(#666)"
539,SURFACE_SIDE_STYLE,"'',(#667)"
540,SURFACE_SIDE_STYLE,"'',(#668)"
541,SURFACE_SIDE_STYLE,"'',(#669)"
542,SURFACE_SIDE_STYLE,"'',(#670)"
543,SURFACE_SIDE_STYLE,"'',(#671)"
544,SURFACE_SIDE_STYLE,"'',(#672)"
545,SURFACE_STYLE_FILL_AREA,#673
546,SURFACE_STYLE_FILL_AREA,#674
547,SURFACE_STYLE_FILL_AREA,#675
548,SURFACE_STYLE_FILL_AREA,#676
549,SURFACE_STYLE_FILL_AREA,#677
550,SURFACE_STYLE_FILL_AREA,#678
551,SURFACE_STYLE_FILL_AREA,#679
552,SURFACE_STYLE_FILL_AREA,#680
553,SURFACE_STYLE_FILL_AREA,#681
554,SURFACE_STYLE_FILL_AREA,#682
555,SURFACE_STYLE_FILL_AREA,#683
556,SURFACE_STYLE_FILL_AREA,#684
557,SURFACE_STYLE_FILL_AREA,#685
558,SURFACE_STYLE_FILL_AREA,#686
559,SURFACE_STYLE_FILL_AREA,#687
560,SURFACE_STYLE_FILL_AREA,#688
561,SURFACE_STYLE_FILL_AREA,#689
562,SURFACE_STYLE_FILL_AREA,#690
563,SURFACE_STYLE_FILL_AREA,#691
564,SURFACE_STYLE_FILL_AREA,#692
565,SURFACE_STYLE_FILL_AREA,#693
566,SURFACE_STYLE_FILL_AREA,#694
567,SURFACE_STYLE_FILL_AREA,#695
568,SURFACE_STYLE_FILL_AREA,#696
569,SURFACE_STYLE_FILL_AREA,#697
570,SURFACE_STYLE_FILL_AREA,#698
571,SURFACE_STYLE_FILL_AREA,#699
572,SURFACE_STYLE_FILL_AREA,#700
573,SURFACE_STYLE_FILL_AREA,#701
574,SURFACE_STYLE_FILL_AREA,#702
575,SURFACE_STYLE_FILL_AREA,#703
576,SURFACE_STYLE_FILL_AREA,#704
577,SURFACE_STYLE_FILL_AREA,#705
578,SURFACE_STYLE_FILL_AREA,#706
579,SURFACE_STYLE_FILL_AREA,#707
580,SURFACE_STYLE_FILL_AREA,#708
581,SURFACE_STYLE_FILL_AREA,#709
582,SURFACE_STYLE_FILL_AREA,#710
583,SURFACE_STYLE_FILL_AREA,#711
584,SURFACE_STYLE_FILL_AREA,#712
585,SURFACE_STYLE_FILL_AREA,#713
586,SURFACE_STYLE_FILL_AREA,#714
587,SURFACE_STYLE_FILL_AREA,#715
588,SURFACE_STYLE_FILL_AREA,#716
589,SURFACE_STYLE_FILL_AREA,#717
590,SURFACE_STYLE_FILL_AREA,#718
591,SURFACE_STYLE_FILL_AREA,#719
592,SURFACE_STYLE_FILL_AREA,#720
593,SURFACE_STYLE_FILL_AREA,#721
594,SURFACE_STYLE_FILL_AREA,#722
595,SURFACE_STYLE_FILL_AREA,#723
596,SURFACE_STYLE_FILL_AREA,#724
597,SURFACE_STYLE_FILL_AREA,#725
598,SURFACE_STYLE_FILL_AREA,#726
599,SURFACE_STYLE_FILL_AREA,#727
600,SURFACE_STYLE_FILL_AREA,#728
601,SURFACE_STYLE_FILL_AREA,#729
602,SURFACE_STYLE_FILL_AREA,#730
603,SURFACE_STYLE_FILL_AREA,#731
604,SURFACE_STYLE_FILL_AREA,#732
605,SURFACE_STYLE_FILL_AREA,#733
606,SURFACE_STYLE_FILL_AREA,#734
607,SURFACE_STYLE_FILL_AREA,#735
608,SURFACE_STYLE_FILL_AREA,#736
609,SURFACE_STYLE_FILL_AREA,#737
610,SURFACE_STYLE_FILL_AREA,#738
611,SURFACE_STYLE_FILL_AREA,#739
612,SURFACE_STYLE_FILL_AREA,#740
613,SURFACE_STYLE_FILL_AREA,#741
614,SURFACE_STYLE_FILL_AREA,#742
615,SURFACE_STYLE_FILL_AREA,#743
616,SURFACE_STYLE_FILL_AREA,#744
617,SURFACE_STYLE_FILL_AREA,#745
618,SURFACE_STYLE_FILL_AREA,#746
619,SURFACE_STYLE_FILL_AREA,#747
620,SURFACE_STYLE_FILL_AREA,#748
621,SURFACE_STYLE_FILL_AREA,#749
622,SURFACE_STYLE_FILL_AREA,#750
623,SURFACE_STYLE_FILL_AREA,#751
624,SURFACE_STYLE_FILL_AREA,#752
625,SURFACE_STYLE_FILL_AREA,#753
626,SURFACE_STYLE_FILL_AREA,#754
627,SURFACE_STYLE_FILL_AREA,#755
628,SURFACE_STYLE_FILL_AREA,#756
629,SURFACE_STYLE_FILL_AREA,#757
630,SURFACE_STYLE_FILL_AREA,#758
631,SURFACE_STYLE_FILL_AREA,#759
632,SURFACE_STYLE_FILL_AREA,#760
633,SURFACE_STYLE_FILL_AREA,#761
634,SURFACE_STYLE_FILL_AREA,#762
635,SURFACE_STYLE_FILL_AREA,#763
636,SURFACE_STYLE_FILL_AREA,#764
637,SURFACE_STYLE_FILL_AREA,#765
638,SURFACE_STYLE_FILL_AREA,#766
639,SURFACE_STYLE_FILL_AREA,#767
640,SURFACE_STYLE_FILL_AREA,#768
641,SURFACE_STYLE_FILL_AREA,#769
642,SURFACE_STYLE_FILL_AREA,#770
643,SURFACE_STYLE_FILL_AREA,#771
644,SURFACE_STYLE_FILL_AREA,#772
645,SURFACE_STYLE_FILL_AREA,#773
646,SURFACE_STYLE_FILL_AREA,#774
647,SURFACE_STYLE_FILL_AREA,#775
648,SURFACE_STYLE_FILL_AREA,#776
649,SURFACE_STYLE_FILL_AREA,#777
650,SURFACE_STYLE_FILL_AREA,#778
651,SURFACE_STYLE_FILL_AREA,#779
652,SURFACE_STYLE_FILL_AREA,#780
653,SURFACE_STYLE_FILL_AREA,#781
654,SURFACE_STYLE_FILL_AREA,#782
655,SURFACE_STYLE_FILL_AREA,#783
656,SURFACE_STYLE_FILL_AREA,#784
657,SURFACE_STYLE_FILL_AREA,#785
658,SURFACE_STYLE_FILL_AREA,#786
659,SURFACE_STYLE_FILL_AREA,#787
660,SURFACE_STYLE_FILL_AREA,#788
661,SURFACE_STYLE_FILL_AREA,#789
662,SURFACE_STYLE_FILL_AREA,#790
663,SURFACE_STYLE_FILL_AREA,#791
664,SURFACE_STYLE_FILL_AREA,#792
665,SURFACE_STYLE_FILL_AREA,#793
666,SURFACE_STYLE_FILL_AREA,#794
667,SURFACE_STYLE_FILL_AREA,#795
668,SURFACE_STYLE_FILL_AREA,#796
669,SURFACE_STYLE_FILL_AREA,#797
670,SURFACE_STYLE_FILL_AREA,#798
671,SURFACE_STYLE_FILL_AREA,#799
672,SURFACE_STYLE_FILL_AREA,#800
673,FILL_AREA_STYLE,"'',(#801)"
674,FILL_AREA_STYLE,"'',(#802)"
675,FILL_AREA_STYLE,"'',(#803)"
676,FILL_AREA_STYLE,"'',(#804)"
677,FILL_AREA_STYLE,"'',(#805)"
678,FILL_AREA_STYLE,"'',(#806)"
679,FILL_AREA_STYLE,"'',(#807)"
680,FILL_AREA_STYLE,"'',(#808)"
681,FILL_AREA_STYLE,"'',(#809)"
682,FILL_AREA_STYLE,"'',(#810)"
683,FILL_AREA_STYLE,"'',(#811)"
684,FILL_AREA_STYLE,"'',(#812)"
685,FILL_AREA_STYLE,"'',(#813)"
686,FILL_AREA_STYLE,"'',(#814)"
687,FILL_AREA_STYLE,"'',(#815)"
688,FILL_AREA_STYLE,"'',(#816)"
689,FILL_AREA_STYLE,"'',(#817)"
690,FILL_AREA_STYLE,"'',(#818)"
691,FILL_AREA_STYLE,"'',(#819)"
692,FILL_AREA_STYLE,"'',(#820)"
693,FILL_AREA_STYLE,"'',(#821)"
694,FILL_AREA_STYLE,"'',(#822)"
695,FILL_AREA_STYLE,"'',(#823)"
696,FILL_AREA_STYLE,"'',(#824)"
697,FILL_AREA_STYLE,"'',(#825)"
698,FILL_AREA_STYLE,"'',(#826)"
699,FILL_AREA_STYLE,"'',(#827)"
700,FILL_AREA_STYLE,"'',(#828)"
701,FILL_AREA_STYLE,"'',(#829)"
702,FILL_AREA_STYLE,"'',(#830)"
703,FILL_AREA_STYLE,"'',(#831)"
704,FILL_AREA_STYLE,"'',(#832)"
705,FILL_AREA_STYLE,"'',(#833)"
706,FILL_AREA_STYLE,"'',(#834)"
707,FILL_AREA_STYLE,"'',(#835)"
708,FILL_AREA_STYLE,"'',(#836)"
709,FILL_AREA_STYLE,"'',(#837)"
710,FILL_AREA_STYLE,"'',(#838)"
711,FILL_AREA_STYLE,"'',(#839)"
712,FILL_AREA_STYLE,"'',(#840)"
713,FILL_AREA_STYLE,"'',(#841)"
714,FILL_AREA_STYLE,"'',(#842)"
715,FILL_AREA_STYLE,"'',(#843)"
716,FILL_AREA_STYLE,"'',(#844)"
717,FILL_AREA_STYLE,"'',(#845)"
718,FILL_AREA_STYLE,"'',(#846)"
719,FILL_AREA_STYLE,"'',(#847)"
720,FILL_AREA_STYLE,"'',(#848)"
721,FILL_AREA_STYLE,"'',(#849)"
722,FILL_AREA_STYLE,"'',(#850)"
723,FILL_AREA_STYLE,"'',(#851)"
724,FILL_AREA_STYLE,"'',(#852)"
725,FILL_AREA_STYLE,"'',(#853)"
726,FILL_AREA_STYLE,"'',(#854)"
727,FILL_AREA_STYLE,"'',(#855)"
728,FILL_AREA_STYLE,"'',(#856)"
729,FILL_AREA_STYLE,"'',(#857)"
730,FILL_AREA_STYLE,"'',(#858)"
731,FILL_AREA_STYLE,"'',(#859)"
732,FILL_AREA_STYLE,"'',(#860)"
733,FILL_AREA_STYLE,"'',(#861)"
734,FILL_AREA_STYLE,"'',(#862)"
735,FILL_AREA_STYLE,"'',(#863)"
736,FILL_AREA_STYLE,"'',(#864)"
737,FILL_AREA_STYLE,"'',(#865)"
738,FILL_AREA_STYLE,"'',(#866)"
739,FILL_AREA_STYLE,"'',(#867)"
740,FILL_AREA_STYLE,"'',(#868)"
741,FILL_AREA_STYLE,"'',(#869)"
742,FILL_AREA_STYLE,"'',(#870)"
743,FILL_AREA_STYLE,"'',(#871)"
744,FILL_AREA_STYLE,"'',(#872)"
745,FILL_AREA_STYLE,"'',(#873)"
746,FILL_AREA_STYLE,"'',(#874)"
747,FILL_AREA_STYLE,"'',(#875)"
748,FILL_AREA_STYLE,"'',(#876)"
749,FILL_AREA_STYLE,"'',(#877)"
750,FILL_AREA_STYLE,"'',(#878)"
751,FILL_AREA_STYLE,"'',(#879)"
752,FILL_AREA_STYLE,"'',(#880)"
753,FILL_AREA_STYLE,"'',(#881)"
754,FILL_AREA_STYLE,"'',(#882)"
755,FILL_AREA_STYLE,"'',(#883)"
756,FILL_AREA_STYLE,"'',(#884)"
757,FILL_AREA_STYLE,"'',(#885)"
758,FILL_AREA_STYLE,"'',(#886)"
759,FILL_AREA_STYLE,"'',(#887)"
760,FILL_AREA_STYLE,"'',(#888)"
761,FILL_AREA_STYLE,"'',(#889)"
762,FILL_AREA_STYLE,"'',(#890)"
763,FILL_AREA_STYLE,"'',(#891)"
764,FILL_AREA_STYLE,"'',(#892)"
765,FILL_AREA_STYLE,"'',(#893)"
766,FILL_AREA_STYLE,"'',(#894)"
767,FILL_AREA_STYLE,"'',(#895)"
768,FILL_AREA_STYLE,"'',(#896)"
769,FILL_AREA_STYLE,"'',(#897)"
770,FILL_AREA_STYLE,"'',(#898)"
771,FILL_AREA_STYLE,"'',(#899)"
772,FILL_AREA_STYLE,"'',(#900)"
773,FILL_AREA_STYLE,"'',(#901)"
774,FILL_AREA_STYLE,"'',(#902)"
775,FILL_AREA_STYLE,"'',(#903)"
776,FILL_AREA_STYLE,"'',(#904)"
777,FILL_AREA_STYLE,"'',(#905)"
778,FILL_AREA_STYLE,"'',(#906)"
779,FILL_AREA_STYLE,"'',(#907)"
780,FILL_AREA_STYLE,"'',(#908)"
781,FILL_AREA_STYLE,"'',(#909)"
782,FILL_AREA_STYLE,"'',(#910)"
783,FILL_AREA_STYLE,"'',(#911)"
784,FILL_AREA_STYLE,"'',(#912)"
785,FILL_AREA_STYLE,"'',(#913)"
786,FILL_AREA_STYLE,"'',(#914)"
787,FILL_AREA_STYLE,"'',(#915)"
788,FILL_AREA_STYLE,"'',(#916)"
789,FILL_AREA_STYLE,"'',(#917)"
790,FILL_AREA_STYLE,"'',(#918)"
791,FILL_AREA_STYLE,"'',(#919)"
792,FILL_AREA_STYLE,"'',(#920)"
793,FILL_AREA_STYLE,"'',(#921)"
794,FILL_AREA_STYLE,"'',(#922)"
795,FILL_AREA_STYLE,"'',(#923)"
796,FILL_AREA_STYLE,"'',(#924)"
797,FILL_AREA_STYLE,"'',(#925)"
798,FILL_AREA_STYLE,"'',(#926)"
799,FILL_AREA_STYLE,"'',(#927)"
800,FILL_AREA_STYLE,"'',(#928)"
801,FILL_AREA_STYLE_COLOUR,"'',#929"
802,FILL_AREA_STYLE_COLOUR,"'',#930"
803,FILL_AREA_STYLE_COLOUR,"'',#31"
804,FILL_AREA_STYLE_COLOUR,"'',#31"
805,FILL_AREA_STYLE_COLOUR,"'',#31"
806,FILL_AREA_STYLE_COLOUR,"'',#31"
807,FILL_AREA_STYLE_COLOUR,"'',#31"
808,FILL_AREA_STYLE_COLOUR,"'',#31"
809,FILL_AREA_STYLE_COLOUR,"'',#31"
810,FILL_AREA_STYLE_COLOUR,"'',#31"
811,FILL_AREA_STYLE_COLOUR,"'',#31"
812,FILL_AREA_STYLE_COLOUR,"'',#31"
813,FILL_AREA_STYLE_COLOUR,"'',#31"
814,FILL_AREA_STYLE_COLOUR,"'',#930"
815,FILL_AREA_STYLE_COLOUR,"'',#930"
816,FILL_AREA_STYLE_COLOUR,"'',#31"
817,FILL_AREA_STYLE_COLOUR,"'',#31"
818,FILL_AREA_STYLE_COLOUR,"'',#31"
819,FILL_AREA_STYLE_COLOUR,"'',#31"
820,FILL_AREA_STYLE_COLOUR,"'',#31"
821,FILL_AREA_STYLE_COLOUR,"'',#31"
822,FILL_AREA_STYLE_COLOUR,"'',#31"
823,FILL_AREA_STYLE_COLOUR,"'',#31"
824,FILL_AREA_STYLE_COLOUR,"'',#31"
825,FILL_AREA_STYLE_COLOUR,"'',#31"
826,FILL_AREA_STYLE_COLOUR,"'',#930"
827,FILL_AREA_STYLE_COLOUR,"'',#930"
828,FILL_AREA_STYLE_COLOUR,"'',#930"
829,FILL_AREA_STYLE_COLOUR,"'',#31"
830,FILL_AREA_STYLE_COLOUR,"'',#31"
831,FILL_AREA_STYLE_COLOUR,"'',#31"
832,FILL_AREA_STYLE_COLOUR,"'',#31"
833,FILL_AREA_STYLE_COLOUR,"'',#31"
834,FILL_AREA_STYLE_COLOUR,"'',#31"
835,FILL_AREA_STYLE_COLOUR,"'',#31"
836,FILL_AREA_STYLE_COLOUR,"'',#31"
837,FILL_AREA_STYLE_COLOUR,"'',#31"
838,FILL_AREA_STYLE_COLOUR,"'',#31"
839,FILL_AREA_STYLE_COLOUR,"'',#31"
840,FILL_AREA_STYLE_COLOUR,"'',#31"
841,FILL_AREA_STYLE_COLOUR,"'',#31"
842,FILL_AREA_STYLE_COLOUR,"'',#31"
843,FILL_AREA_STYLE_COLOUR,"'',#31"
844,FILL_AREA_STYLE_COLOUR,"'',#31"
845,FILL_AREA_STYLE_COLOUR,"'',#31"
846,FILL_AREA_STYLE_COLOUR,"'',#31"
847,FILL_AREA_STYLE_COLOUR,"'',#31"
848,FILL_AREA_STYLE_COLOUR,"'',#31"
849,FILL_AREA_STYLE_COLOUR,"'',#31"
850,FILL_AREA_STYLE_COLOUR,"'',#31"
851,FILL_AREA_STYLE_COLOUR,"'',#31"
852,FILL_AREA_STYLE_COLOUR,"'',#31"
853,FILL_AREA_STYLE_COLOUR,"'',#930"
854,FILL_AREA_STYLE_COLOUR,"'',#930"
855,FILL_AREA_STYLE_COLOUR,"'',#930"
856,FILL_AREA_STYLE_COLOUR,"'',#930"
857,FILL_AREA_STYLE_COLOUR,"'',#930"
858,FILL_AREA_STYLE_COLOUR,"'',#930"
859,FILL_AREA_STYLE_COLOUR,"'',#930"
860,FILL_AREA_STYLE_COLOUR,"'',#930"
861,FILL_AREA_STYLE_COLOUR,"'',#930"
862,FILL_AREA_STYLE_COLOUR,"'',#930"
863,FILL_AREA_STYLE_COLOUR,"'',#930"
864,FILL_AREA_STYLE_COLOUR,"'',#930"
865,FILL_AREA_STYLE_COLOUR,"'',#930"
866,FILL_AREA_STYLE_COLOUR,"'',#930"
867,FILL_AREA_STYLE_COLOUR,"'',#930"
868,FILL_AREA_STYLE_COLOUR,"'',#930"
869,FILL_AREA_STYLE_COLOUR,"'',#930"
870,FILL_AREA_STYLE_COLOUR,"'',#930"
871,FILL_AREA_STYLE_COLOUR,"'',#930"
872,FILL_AREA_STYLE_COLOUR,"'',#930"
873,FILL_AREA_STYLE_COLOUR,"'',#930"
874,FILL_AREA_STYLE_COLOUR,"'',#930"
875,FILL_AREA_STYLE_COLOUR,"'',#930"
876,FILL_AREA_STYLE_COLOUR,"'',#930"
877,FILL_AREA_STYLE_COLOUR,"'',#31"
878,FILL_AREA_STYLE_COLOUR,"'',#31"
879,FILL_AREA_STYLE_COLOUR,"'',#31"
880,FILL_AREA_STYLE_COLOUR,"'',#31"
881,FILL_AREA_STYLE_COLOUR,"'',#31"
882,FILL_AREA_STYLE_COLOUR,"'',#31"
883,FILL_AREA_STYLE_COLOUR,"'',#31"
884,FILL_AREA_STYLE_COLOUR,"'',#31"
885,FILL_AREA_STYLE_COLOUR,"'',#31"
886,FILL_AREA_STYLE_COLOUR,"'',#31"
887,FILL_AREA_STYLE_COLOUR,"'',#930"
888,FILL_AREA_STYLE_COLOUR,"'',#930"
889,FILL_AREA_STYLE_COLOUR,"'',#930"
890,FILL_AREA_STYLE_COLOUR,"'',#930"
891,FILL_AREA_STYLE_COLOUR,"'',#930"
892,FILL_AREA_STYLE_COLOUR,"'',#930"
893,FILL_AREA_STYLE_COLOUR,"'',#930"
894,FILL_AREA_STYLE_COLOUR,"'',#930"
895,FILL_AREA_STYLE_COLOUR,"'',#930"
896,FILL_AREA_STYLE_COLOUR,"'',#930"
897,FILL_AREA_STYLE_COLOUR,"'',#930"
898,FILL_AREA_STYLE_COLOUR,"'',#930"
899,FILL_AREA_STYLE_COLOUR,"'',#31"
900,FILL_AREA_STYLE_COLOUR,"'',#930"
901,FILL_AREA_STYLE_COLOUR,"'',#930"
902,FILL_AREA_STYLE_COLOUR,"'',#930"
903,FILL_AREA_STYLE_COLOUR,"'',#930"
904,FILL_AREA_STYLE_COLOUR,"'',#930"
905,FILL_AREA_STYLE_COLOUR,"'',#930"
906,FILL_AREA_STYLE_COLOUR,"'',#930"
907,FILL_AREA_STYLE_COLOUR,"'',#930"
908,FILL_AREA_STYLE_COLOUR,"'',#930"
909,FILL_AREA_STYLE_COLOUR,"'',#930"
910,FILL_AREA_STYLE_COLOUR,"'',#930"
911,FILL_AREA_STYLE_COLOUR,"'',#930"
912,FILL_AREA_STYLE_COLOUR,"'',#930"
913,FILL_AREA_STYLE_COLOUR,"'',#930"
914,FILL_AREA_STYLE_COLOUR,"'',#930"
915,FILL_AREA_STYLE_COLOUR,"'',#930"
916,FILL_AREA_STYLE_COLOUR,"'',#930"
917,FILL_AREA_STYLE_COLOUR,"'',#930"
918,FILL_AREA_STYLE_COLOUR,"'',#930"
919,FILL_AREA_STYLE_COLOUR,"'',#930"
920,FILL_AREA_STYLE_COLOUR,"'',#930"
921,FILL_AREA_STYLE_COLOUR,"'',#930"
922,FILL_AREA_STYLE_COLOUR,"'',#930"
923,FILL_AREA_STYLE_COLOUR,"'',#930"
924,FILL_AREA_STYLE_COLOUR,"'',#930"
925,FILL_AREA_STYLE_COLOUR,"'',#930"
926,FILL_AREA_STYLE_COLOUR,"'',#930"
927,FILL_AREA_STYLE_COLOUR,"'',#930"
928,FILL_AREA_STYLE_COLOUR,"'',#930"
929,COLOUR_RGB,"'Light Gray',0.8,0.8,0.8"
930,COLOUR_RGB,"'Brown',0.6,0.4,0.2"
931,MANIFOLD_SOLID_BREP,"'BB',#932"
933,SURFACE_OF_LINEAR_EXTRUSION,"'',#1676,#4511"
934,SURFACE_OF_LINEAR_EXTRUSION,"'',#1684,#4514"
935,SURFACE_OF_LINEAR_EXTRUSION,"'',#1687,#4515"
936,SURFACE_OF_LINEAR_EXTRUSION,"'',#1691,#4517"
937,SURFACE_OF_LINEAR_EXTRUSION,"'',#1693,#4518"
938,SURFACE_OF_LINEAR_EXTRUSION,"'',#1703,#4523"
939,SURFACE_OF_LINEAR_EXTRUSION,"'',#1711,#4526"
940,SURFACE_OF_LINEAR_EXTRUSION,"'',#1714,#4527"
941,SURFACE_OF_LINEAR_EXTRUSION,"'',#1718,#4529"
942,SURFACE_OF_LINEAR_EXTRUSION,"'',#1720,#4530"
943,SURFACE_OF_LINEAR_EXTRUSION,"'',#1756,#4620"
944,SURFACE_OF_LINEAR_EXTRUSION,"'',#1758,#4621"
945,SURFACE_OF_LINEAR_EXTRUSION,"'',#1786,#4667"
946,SURFACE_OF_LINEAR_EXTRUSION,"'',#1788,#4668"
947,SURFACE_OF_LINEAR_EXTRUSION,"'',#1816,#4714"
948,SURFACE_OF_LINEAR_EXTRUSION,"'',#1818,#4715"
949,SURFACE_OF_LINEAR_EXTRUSION,"'',#1846,#4761"
950,SURFACE_OF_LINEAR_EXTRUSION,"'',#1848,#4762"
951,SURFACE_OF_LINEAR_EXTRUSION,"'',#1876,#4820"
952,SURFACE_OF_LINEAR_EXTRUSION,"'',#1878,#4821"
953,SURFACE_OF_LINEAR_EXTRUSION,"'',#1906,#4867"
954,SURFACE_OF_LINEAR_EXTRUSION,"'',#1908,#4868"
955,CONICAL_SURFACE,"'',#20292,6.,60.0000832660207"
956,CONICAL_SURFACE,"'',#20295,6.,60.0000832660207"
957,CONICAL_SURFACE,"'',#20298,6.,60.0000832660207"
958,CONICAL_SURFACE,"'',#20301,6.,60.0000832660207"
959,CONICAL_SURFACE,"'',#20336,0.,59.0000838820434"
960,CONICAL_SURFACE,"'',#20341,7.975,60.000083266021"
961,CONICAL_SURFACE,"'',#20344,7.925,60.000083266021"
962,CONICAL_SURFACE,"'',#20349,0.,59.0000838820434"
963,CONICAL_SURFACE,"'',#20354,7.975,60.000083266021"
964,CONICAL_SURFACE,"'',#20357,7.925,60.000083266021"
965,CONICAL_SURFACE,"'',#20362,0.,59.0000838820434"
966,CONICAL_SURFACE,"'',#20367,7.975,60.000083266021"
967,CONICAL_SURFACE,"'',#20370,7.925,60.000083266021"
968,CONICAL_SURFACE,"'',#20375,0.,59.0000838820434"
969,CONICAL_SURFACE,"'',#20380,7.975,60.000083266021"
970,CONICAL_SURFACE,"'',#20383,7.925,60.000083266021"
971,CONICAL_SURFACE,"'',#20388,0.,59.0000838820434"
972,CONICAL_SURFACE,"'',#20393,11.975,60.0000832660206"
973,CONICAL_SURFACE,"'',#20396,11.925,60.0000832660206"
974,CONICAL_SURFACE,"'',#20552,0.,59.0000838820434"
975,CONICAL_SURFACE,"'',#20557,7.92500000000001,60.000083266021"
976,CONICAL_SURFACE,"'',#20560,7.97500000000001,60.000083266021"
977,CONICAL_SURFACE,"'',#20565,0.,59.0000838820434"
978,CONICAL_SURFACE,"'',#20570,7.92500000000001,60.000083266021"
979,CONICAL_SURFACE,"'',#20573,7.97500000000001,60.000083266021"
980,CONICAL_SURFACE,"'',#21157,15.,45.0000624495155"
981,CONICAL_SURFACE,"'',#21158,10.1,45.0000624495155"
982,CONICAL_SURFACE,"'',#21159,10.1,45.0000624495155"
983,CONICAL_SURFACE,"'',#21160,15.,45.0000624495155"
984,CONICAL_SURFACE,"'',#21161,15.,45.0000624495155"
985,CONICAL_SURFACE,"'',#21162,10.1,45.0000624495155"
986,CONICAL_SURFACE,"'',#21163,10.1,45.0000624495155"
987,CONICAL_SURFACE,"'',#21164,15.,45.0000624495155"
988,CONICAL_SURFACE,"'',#21240,21.,45.0000624495154"
989,CONICAL_SURFACE,"'',#21241,21.,45.0000624495154"
990,CONICAL_SURFACE,"'',#21242,21.,45.0000624495154"
991,CONICAL_SURFACE,"'',#21243,21.,45.0000624495154"
992,CONICAL_SURFACE,"'',#21507,2.75,45."
993,CONICAL_SURFACE,"'',#21508,2.75,45."
994,CONICAL_SURFACE,"'',#21509,11.5,45."
995,CONICAL_SURFACE,"'',#21510,11.5,44.9999999999996"
996,CONICAL_SURFACE,"'',#21511,6.75,45."
997,CONICAL_SURFACE,"'',#21512,6.5,44.9999999999996"
998,CONICAL_SURFACE,"'',#21513,6.5,45."
999,CONICAL_SURFACE,"'',#21514,2.75,45."
1000,CONICAL_SURFACE,"'',#21515,2.75,45."
1001,CONICAL_SURFACE,"'',#21516,6.75,44.9999999999996"
1002,CONICAL_SURFACE,"'',#21517,2.75,45."
1003,CONICAL_SURFACE,"'',#21518,2.75,45."
1004,CONICAL_SURFACE,"'',#21519,2.75,45."
1005,CONICAL_SURFACE,"'',#21520,2.75,45."
1006,CONICAL_SURFACE,"'',#21521,2.75,45."
1007,CONICAL_SURFACE,"'',#21522,2.75,45."
1008,CONICAL_SURFACE,"'',#21523,6.75,44.9999999999996"
1009,CONICAL_SURFACE,"'',#21524,6.75,45."
1010,CONICAL_SURFACE,"'',#21525,6.5,45."
1011,CONICAL_SURFACE,"'',#21526,11.5,44.9999999999996"
1012,CONICAL_SURFACE,"'',#21527,11.5,45."
1013,CONICAL_SURFACE,"'',#21528,11.5,44.9999999999996"
1014,CONICAL_SURFACE,"'',#21529,11.5,45."
1015,CONICAL_SURFACE,"'',#21530,11.5,45."
1016,CONICAL_SURFACE,"'',#21531,11.5,44.9999999999996"
1017,CONICAL_SURFACE,"'',#21532,2.75,45."
1018,CONICAL_SURFACE,"'',#21533,2.75,45."
1019,CONICAL_SURFACE,"'',#21534,6.75,44.9999999999996"
1020,CONICAL_SURFACE,"'',#21535,6.75,45."
1021,CONICAL_SURFACE,"'',#21536,6.5,44.9999999999996"
1022,CONICAL_SURFACE,"'',#21537,6.5,45."
1023,CONICAL_SURFACE,"'',#21538,6.75,44.9999999999996"
1024,CONICAL_SURFACE,"'',#21539,2.75,45."
1025,CONICAL_SURFACE,"'',#21540,2.75,45."
1026,CONICAL_SURFACE,"'',#21541,6.5,44.9999999999996"
1027,CONICAL_SURFACE,"'',#21542,6.75,45."
1028,CONICAL_SURFACE,"'',#21543,6.5,45."
1029,CONICAL_SURFACE,"'',#21545,3.,44.9999999999999"
1030,CONICAL_SURFACE,"'',#21546,3.,45.0000000000001"
1031,CONICAL_SURFACE,"'',#21549,3.,45.0000000000001"
1032,CONICAL_SURFACE,"'',#21550,3.,45."
1033,CONICAL_SURFACE,"'',#21553,3.,45.0000000000001"
1034,CONICAL_SURFACE,"'',#21554,3.,45."
1035,CONICAL_SURFACE,"'',#21556,3.,45."
1036,CONICAL_SURFACE,"'',#21557,3.,44.9999999999999"
1037,CONICAL_SURFACE,"'',#21560,3.,45."
1038,CONICAL_SURFACE,"'',#21561,3.,45.0000000000001"
1039,CONICAL_SURFACE,"'',#21564,3.,44.9999999999999"
1040,CONICAL_SURFACE,"'',#21565,3.,45.0000000000001"
1041,CONICAL_SURFACE,"'',#21568,3.,45.0000000000001"
1042,CONICAL_SURFACE,"'',#21569,3.,45.0000000000001"
1043,CONICAL_SURFACE,"'',#21572,3.,45."
1044,CONICAL_SURFACE,"'',#21573,3.,44.9999999999999"
1045,CONICAL_SURFACE,"'',#21575,3.,45.0000000000001"
1046,CONICAL_SURFACE,"'',#21576,3.,45."
1047,CONICAL_SURFACE,"'',#21579,3.,45."
1048,CONICAL_SURFACE,"'',#21580,3.,45."
1049,CONICAL_SURFACE,"'',#21582,3.,44.9999999999999"
1050,CONICAL_SURFACE,"'',#21585,3.,45.0000000000001"
1051,CONICAL_SURFACE,"'',#21586,3.,45.0000000000001"
1052,CONICAL_SURFACE,"'',#21589,3.,45."
1053,CONICAL_SURFACE,"'',#21590,3.,45.0000000000001"
1054,CONICAL_SURFACE,"'',#21593,3.,45."
1055,CONICAL_SURFACE,"'',#21594,3.,44.9999999999999"
1056,CONICAL_SURFACE,"'',#21595,3.,45."
1057,CONICAL_SURFACE,"'',#21598,3.,45.0000000000001"
1058,CONICAL_SURFACE,"'',#21599,3.,45."
1059,CONICAL_SURFACE,"'',#21602,3.,44.9999999999999"
1060,CONICAL_SURFACE,"'',#21603,3.,45.0000000000001"
1061,CONICAL_SURFACE,"'',#21606,3.,45.0000000000001"
1062,CONICAL_SURFACE,"'',#21607,3.,45."
1063,CONICAL_SURFACE,"'',#21610,3.,45.0000000000001"
1064,CONICAL_SURFACE,"'',#21611,3.,45."
1065,CONICAL_SURFACE,"'',#21614,3.,44.9999999999999"
1066,CONICAL_SURFACE,"'',#21615,3.,45."
1067,CONICAL_SURFACE,"'',#21616,3.,45.0000000000001"
1068,CONICAL_SURFACE,"'',#21619,3.,45."
1069,CONICAL_SURFACE,"'',#21620,15.,45."
1070,CONICAL_SURFACE,"'',#21621,15.,45."
1071,CONICAL_SURFACE,"'',#21630,5.5,30.0000000000001"
1072,CONICAL_SURFACE,"'',#21631,0.,45."
1073,CONICAL_SURFACE,"'',#21632,0.,45."
1074,CONICAL_SURFACE,"'',#21641,5.5,30.0000000000001"
1075,CONICAL_SURFACE,"'',#21642,0.,45."
1076,CONICAL_SURFACE,"'',#21643,0.,45."
1077,CONICAL_SURFACE,"'',#21652,5.5,30.0000000000001"
1078,CONICAL_SURFACE,"'',#21653,0.,45."
1079,CONICAL_SURFACE,"'',#21654,0.,45."
1080,CONICAL_SURFACE,"'',#21663,5.5,30.0000000000001"
1081,CONICAL_SURFACE,"'',#21664,0.,45."
1082,CONICAL_SURFACE,"'',#21665,0.,45."
1083,CONICAL_SURFACE,"'',#21667,0.,45."
1084,CONICAL_SURFACE,"'',#21669,2.5,59."
1085,CONICAL_SURFACE,"'',#21672,0.,45."
1086,CONICAL_SURFACE,"'',#21674,2.5,59."
1087,CONICAL_SURFACE,"'',#21677,0.,45."
1088,CONICAL_SURFACE,"'',#21679,2.5,59."
1089,CONICAL_SURFACE,"'',#21682,0.,45."
1090,CONICAL_SURFACE,"'',#21684,2.5,59."
1091,CONICAL_SURFACE,"'',#21687,0.,45."
1092,CONICAL_SURFACE,"'',#21689,2.5,59."
1093,CONICAL_SURFACE,"'',#21692,0.,45."
1094,CONICAL_SURFACE,"'',#21694,2.5,59."
1095,CONICAL_SURFACE,"'',#21697,0.,45."
1096,CONICAL_SURFACE,"'',#21699,2.5,59."
1097,CONICAL_SURFACE,"'',#21702,0.,45."
1098,CONICAL_SURFACE,"'',#21704,2.5,59."
1099,CONICAL_SURFACE,"'',#21775,0.,45."
1100,CONICAL_SURFACE,"'',#21777,2.5,59."
1101,CONICAL_SURFACE,"'',#21780,0.,45."
1102,CONICAL_SURFACE,"'',#21782,2.5,59."
1103,CONICAL_SURFACE,"'',#21785,0.,45."
1104,CONICAL_SURFACE,"'',#21787,2.5,59."
1105,CONICAL_SURFACE,"'',#21790,0.,45."
1106,CONICAL_SURFACE,"'',#21792,2.5,59."
1107,CONICAL_SURFACE,"'',#21811,0.,45."
1108,CONICAL_SURFACE,"'',#21813,2.5,59."
1109,CONICAL_SURFACE,"'',#21816,0.,45."
1110,CONICAL_SURFACE,"'',#21818,2.5,59."
1111,CONICAL_SURFACE,"'',#21821,0.,45."
1112,CONICAL_SURFACE,"'',#21823,2.5,59."
1113,CONICAL_SURFACE,"'',#21826,0.,45."
1114,CONICAL_SURFACE,"'',#21828,2.5,59."
1115,CONICAL_SURFACE,"'',#21830,10.,45."
1116,CONICAL_SURFACE,"'',#21833,10.,45.0000000000002"
1117,CONICAL_SURFACE,"'',#21834,10.,45.0000000000002"
1118,CONICAL_SURFACE,"'',#21837,10.,45."
1119,CONICAL_SURFACE,"'',#21862,13.,44.9999999999999"
1120,CONICAL_SURFACE,"'',#21867,13.,44.9999999999999"
1121,CONICAL_SURFACE,"'',#21874,11.,45."
1122,CONICAL_SURFACE,"'',#21884,13.,44.9999999999999"
1123,CONICAL_SURFACE,"'',#21903,6.00000000000001,45.0000000000002"
1124,CONICAL_SURFACE,"'',#21904,6.,45."
1125,CONICAL_SURFACE,"'',#21907,6.00000000000001,45.0000000000002"
1126,CONICAL_SURFACE,"'',#21908,6.00000000000001,45.0000000000002"
1127,CONICAL_SURFACE,"'',#21911,9.99999999999999,44.9999999999998"
1128,CONICAL_SURFACE,"'',#21912,10.,45."
1129,CONICAL_SURFACE,"'',#21915,10.,45."
1130,CONICAL_SURFACE,"'',#21916,10.,45.0000000000002"
1131,CONICAL_SURFACE,"'',#21919,6.00000000000001,45.0000000000002"
1132,CONICAL_SURFACE,"'',#21920,5.99999999999999,44.9999999999998"
1133,CONICAL_SURFACE,"'',#21923,6.,45."
1134,CONICAL_SURFACE,"'',#21924,6.00000000000001,45.0000000000002"
1135,CONICAL_SURFACE,"'',#21927,0.,45."
1136,CONICAL_SURFACE,"'',#21929,2.5,59."
1137,CONICAL_SURFACE,"'',#21932,7.,59."
1138,CONICAL_SURFACE,"'',#21935,8.00000000000001,45.0000000000002"
1139,CONICAL_SURFACE,"'',#21937,7.,59."
1140,CONICAL_SURFACE,"'',#21940,8.00000000000001,45.0000000000002"
1141,CONICAL_SURFACE,"'',#21942,7.,59."
1142,CONICAL_SURFACE,"'',#21945,8.00000000000001,45.0000000000002"
1143,CONICAL_SURFACE,"'',#21947,7.,59."
1144,CONICAL_SURFACE,"'',#21950,8.00000000000001,45.0000000000002"
1145,CONICAL_SURFACE,"'',#21952,7.,59."
1146,CONICAL_SURFACE,"'',#21955,8.00000000000001,45.0000000000002"
1147,CONICAL_SURFACE,"'',#21957,7.,59."
1148,CONICAL_SURFACE,"'',#21960,8.00000000000001,45.0000000000002"
1149,VERTEX_LOOP,"'',#15181"
1150,VERTEX_LOOP,"'',#15183"
1151,VERTEX_LOOP,"'',#15185"
1152,VERTEX_LOOP,"'',#15187"
1153,VERTEX_LOOP,"'',#15209"
1154,VERTEX_LOOP,"'',#15219"
1155,VERTEX_LOOP,"'',#15229"
1156,VERTEX_LOOP,"'',#15239"
1157,VERTEX_LOOP,"'',#15249"
1158,VERTEX_LOOP,"'',#15357"
1159,VERTEX_LOOP,"'',#15367"
1160,VERTEX_LOOP,"'',#16045"
1161,VERTEX_LOOP,"'',#16048"
1162,VERTEX_LOOP,"'',#16051"
1163,VERTEX_LOOP,"'',#16054"
1164,VERTEX_LOOP,"'',#16057"
1165,VERTEX_LOOP,"'',#16060"
1166,VERTEX_LOOP,"'',#16063"
1167,VERTEX_LOOP,"'',#16066"
1168,VERTEX_LOOP,"'',#16157"
1169,VERTEX_LOOP,"'',#16160"
1170,VERTEX_LOOP,"'',#16163"
1171,VERTEX_LOOP,"'',#16166"
1172,VERTEX_LOOP,"'',#16169"
1173,VERTEX_LOOP,"'',#16172"
1174,VERTEX_LOOP,"'',#16175"
1175,VERTEX_LOOP,"'',#16178"
1176,VERTEX_LOOP,"'',#16181"
1177,VERTEX_LOOP,"'',#16183"
1178,VERTEX_LOOP,"'',#16186"
1179,VERTEX_LOOP,"'',#16189"
1180,VERTEX_LOOP,"'',#16192"
1181,VERTEX_LOOP,"'',#16195"
1182,VERTEX_LOOP,"'',#16198"
1183,CYLINDRICAL_SURFACE,"'',#20060,4."
1184,CYLINDRICAL_SURFACE,"'',#20226,15."
1185,CYLINDRICAL_SURFACE,"'',#20232,15."
1186,CYLINDRICAL_SURFACE,"'',#20238,15."
1187,CYLINDRICAL_SURFACE,"'',#20244,15."
1188,CYLINDRICAL_SURFACE,"'',#20253,15."
1189,CYLINDRICAL_SURFACE,"'',#20276,10.1"
1190,CYLINDRICAL_SURFACE,"'',#20279,10.1"
1191,CYLINDRICAL_SURFACE,"'',#20282,10.1"
1192,CYLINDRICAL_SURFACE,"'',#20285,10.1"
1193,CYLINDRICAL_SURFACE,"'',#20286,18."
1194,CYLINDRICAL_SURFACE,"'',#20287,18."
1195,CYLINDRICAL_SURFACE,"'',#20288,18."
1196,CYLINDRICAL_SURFACE,"'',#20289,18."
1197,CYLINDRICAL_SURFACE,"'',#20291,9."
1198,CYLINDRICAL_SURFACE,"'',#20294,9."
1199,CYLINDRICAL_SURFACE,"'',#20297,9."
1200,CYLINDRICAL_SURFACE,"'',#20300,9."
1201,CYLINDRICAL_SURFACE,"'',#20313,21."
1202,CYLINDRICAL_SURFACE,"'',#20317,21."
1203,CYLINDRICAL_SURFACE,"'',#20321,21."
1204,CYLINDRICAL_SURFACE,"'',#20325,21."
1205,CYLINDRICAL_SURFACE,"'',#20329,15."
1206,CYLINDRICAL_SURFACE,"'',#20330,5.9"
1207,CYLINDRICAL_SURFACE,"'',#20331,5.9"
1208,CYLINDRICAL_SURFACE,"'',#20335,7."
1209,CYLINDRICAL_SURFACE,"'',#20340,8."
1210,CYLINDRICAL_SURFACE,"'',#20343,7.9"
1211,CYLINDRICAL_SURFACE,"'',#20348,7."
1212,CYLINDRICAL_SURFACE,"'',#20353,8."
1213,CYLINDRICAL_SURFACE,"'',#20356,7.9"
1214,CYLINDRICAL_SURFACE,"'',#20361,7."
1215,CYLINDRICAL_SURFACE,"'',#20366,8."
1216,CYLINDRICAL_SURFACE,"'',#20369,7.9"
1217,CYLINDRICAL_SURFACE,"'',#20374,7."
1218,CYLINDRICAL_SURFACE,"'',#20379,8."
1219,CYLINDRICAL_SURFACE,"'',#20382,7.9"
1220,CYLINDRICAL_SURFACE,"'',#20387,10.5"
1221,CYLINDRICAL_SURFACE,"'',#20392,12."
1222,CYLINDRICAL_SURFACE,"'',#20395,11.9"
1223,CYLINDRICAL_SURFACE,"'',#20398,2.04291982853454"
1224,CYLINDRICAL_SURFACE,"'',#20400,1.61039977187834"
1225,CYLINDRICAL_SURFACE,"'',#20402,1.68404811857352"
1226,CYLINDRICAL_SURFACE,"'',#20404,1.53194953010396"
1227,CYLINDRICAL_SURFACE,"'',#20406,3.02873401322232"
1228,CYLINDRICAL_SURFACE,"'',#20408,5.92756649384215"
1229,CYLINDRICAL_SURFACE,"'',#20410,5.42062420678833"
1230,CYLINDRICAL_SURFACE,"'',#20412,2.00611104320947"
1231,CYLINDRICAL_SURFACE,"'',#20414,1.58928634026065"
1232,CYLINDRICAL_SURFACE,"'',#20416,1.58533486549371"
1233,CYLINDRICAL_SURFACE,"'',#20418,5.38608921602509"
1234,CYLINDRICAL_SURFACE,"'',#20425,0.982795600297686"
1235,CYLINDRICAL_SURFACE,"'',#20427,0.975338970649037"
1236,CYLINDRICAL_SURFACE,"'',#20429,0.976625415807066"
1237,CYLINDRICAL_SURFACE,"'',#20431,0.919768241303648"
1238,CYLINDRICAL_SURFACE,"'',#20434,2.042919828512"
1239,CYLINDRICAL_SURFACE,"'',#20436,1.61041823944724"
1240,CYLINDRICAL_SURFACE,"'',#20438,1.68405042236073"
1241,CYLINDRICAL_SURFACE,"'',#20440,1.53193240573812"
1242,CYLINDRICAL_SURFACE,"'',#20442,3.02873401323186"
1243,CYLINDRICAL_SURFACE,"'',#20444,5.92755771720534"
1244,CYLINDRICAL_SURFACE,"'',#20446,5.42062420712198"
1245,CYLINDRICAL_SURFACE,"'',#20448,2.00611104320955"
1246,CYLINDRICAL_SURFACE,"'',#20450,1.58928511482086"
1247,CYLINDRICAL_SURFACE,"'',#20452,1.58533435314511"
1248,CYLINDRICAL_SURFACE,"'',#20454,5.38608921579588"
1249,CYLINDRICAL_SURFACE,"'',#20461,0.982794852717808"
1250,CYLINDRICAL_SURFACE,"'',#20463,0.975337220599021"
1251,CYLINDRICAL_SURFACE,"'',#20465,0.976622474187527"
1252,CYLINDRICAL_SURFACE,"'',#20467,0.919769842490525"
1253,CYLINDRICAL_SURFACE,"'',#20470,1.56804408481677"
1254,CYLINDRICAL_SURFACE,"'',#20472,1.02819555807815"
1255,CYLINDRICAL_SURFACE,"'',#20474,1.11973206018174"
1256,CYLINDRICAL_SURFACE,"'',#20476,1.15030459128734"
1257,CYLINDRICAL_SURFACE,"'',#20478,1.08833594647873"
1258,CYLINDRICAL_SURFACE,"'',#20480,1.102084155541"
1259,CYLINDRICAL_SURFACE,"'',#20482,1.94024932334399"
1260,CYLINDRICAL_SURFACE,"'',#20485,0.835615784440155"
1261,CYLINDRICAL_SURFACE,"'',#20487,1.43201346603729"
1262,CYLINDRICAL_SURFACE,"'',#20489,0.796571883282899"
1263,CYLINDRICAL_SURFACE,"'',#20491,0.861156754435293"
1264,CYLINDRICAL_SURFACE,"'',#20493,0.93854729157002"
1265,CYLINDRICAL_SURFACE,"'',#20495,0.959585841707617"
1266,CYLINDRICAL_SURFACE,"'',#20497,1.34624194267949"
1267,CYLINDRICAL_SURFACE,"'',#20500,1.81731243134173"
1268,CYLINDRICAL_SURFACE,"'',#20502,1.70029930120164"
1269,CYLINDRICAL_SURFACE,"'',#20504,1.83347318518057"
1270,CYLINDRICAL_SURFACE,"'',#20506,1.39719282802099"
1271,CYLINDRICAL_SURFACE,"'',#20508,1.43381914406458"
1272,CYLINDRICAL_SURFACE,"'',#20510,1.19236236558234"
1273,CYLINDRICAL_SURFACE,"'',#20512,1.36543178884792"
1274,CYLINDRICAL_SURFACE,"'',#20514,1.32368199475114"
1275,CYLINDRICAL_SURFACE,"'',#20516,1.48845521080647"
1276,CYLINDRICAL_SURFACE,"'',#20518,1.67107684487859"
1277,CYLINDRICAL_SURFACE,"'',#20520,1.91370045012803"
1278,CYLINDRICAL_SURFACE,"'',#20522,1.78008023454037"
1279,CYLINDRICAL_SURFACE,"'',#20524,1.71663463818609"
1280,CYLINDRICAL_SURFACE,"'',#20527,4."
1281,CYLINDRICAL_SURFACE,"'',#20531,4."
1282,CYLINDRICAL_SURFACE,"'',#20534,4."
1283,CYLINDRICAL_SURFACE,"'',#20538,5.172"
1284,CYLINDRICAL_SURFACE,"'',#20542,6.02999999999999"
1285,CYLINDRICAL_SURFACE,"'',#20544,5.99999999999999"
1286,CYLINDRICAL_SURFACE,"'',#20551,7."
1287,CYLINDRICAL_SURFACE,"'',#20556,7.90000000000001"
1288,CYLINDRICAL_SURFACE,"'',#20559,8.00000000000001"
1289,CYLINDRICAL_SURFACE,"'',#20564,7."
1290,CYLINDRICAL_SURFACE,"'',#20569,7.90000000000001"
1291,CYLINDRICAL_SURFACE,"'',#20572,8.00000000000001"
1292,CYLINDRICAL_SURFACE,"'',#20576,15.25"
1293,CYLINDRICAL_SURFACE,"'',#20579,15.25"
1294,CYLINDRICAL_SURFACE,"'',#20582,15.25"
1295,CYLINDRICAL_SURFACE,"'',#20585,15.25"
1296,CYLINDRICAL_SURFACE,"'',#20589,77.2798051163167"
1297,CYLINDRICAL_SURFACE,"'',#20591,16.7776292526134"
1298,CYLINDRICAL_SURFACE,"'',#20606,3.59751094573063"
1299,CYLINDRICAL_SURFACE,"'',#20608,5.24988544535178"
1300,CYLINDRICAL_SURFACE,"'',#20611,4.31930765529963"
1301,CYLINDRICAL_SURFACE,"'',#20613,2.77091817705923"
1302,CYLINDRICAL_SURFACE,"'',#20644,1.36578158164661"
1303,CYLINDRICAL_SURFACE,"'',#20645,0.940975008049001"
1304,CYLINDRICAL_SURFACE,"'',#20646,0.998315113386159"
1305,CYLINDRICAL_SURFACE,"'',#20647,1.61787288601554"
1306,CYLINDRICAL_SURFACE,"'',#20648,3.8995658193441"
1307,CYLINDRICAL_SURFACE,"'',#20649,1.65984411243211"
1308,CYLINDRICAL_SURFACE,"'',#20650,1.74446286345833"
1309,CYLINDRICAL_SURFACE,"'',#20651,1.59738674301466"
1310,CYLINDRICAL_SURFACE,"'',#20652,1.8596251919838"
1311,CYLINDRICAL_SURFACE,"'',#20653,2.17896106831979"
1312,CYLINDRICAL_SURFACE,"'',#20654,1.70124733283982"
1313,CYLINDRICAL_SURFACE,"'',#20655,1.75667265332271"
1314,CYLINDRICAL_SURFACE,"'',#20656,1.80330420686618"
1315,CYLINDRICAL_SURFACE,"'',#20657,1.78283439315729"
1316,CYLINDRICAL_SURFACE,"'',#20658,1.62979645996262"
1317,CYLINDRICAL_SURFACE,"'',#20659,1.64381367238058"
1318,CYLINDRICAL_SURFACE,"'',#20662,1.14631307254833"
1319,CYLINDRICAL_SURFACE,"'',#20664,1.0958816024699"
1320,CYLINDRICAL_SURFACE,"'',#20666,0.983575348372106"
1321,CYLINDRICAL_SURFACE,"'',#20668,1.43897175554536"
1322,CYLINDRICAL_SURFACE,"'',#20670,1.33471466691402"
1323,CYLINDRICAL_SURFACE,"'',#20672,1.04122040571888"
1324,CYLINDRICAL_SURFACE,"'',#20674,1.08494915855196"
1325,CYLINDRICAL_SURFACE,"'',#20676,1.23422748047337"
1326,CYLINDRICAL_SURFACE,"'',#20678,1.65784296772585"
1327,CYLINDRICAL_SURFACE,"'',#20683,77.2798051172129"
1328,CYLINDRICAL_SURFACE,"'',#20685,16.7776292525593"
1329,CYLINDRICAL_SURFACE,"'',#20700,3.59751094573055"
1330,CYLINDRICAL_SURFACE,"'',#20702,5.24988544537558"
1331,CYLINDRICAL_SURFACE,"'',#20705,4.31930765051806"
1332,CYLINDRICAL_SURFACE,"'',#20707,2.77091817703666"
1333,CYLINDRICAL_SURFACE,"'',#20738,1.36578158068019"
1334,CYLINDRICAL_SURFACE,"'',#20739,0.940975008049283"
1335,CYLINDRICAL_SURFACE,"'',#20740,0.998315113386025"
1336,CYLINDRICAL_SURFACE,"'',#20741,1.61787288601451"
1337,CYLINDRICAL_SURFACE,"'',#20742,3.89956581835753"
1338,CYLINDRICAL_SURFACE,"'',#20743,1.65984411243245"
1339,CYLINDRICAL_SURFACE,"'',#20744,1.74446285572475"
1340,CYLINDRICAL_SURFACE,"'',#20745,1.59738674301499"
1341,CYLINDRICAL_SURFACE,"'',#20746,1.85962519207756"
1342,CYLINDRICAL_SURFACE,"'',#20747,2.1789610683208"
1343,CYLINDRICAL_SURFACE,"'',#20748,1.70124733284032"
1344,CYLINDRICAL_SURFACE,"'',#20749,1.75667265332581"
1345,CYLINDRICAL_SURFACE,"'',#20750,1.80330420683648"
1346,CYLINDRICAL_SURFACE,"'',#20751,1.78283439315734"
1347,CYLINDRICAL_SURFACE,"'',#20752,1.62979645996223"
1348,CYLINDRICAL_SURFACE,"'',#20753,1.64381367238025"
1349,CYLINDRICAL_SURFACE,"'',#20756,1.14631307254952"
1350,CYLINDRICAL_SURFACE,"'',#20758,1.09588160246988"
1351,CYLINDRICAL_SURFACE,"'',#20760,0.983575348338158"
1352,CYLINDRICAL_SURFACE,"'',#20762,1.43897175554561"
1353,CYLINDRICAL_SURFACE,"'',#20764,1.33471466691413"
1354,CYLINDRICAL_SURFACE,"'',#20766,1.04122040571914"
1355,CYLINDRICAL_SURFACE,"'',#20768,1.08494915855222"
1356,CYLINDRICAL_SURFACE,"'',#20770,1.23422748047341"
1357,CYLINDRICAL_SURFACE,"'',#20772,1.65784296599472"
1358,CYLINDRICAL_SURFACE,"'',#20777,77.2798051171922"
1359,CYLINDRICAL_SURFACE,"'',#20779,16.7776292527625"
1360,CYLINDRICAL_SURFACE,"'',#20794,3.59751094576076"
1361,CYLINDRICAL_SURFACE,"'',#20796,5.24988544537315"
1362,CYLINDRICAL_SURFACE,"'',#20799,4.31930765051816"
1363,CYLINDRICAL_SURFACE,"'',#20801,2.77091817703658"
1364,CYLINDRICAL_SURFACE,"'',#20832,1.36578158164688"
1365,CYLINDRICAL_SURFACE,"'',#20833,0.940975008049271"
1366,CYLINDRICAL_SURFACE,"'',#20834,0.998315113386075"
1367,CYLINDRICAL_SURFACE,"'',#20835,1.61787288601482"
1368,CYLINDRICAL_SURFACE,"'',#20836,3.89956581934507"
1369,CYLINDRICAL_SURFACE,"'',#20837,1.65984411243236"
1370,CYLINDRICAL_SURFACE,"'',#20838,1.74446286345985"
1371,CYLINDRICAL_SURFACE,"'',#20839,1.59738674299822"
1372,CYLINDRICAL_SURFACE,"'',#20840,1.85962519198409"
1373,CYLINDRICAL_SURFACE,"'',#20841,2.17896106832034"
1374,CYLINDRICAL_SURFACE,"'',#20842,1.70124733284032"
1375,CYLINDRICAL_SURFACE,"'',#20843,1.75667265332598"
1376,CYLINDRICAL_SURFACE,"'',#20844,1.80330420686613"
1377,CYLINDRICAL_SURFACE,"'',#20845,1.78283439315738"
1378,CYLINDRICAL_SURFACE,"'',#20846,1.62979645996262"
1379,CYLINDRICAL_SURFACE,"'',#20847,1.64381367238027"
1380,CYLINDRICAL_SURFACE,"'',#20850,1.14631307254972"
1381,CYLINDRICAL_SURFACE,"'',#20852,1.0958816024734"
1382,CYLINDRICAL_SURFACE,"'',#20854,0.983575348372126"
1383,CYLINDRICAL_SURFACE,"'',#20856,1.43897175554566"
1384,CYLINDRICAL_SURFACE,"'',#20858,1.33471466723969"
1385,CYLINDRICAL_SURFACE,"'',#20860,1.04122040573193"
1386,CYLINDRICAL_SURFACE,"'',#20862,1.08494915855221"
1387,CYLINDRICAL_SURFACE,"'',#20864,1.23422748047344"
1388,CYLINDRICAL_SURFACE,"'',#20866,1.65784296599472"
1389,CYLINDRICAL_SURFACE,"'',#20871,77.2798051172296"
1390,CYLINDRICAL_SURFACE,"'',#20873,16.7776292525419"
1391,CYLINDRICAL_SURFACE,"'',#20888,3.59751094573113"
1392,CYLINDRICAL_SURFACE,"'',#20890,5.24988548100959"
1393,CYLINDRICAL_SURFACE,"'',#20893,4.31930765051875"
1394,CYLINDRICAL_SURFACE,"'',#20895,2.77091817703691"
1395,CYLINDRICAL_SURFACE,"'',#20926,1.36578158164702"
1396,CYLINDRICAL_SURFACE,"'',#20927,0.940975008049333"
1397,CYLINDRICAL_SURFACE,"'',#20928,0.998315113386108"
1398,CYLINDRICAL_SURFACE,"'',#20929,1.61787288601458"
1399,CYLINDRICAL_SURFACE,"'',#20930,3.8995658193447"
1400,CYLINDRICAL_SURFACE,"'',#20931,1.65984411243258"
1401,CYLINDRICAL_SURFACE,"'',#20932,1.74446286345985"
1402,CYLINDRICAL_SURFACE,"'',#20933,1.59738674301496"
1403,CYLINDRICAL_SURFACE,"'',#20934,1.85962519198413"
1404,CYLINDRICAL_SURFACE,"'',#20935,2.17896106253667"
1405,CYLINDRICAL_SURFACE,"'',#20936,1.70124733283986"
1406,CYLINDRICAL_SURFACE,"'',#20937,1.75667265332581"
1407,CYLINDRICAL_SURFACE,"'',#20938,1.80330420683646"
1408,CYLINDRICAL_SURFACE,"'',#20939,1.78283439315735"
1409,CYLINDRICAL_SURFACE,"'',#20940,1.62979645996261"
1410,CYLINDRICAL_SURFACE,"'',#20941,1.64381367238033"
1411,CYLINDRICAL_SURFACE,"'',#20944,1.14631307254975"
1412,CYLINDRICAL_SURFACE,"'',#20946,1.09588160246987"
1413,CYLINDRICAL_SURFACE,"'',#20948,0.983575348338157"
1414,CYLINDRICAL_SURFACE,"'',#20950,1.43897175554559"
1415,CYLINDRICAL_SURFACE,"'',#20952,1.33471466691411"
1416,CYLINDRICAL_SURFACE,"'',#20954,1.04122040571912"
1417,CYLINDRICAL_SURFACE,"'',#20956,1.08494915855218"
1418,CYLINDRICAL_SURFACE,"'',#20958,1.23422748047341"
1419,CYLINDRICAL_SURFACE,"'',#20960,1.65784296772536"
1420,CYLINDRICAL_SURFACE,"'',#20972,77.2798051168363"
1421,CYLINDRICAL_SURFACE,"'',#20974,16.7776292527555"
1422,CYLINDRICAL_SURFACE,"'',#20989,3.59751094576255"
1423,CYLINDRICAL_SURFACE,"'',#20991,5.24988545307415"
1424,CYLINDRICAL_SURFACE,"'',#20994,4.31930765051938"
1425,CYLINDRICAL_SURFACE,"'',#20996,2.77091817703669"
1426,CYLINDRICAL_SURFACE,"'',#21027,1.36578158164762"
1427,CYLINDRICAL_SURFACE,"'',#21028,0.940975008054534"
1428,CYLINDRICAL_SURFACE,"'',#21029,0.998315113386303"
1429,CYLINDRICAL_SURFACE,"'',#21030,1.61787288601468"
1430,CYLINDRICAL_SURFACE,"'',#21031,3.89956581934539"
1431,CYLINDRICAL_SURFACE,"'',#21032,1.65984411243283"
1432,CYLINDRICAL_SURFACE,"'',#21033,1.74446286346072"
1433,CYLINDRICAL_SURFACE,"'',#21034,1.59738674301495"
1434,CYLINDRICAL_SURFACE,"'',#21035,1.85962519198425"
1435,CYLINDRICAL_SURFACE,"'',#21036,2.17896106832054"
1436,CYLINDRICAL_SURFACE,"'',#21037,1.7012473328394"
1437,CYLINDRICAL_SURFACE,"'',#21038,1.75667265332576"
1438,CYLINDRICAL_SURFACE,"'',#21039,1.80330420686603"
1439,CYLINDRICAL_SURFACE,"'',#21040,1.78283439305174"
1440,CYLINDRICAL_SURFACE,"'',#21041,1.62979645996177"
1441,CYLINDRICAL_SURFACE,"'',#21042,1.64381367238013"
1442,CYLINDRICAL_SURFACE,"'',#21045,1.14631307254867"
1443,CYLINDRICAL_SURFACE,"'',#21047,1.09588160247394"
1444,CYLINDRICAL_SURFACE,"'',#21049,0.983575348338204"
1445,CYLINDRICAL_SURFACE,"'',#21051,1.43897175572734"
1446,CYLINDRICAL_SURFACE,"'',#21053,1.33471466691418"
1447,CYLINDRICAL_SURFACE,"'',#21055,1.04122040573177"
1448,CYLINDRICAL_SURFACE,"'',#21057,1.0849491585524"
1449,CYLINDRICAL_SURFACE,"'',#21059,1.23422748051378"
1450,CYLINDRICAL_SURFACE,"'',#21061,1.6578429659943"
1451,CYLINDRICAL_SURFACE,"'',#21066,77.2798051177786"
1452,CYLINDRICAL_SURFACE,"'',#21068,16.7776292525594"
1453,CYLINDRICAL_SURFACE,"'',#21083,3.59751094573103"
1454,CYLINDRICAL_SURFACE,"'',#21085,5.24988548101296"
1455,CYLINDRICAL_SURFACE,"'',#21088,4.31930765051742"
1456,CYLINDRICAL_SURFACE,"'',#21090,2.77091817703662"
1457,CYLINDRICAL_SURFACE,"'',#21121,1.3657815806805"
1458,CYLINDRICAL_SURFACE,"'',#21122,0.940975008054609"
1459,CYLINDRICAL_SURFACE,"'',#21123,0.99831511338611"
1460,CYLINDRICAL_SURFACE,"'',#21124,1.61787288601482"
1461,CYLINDRICAL_SURFACE,"'',#21125,3.89956581835801"
1462,CYLINDRICAL_SURFACE,"'',#21126,1.65984411243233"
1463,CYLINDRICAL_SURFACE,"'',#21127,1.74446285572477"
1464,CYLINDRICAL_SURFACE,"'',#21128,1.597386743015"
1465,CYLINDRICAL_SURFACE,"'',#21129,1.85962519207758"
1466,CYLINDRICAL_SURFACE,"'',#21130,2.17896106832058"
1467,CYLINDRICAL_SURFACE,"'',#21131,1.70124733284008"
1468,CYLINDRICAL_SURFACE,"'',#21132,1.75667265332556"
1469,CYLINDRICAL_SURFACE,"'',#21133,1.80330420683658"
1470,CYLINDRICAL_SURFACE,"'',#21134,1.78283439305172"
1471,CYLINDRICAL_SURFACE,"'',#21135,1.62979645996266"
1472,CYLINDRICAL_SURFACE,"'',#21136,1.64381367242488"
1473,CYLINDRICAL_SURFACE,"'',#21139,1.14631307254844"
1474,CYLINDRICAL_SURFACE,"'',#21141,1.09588160246955"
1475,CYLINDRICAL_SURFACE,"'',#21143,0.983575348372073"
1476,CYLINDRICAL_SURFACE,"'',#21145,1.43897175572723"
1477,CYLINDRICAL_SURFACE,"'',#21147,1.33471466691408"
1478,CYLINDRICAL_SURFACE,"'',#21149,1.04122040573193"
1479,CYLINDRICAL_SURFACE,"'',#21151,1.08494915855236"
1480,CYLINDRICAL_SURFACE,"'',#21153,1.23422748051402"
1481,CYLINDRICAL_SURFACE,"'',#21155,1.6578429659952"
1482,CYLINDRICAL_SURFACE,"'',#21168,77.2798051169198"
1483,CYLINDRICAL_SURFACE,"'',#21170,16.777629252585"
1484,CYLINDRICAL_SURFACE,"'',#21185,1.26847172659852"
1485,CYLINDRICAL_SURFACE,"'',#21187,2.65562830203352"
1486,CYLINDRICAL_SURFACE,"'',#21189,8.19329259317853"
1487,CYLINDRICAL_SURFACE,"'',#21191,8.66896733399506"
1488,CYLINDRICAL_SURFACE,"'',#21193,1.46015163695541"
1489,CYLINDRICAL_SURFACE,"'',#21195,0.940975008054437"
1490,CYLINDRICAL_SURFACE,"'',#21197,1.09356124690074"
1491,CYLINDRICAL_SURFACE,"'',#21199,1.10045062089345"
1492,CYLINDRICAL_SURFACE,"'',#21201,1.13432262497914"
1493,CYLINDRICAL_SURFACE,"'',#21204,1.7661015848833"
1494,CYLINDRICAL_SURFACE,"'',#21206,1.93699685691865"
1495,CYLINDRICAL_SURFACE,"'',#21208,1.82487966792068"
1496,CYLINDRICAL_SURFACE,"'',#21210,1.50954672432825"
1497,CYLINDRICAL_SURFACE,"'',#21212,1.74915143833113"
1498,CYLINDRICAL_SURFACE,"'',#21214,2.65273003757121"
1499,CYLINDRICAL_SURFACE,"'',#21216,11.4593855471131"
1500,CYLINDRICAL_SURFACE,"'',#21218,13.0842463773459"
1501,CYLINDRICAL_SURFACE,"'',#21220,2.06646584904592"
1502,CYLINDRICAL_SURFACE,"'',#21249,12."
1503,CYLINDRICAL_SURFACE,"'',#21251,12."
1504,CYLINDRICAL_SURFACE,"'',#21253,12."
1505,CYLINDRICAL_SURFACE,"'',#21293,2.5"
1506,CYLINDRICAL_SURFACE,"'',#21296,2.5"
1507,CYLINDRICAL_SURFACE,"'',#21299,2.5"
1508,CYLINDRICAL_SURFACE,"'',#21302,2.5"
1509,CYLINDRICAL_SURFACE,"'',#21305,2.5"
1510,CYLINDRICAL_SURFACE,"'',#21308,2.5"
1511,CYLINDRICAL_SURFACE,"'',#21311,2.5"
1512,CYLINDRICAL_SURFACE,"'',#21314,2.5"
1513,CYLINDRICAL_SURFACE,"'',#21319,8.5"
1514,CYLINDRICAL_SURFACE,"'',#21320,5."
1515,CYLINDRICAL_SURFACE,"'',#21324,8.5"
1516,CYLINDRICAL_SURFACE,"'',#21325,5."
1517,CYLINDRICAL_SURFACE,"'',#21340,3."
1518,CYLINDRICAL_SURFACE,"'',#21342,3."
1519,CYLINDRICAL_SURFACE,"'',#21344,3."
1520,CYLINDRICAL_SURFACE,"'',#21346,3."
1521,CYLINDRICAL_SURFACE,"'',#21348,3."
1522,CYLINDRICAL_SURFACE,"'',#21350,3."
1523,CYLINDRICAL_SURFACE,"'',#21352,3."
1524,CYLINDRICAL_SURFACE,"'',#21354,3."
1525,CYLINDRICAL_SURFACE,"'',#21357,3."
1526,CYLINDRICAL_SURFACE,"'',#21359,3."
1527,CYLINDRICAL_SURFACE,"'',#21370,3."
1528,CYLINDRICAL_SURFACE,"'',#21372,3."
1529,CYLINDRICAL_SURFACE,"'',#21374,3."
1530,CYLINDRICAL_SURFACE,"'',#21376,3."
1531,CYLINDRICAL_SURFACE,"'',#21378,3."
1532,CYLINDRICAL_SURFACE,"'',#21380,3."
1533,CYLINDRICAL_SURFACE,"'',#21382,3."
1534,CYLINDRICAL_SURFACE,"'',#21384,3."
1535,CYLINDRICAL_SURFACE,"'',#21386,3."
1536,CYLINDRICAL_SURFACE,"'',#21388,3."
1537,CYLINDRICAL_SURFACE,"'',#21399,3."
1538,CYLINDRICAL_SURFACE,"'',#21401,3."
1539,CYLINDRICAL_SURFACE,"'',#21403,3."
1540,CYLINDRICAL_SURFACE,"'',#21405,3."
1541,CYLINDRICAL_SURFACE,"'',#21407,3."
1542,CYLINDRICAL_SURFACE,"'',#21409,3."
1543,CYLINDRICAL_SURFACE,"'',#21411,3."
1544,CYLINDRICAL_SURFACE,"'',#21413,3."
1545,CYLINDRICAL_SURFACE,"'',#21415,3."
1546,CYLINDRICAL_SURFACE,"'',#21417,3."
1547,CYLINDRICAL_SURFACE,"'',#21428,3."
1548,CYLINDRICAL_SURFACE,"'',#21430,3."
1549,CYLINDRICAL_SURFACE,"'',#21432,3."
1550,CYLINDRICAL_SURFACE,"'',#21434,3."
1551,CYLINDRICAL_SURFACE,"'',#21436,3."
1552,CYLINDRICAL_SURFACE,"'',#21438,3."
1553,CYLINDRICAL_SURFACE,"'',#21440,3."
1554,CYLINDRICAL_SURFACE,"'',#21442,3."
1555,CYLINDRICAL_SURFACE,"'',#21444,3."
1556,CYLINDRICAL_SURFACE,"'',#21446,3."
1557,CYLINDRICAL_SURFACE,"'',#21448,10."
1558,CYLINDRICAL_SURFACE,"'',#21451,1.75"
1559,CYLINDRICAL_SURFACE,"'',#21454,1.75"
1560,CYLINDRICAL_SURFACE,"'',#21457,1.75"
1561,CYLINDRICAL_SURFACE,"'',#21460,1.75"
1562,CYLINDRICAL_SURFACE,"'',#21463,1.75"
1563,CYLINDRICAL_SURFACE,"'',#21465,1.75"
1564,CYLINDRICAL_SURFACE,"'',#21467,1.75"
1565,CYLINDRICAL_SURFACE,"'',#21468,2.75"
1566,CYLINDRICAL_SURFACE,"'',#21471,1.75"
1567,CYLINDRICAL_SURFACE,"'',#21474,10.5"
1568,CYLINDRICAL_SURFACE,"'',#21477,5.5"
1569,CYLINDRICAL_SURFACE,"'',#21480,5.75"
1570,CYLINDRICAL_SURFACE,"'',#21482,5.5"
1571,CYLINDRICAL_SURFACE,"'',#21485,10.5"
1572,CYLINDRICAL_SURFACE,"'',#21488,5.75"
1573,CYLINDRICAL_SURFACE,"'',#21491,5.75"
1574,CYLINDRICAL_SURFACE,"'',#21494,10.5"
1575,CYLINDRICAL_SURFACE,"'',#21497,5.5"
1576,CYLINDRICAL_SURFACE,"'',#21500,5.5"
1577,CYLINDRICAL_SURFACE,"'',#21503,5.75"
1578,CYLINDRICAL_SURFACE,"'',#21506,10.5"
1579,CYLINDRICAL_SURFACE,"'',#21624,5.5"
1580,CYLINDRICAL_SURFACE,"'',#21629,9."
1581,CYLINDRICAL_SURFACE,"'',#21635,5.5"
1582,CYLINDRICAL_SURFACE,"'',#21640,9."
1583,CYLINDRICAL_SURFACE,"'',#21646,5.5"
1584,CYLINDRICAL_SURFACE,"'',#21651,9."
1585,CYLINDRICAL_SURFACE,"'',#21657,5.5"
1586,CYLINDRICAL_SURFACE,"'',#21662,9."
1587,CYLINDRICAL_SURFACE,"'',#21670,2.5"
1588,CYLINDRICAL_SURFACE,"'',#21675,2.5"
1589,CYLINDRICAL_SURFACE,"'',#21680,2.5"
1590,CYLINDRICAL_SURFACE,"'',#21685,2.5"
1591,CYLINDRICAL_SURFACE,"'',#21690,2.5"
1592,CYLINDRICAL_SURFACE,"'',#21695,2.5"
1593,CYLINDRICAL_SURFACE,"'',#21700,2.5"
1594,CYLINDRICAL_SURFACE,"'',#21705,2.5"
1595,CYLINDRICAL_SURFACE,"'',#21759,9."
1596,CYLINDRICAL_SURFACE,"'',#21761,9."
1597,CYLINDRICAL_SURFACE,"'',#21763,9."
1598,CYLINDRICAL_SURFACE,"'',#21765,9."
1599,CYLINDRICAL_SURFACE,"'',#21767,9."
1600,CYLINDRICAL_SURFACE,"'',#21769,9."
1601,CYLINDRICAL_SURFACE,"'',#21771,9."
1602,CYLINDRICAL_SURFACE,"'',#21773,9."
1603,CYLINDRICAL_SURFACE,"'',#21778,2.5"
1604,CYLINDRICAL_SURFACE,"'',#21783,2.5"
1605,CYLINDRICAL_SURFACE,"'',#21788,2.5"
1606,CYLINDRICAL_SURFACE,"'',#21793,2.5"
1607,CYLINDRICAL_SURFACE,"'',#21795,5."
1608,CYLINDRICAL_SURFACE,"'',#21797,5."
1609,CYLINDRICAL_SURFACE,"'',#21799,5."
1610,CYLINDRICAL_SURFACE,"'',#21801,5."
1611,CYLINDRICAL_SURFACE,"'',#21803,5."
1612,CYLINDRICAL_SURFACE,"'',#21805,5."
1613,CYLINDRICAL_SURFACE,"'',#21807,5."
1614,CYLINDRICAL_SURFACE,"'',#21809,5."
1615,CYLINDRICAL_SURFACE,"'',#21814,2.5"
1616,CYLINDRICAL_SURFACE,"'',#21819,2.5"
1617,CYLINDRICAL_SURFACE,"'',#21824,2.5"
1618,CYLINDRICAL_SURFACE,"'',#21829,2.5"
1619,CYLINDRICAL_SURFACE,"'',#21930,2.5"
1620,CYLINDRICAL_SURFACE,"'',#21934,7."
1621,CYLINDRICAL_SURFACE,"'',#21939,7."
1622,CYLINDRICAL_SURFACE,"'',#21944,7."
1623,CYLINDRICAL_SURFACE,"'',#21949,7."
1624,CYLINDRICAL_SURFACE,"'',#21954,7."
1625,CYLINDRICAL_SURFACE,"'',#21959,7."
1626,ELLIPSE,"'',#20058,5.65685424949238,4."
1627,ELLIPSE,"'',#20059,5.65685424949238,4."
1628,ELLIPSE,"'',#20529,5.65685424949238,4."
1629,ELLIPSE,"'',#20530,5.65685424949238,4."
1937,FACE_OUTER_BOUND,"'',#7741,.T."
1938,FACE_OUTER_BOUND,"'',#7742,.T."
1939,FACE_OUTER_BOUND,"'',#7798,.T."
1940,FACE_OUTER_BOUND,"'',#7799,.T."
1941,FACE_OUTER_BOUND,"'',#7800,.T."
1942,FACE_OUTER_BOUND,"'',#7801,.T."
1943,FACE_OUTER_BOUND,"'',#7859,.T."
1944,FACE_OUTER_BOUND,"'',#7860,.T."
1945,FACE_OUTER_BOUND,"'',#7861,.T."
1946,FACE_OUTER_BOUND,"'',#7862,.T."
1947,FACE_OUTER_BOUND,"'',#7863,.T."
1948,FACE_OUTER_BOUND,"'',#7864,.T."
1949,FACE_OUTER_BOUND,"'',#7865,.T."
1950,FACE_OUTER_BOUND,"'',#7866,.T."
1951,FACE_OUTER_BOUND,"'',#7867,.T."
1952,FACE_OUTER_BOUND,"'',#7868,.T."
1953,FACE_OUTER_BOUND,"'',#7869,.T."
1954,FACE_OUTER_BOUND,"'',#7870,.T."
1955,FACE_OUTER_BOUND,"'',#7871,.T."
1956,FACE_OUTER_BOUND,"'',#7872,.T."
1957,FACE_OUTER_BOUND,"'',#7873,.T."
1958,FACE_OUTER_BOUND,"'',#7874,.T."
1959,FACE_OUTER_BOUND,"'',#7875,.T."
1960,FACE_OUTER_BOUND,"'',#7876,.T."
1961,FACE_OUTER_BOUND,"'',#7877,.T."
1962,FACE_OUTER_BOUND,"'',#7878,.T."
1963,FACE_OUTER_BOUND,"'',#7907,.T."
1964,FACE_OUTER_BOUND,"'',#7908,.T."
1965,FACE_OUTER_BOUND,"'',#7909,.T."
1966,FACE_OUTER_BOUND,"'',#7910,.T."
1967,FACE_OUTER_BOUND,"'',#7911,.T."
1968,FACE_OUTER_BOUND,"'',#7912,.T."
1969,FACE_OUTER_BOUND,"'',#7913,.T."
1970,FACE_OUTER_BOUND,"'',#7944,.T."
1971,FACE_OUTER_BOUND,"'',#7945,.T."
1972,FACE_OUTER_BOUND,"'',#7946,.T."
1973,FACE_OUTER_BOUND,"'',#7947,.T."
1974,FACE_OUTER_BOUND,"'',#7948,.T."
1975,FACE_OUTER_BOUND,"'',#7949,.T."
1976,FACE_OUTER_BOUND,"'',#7954,.T."
1977,FACE_OUTER_BOUND,"'',#7955,.T."
1978,FACE_OUTER_BOUND,"'',#7956,.T."
1979,FACE_OUTER_BOUND,"'',#7957,.T."
1980,FACE_OUTER_BOUND,"'',#7958,.T."
1981,FACE_OUTER_BOUND,"'',#7959,.T."
1982,FACE_OUTER_BOUND,"'',#7964,.T."
1983,FACE_OUTER_BOUND,"'',#7965,.T."
1984,FACE_OUTER_BOUND,"'',#7966,.T."
1985,FACE_OUTER_BOUND,"'',#7967,.T."
1986,FACE_OUTER_BOUND,"'',#7968,.T."
1987,FACE_OUTER_BOUND,"'',#7969,.T."
1988,FACE_OUTER_BOUND,"'',#7974,.T."
1989,FACE_OUTER_BOUND,"'',#7975,.T."
1990,FACE_OUTER_BOUND,"'',#7976,.T."
1991,FACE_OUTER_BOUND,"'',#7977,.T."
1992,FACE_OUTER_BOUND,"'',#7978,.T."
1993,FACE_OUTER_BOUND,"'',#7979,.T."
1994,FACE_OUTER_BOUND,"'',#7984,.T."
1995,FACE_OUTER_BOUND,"'',#7985,.T."
1996,FACE_OUTER_BOUND,"'',#7986,.T."
1997,FACE_OUTER_BOUND,"'',#7987,.T."
1998,FACE_OUTER_BOUND,"'',#7988,.T."
1999,FACE_OUTER_BOUND,"'',#7989,.T."
2000,FACE_OUTER_BOUND,"'',#7990,.T."
2001,FACE_OUTER_BOUND,"'',#7991,.T."
2002,FACE_OUTER_BOUND,"'',#7992,.T."
2003,FACE_OUTER_BOUND,"'',#7993,.T."
2004,FACE_OUTER_BOUND,"'',#7994,.T."
2005,FACE_OUTER_BOUND,"'',#7995,.T."
2006,FACE_OUTER_BOUND,"'',#7996,.T."
2007,FACE_OUTER_BOUND,"'',#7997,.T."
2008,FACE_OUTER_BOUND,"'',#7998,.T."
2009,FACE_OUTER_BOUND,"'',#7999,.T."
2010,FACE_OUTER_BOUND,"'',#8000,.T."
2011,FACE_OUTER_BOUND,"'',#8001,.T."
2012,FACE_OUTER_BOUND,"'',#8004,.T."
2013,FACE_OUTER_BOUND,"'',#8005,.T."
2014,FACE_OUTER_BOUND,"'',#8006,.T."
2015,FACE_OUTER_BOUND,"'',#8007,.T."
2016,FACE_OUTER_BOUND,"'',#8008,.T."
2017,FACE_OUTER_BOUND,"'',#8009,.T."
2018,FACE_OUTER_BOUND,"'',#8010,.T."
2019,FACE_OUTER_BOUND,"'',#8011,.T."
2020,FACE_OUTER_BOUND,"'',#8012,.T."
2021,FACE_OUTER_BOUND,"'',#8013,.T."
2022,FACE_OUTER_BOUND,"'',#8014,.T."
2023,FACE_OUTER_BOUND,"'',#8015,.T."
2024,FACE_OUTER_BOUND,"'',#8016,.T."
2025,FACE_OUTER_BOUND,"'',#8017,.T."
2026,FACE_OUTER_BOUND,"'',#8018,.T."
2027,FACE_OUTER_BOUND,"'',#8019,.T."
2028,FACE_OUTER_BOUND,"'',#8020,.T."
2029,FACE_OUTER_BOUND,"'',#8021,.T."
2030,FACE_OUTER_BOUND,"'',#8022,.T."
2031,FACE_OUTER_BOUND,"'',#8023,.T."
2032,FACE_OUTER_BOUND,"'',#8024,.T."
2033,FACE_OUTER_BOUND,"'',#8027,.T."
2034,FACE_OUTER_BOUND,"'',#8028,.T."
2035,FACE_OUTER_BOUND,"'',#8029,.T."
2036,FACE_OUTER_BOUND,"'',#8030,.T."
2037,FACE_OUTER_BOUND,"'',#8031,.T."
2038,FACE_OUTER_BOUND,"'',#8032,.T."
2039,FACE_OUTER_BOUND,"'',#8033,.T."
2040,FACE_OUTER_BOUND,"'',#8034,.T."
2041,FACE_OUTER_BOUND,"'',#8035,.T."
2042,FACE_OUTER_BOUND,"'',#8036,.T."
2043,FACE_OUTER_BOUND,"'',#8037,.T."
2044,FACE_OUTER_BOUND,"'',#8038,.T."
2045,FACE_OUTER_BOUND,"'',#8039,.T."
2046,FACE_OUTER_BOUND,"'',#8040,.T."
2047,FACE_OUTER_BOUND,"'',#8041,.T."
2048,FACE_OUTER_BOUND,"'',#8042,.T."
2049,FACE_OUTER_BOUND,"'',#8043,.T."
2050,FACE_OUTER_BOUND,"'',#8044,.T."
2051,FACE_OUTER_BOUND,"'',#8045,.T."
2052,FACE_OUTER_BOUND,"'',#8046,.T."
2053,FACE_OUTER_BOUND,"'',#8047,.T."
2054,FACE_OUTER_BOUND,"'',#8048,.T."
2055,FACE_OUTER_BOUND,"'',#8049,.T."
2056,FACE_OUTER_BOUND,"'',#8050,.T."
2057,FACE_OUTER_BOUND,"'',#8051,.T."
2058,FACE_OUTER_BOUND,"'',#8052,.T."
2059,FACE_OUTER_BOUND,"'',#8053,.T."
2060,FACE_OUTER_BOUND,"'',#8054,.T."
2061,FACE_OUTER_BOUND,"'',#8055,.T."
2062,FACE_OUTER_BOUND,"'',#8056,.T."
2063,FACE_OUTER_BOUND,"'',#8057,.T."
2064,FACE_OUTER_BOUND,"'',#8058,.T."
2065,FACE_OUTER_BOUND,"'',#8059,.T."
2066,FACE_OUTER_BOUND,"'',#8060,.T."
2067,FACE_OUTER_BOUND,"'',#8061,.T."
2068,FACE_OUTER_BOUND,"'',#8062,.T."
2069,FACE_OUTER_BOUND,"'',#8063,.T."
2070,FACE_OUTER_BOUND,"'',#8064,.T."
2071,FACE_OUTER_BOUND,"'',#8065,.T."
2072,FACE_OUTER_BOUND,"'',#8066,.T."
2073,FACE_OUTER_BOUND,"'',#8069,.T."
2074,FACE_OUTER_BOUND,"'',#8075,.T."
2075,FACE_OUTER_BOUND,"'',#8078,.T."
2076,FACE_OUTER_BOUND,"'',#8079,.T."
2077,FACE_OUTER_BOUND,"'',#8080,.T."
2078,FACE_OUTER_BOUND,"'',#8081,.T."
2079,FACE_OUTER_BOUND,"'',#8082,.T."
2080,FACE_OUTER_BOUND,"'',#8083,.T."
2081,FACE_OUTER_BOUND,"'',#8084,.T."
2082,FACE_OUTER_BOUND,"'',#8089,.T."
2083,FACE_OUTER_BOUND,"'',#8090,.T."
2084,FACE_OUTER_BOUND,"'',#8091,.T."
2085,FACE_OUTER_BOUND,"'',#8092,.T."
2086,FACE_OUTER_BOUND,"'',#8093,.T."
2087,FACE_OUTER_BOUND,"'',#8094,.T."
2088,FACE_OUTER_BOUND,"'',#8099,.T."
2089,FACE_OUTER_BOUND,"'',#8100,.T."
2090,FACE_OUTER_BOUND,"'',#8101,.T."
2091,FACE_OUTER_BOUND,"'',#8102,.T."
2092,FACE_OUTER_BOUND,"'',#8103,.T."
2093,FACE_OUTER_BOUND,"'',#8104,.T."
2094,FACE_OUTER_BOUND,"'',#8121,.T."
2095,FACE_OUTER_BOUND,"'',#8122,.T."
2096,FACE_OUTER_BOUND,"'',#8123,.T."
2097,FACE_OUTER_BOUND,"'',#8124,.T."
2098,FACE_OUTER_BOUND,"'',#8125,.T."
2099,FACE_OUTER_BOUND,"'',#8126,.T."
2100,FACE_OUTER_BOUND,"'',#8127,.T."
2101,FACE_OUTER_BOUND,"'',#8128,.T."
2102,FACE_OUTER_BOUND,"'',#8129,.T."
2103,FACE_OUTER_BOUND,"'',#8130,.T."
2104,FACE_OUTER_BOUND,"'',#8131,.T."
2105,FACE_OUTER_BOUND,"'',#8132,.T."
2106,FACE_OUTER_BOUND,"'',#8133,.T."
2107,FACE_OUTER_BOUND,"'',#8134,.T."
2108,FACE_OUTER_BOUND,"'',#8135,.T."
2109,FACE_OUTER_BOUND,"'',#8136,.T."
2110,FACE_OUTER_BOUND,"'',#8137,.T."
2111,FACE_OUTER_BOUND,"'',#8138,.T."
2112,FACE_OUTER_BOUND,"'',#8139,.T."
2113,FACE_OUTER_BOUND,"'',#8140,.T."
2114,FACE_OUTER_BOUND,"'',#8141,.T."
2115,FACE_OUTER_BOUND,"'',#8142,.T."
2116,FACE_OUTER_BOUND,"'',#8143,.T."
2117,FACE_OUTER_BOUND,"'',#8144,.T."
2118,FACE_OUTER_BOUND,"'',#8145,.T."
2119,FACE_OUTER_BOUND,"'',#8146,.T."
2120,FACE_OUTER_BOUND,"'',#8149,.T."
2121,FACE_OUTER_BOUND,"'',#8150,.T."
2122,FACE_OUTER_BOUND,"'',#8151,.T."
2123,FACE_OUTER_BOUND,"'',#8152,.T."
2124,FACE_OUTER_BOUND,"'',#8153,.T."
2125,FACE_OUTER_BOUND,"'',#8154,.T."
2126,FACE_OUTER_BOUND,"'',#8155,.T."
2127,FACE_OUTER_BOUND,"'',#8156,.T."
2128,FACE_OUTER_BOUND,"'',#8157,.T."
2129,FACE_OUTER_BOUND,"'',#8158,.T."
2130,FACE_OUTER_BOUND,"'',#8159,.T."
2131,FACE_OUTER_BOUND,"'',#8160,.T."
2132,FACE_OUTER_BOUND,"'',#8161,.T."
2133,FACE_OUTER_BOUND,"'',#8162,.T."
2134,FACE_OUTER_BOUND,"'',#8163,.T."
2135,FACE_OUTER_BOUND,"'',#8164,.T."
2136,FACE_OUTER_BOUND,"'',#8165,.T."
2137,FACE_OUTER_BOUND,"'',#8166,.T."
2138,FACE_OUTER_BOUND,"'',#8167,.T."
2139,FACE_OUTER_BOUND,"'',#8168,.T."
2140,FACE_OUTER_BOUND,"'',#8169,.T."
2141,FACE_OUTER_BOUND,"'',#8170,.T."
2142,FACE_OUTER_BOUND,"'',#8171,.T."
2143,FACE_OUTER_BOUND,"'',#8172,.T."
2144,FACE_OUTER_BOUND,"'',#8173,.T."
2145,FACE_OUTER_BOUND,"'',#8174,.T."
2146,FACE_OUTER_BOUND,"'',#8175,.T."
2147,FACE_OUTER_BOUND,"'',#8176,.T."
2148,FACE_OUTER_BOUND,"'',#8177,.T."
2149,FACE_OUTER_BOUND,"'',#8178,.T."
2150,FACE_OUTER_BOUND,"'',#8179,.T."
2151,FACE_OUTER_BOUND,"'',#8180,.T."
2152,FACE_OUTER_BOUND,"'',#8181,.T."
2153,FACE_OUTER_BOUND,"'',#8182,.T."
2154,FACE_OUTER_BOUND,"'',#8183,.T."
2155,FACE_OUTER_BOUND,"'',#8184,.T."
2156,FACE_OUTER_BOUND,"'',#8185,.T."
2157,FACE_OUTER_BOUND,"'',#8186,.T."
2158,FACE_OUTER_BOUND,"'',#8187,.T."
2159,FACE_OUTER_BOUND,"'',#8188,.T."
2160,FACE_OUTER_BOUND,"'',#8189,.T."
2161,FACE_OUTER_BOUND,"'',#8190,.T."
2162,FACE_OUTER_BOUND,"'',#8191,.T."
2163,FACE_OUTER_BOUND,"'',#8192,.T."
2164,FACE_OUTER_BOUND,"'',#8193,.T."
2165,FACE_OUTER_BOUND,"'',#8194,.T."
2166,FACE_OUTER_BOUND,"'',#8195,.T."
2167,FACE_OUTER_BOUND,"'',#8196,.T."
2168,FACE_OUTER_BOUND,"'',#8197,.T."
2169,FACE_OUTER_BOUND,"'',#8198,.T."
2170,FACE_OUTER_BOUND,"'',#8199,.T."
2171,FACE_OUTER_BOUND,"'',#8200,.T."
2172,FACE_OUTER_BOUND,"'',#8201,.T."
2173,FACE_OUTER_BOUND,"'',#8202,.T."
2174,FACE_OUTER_BOUND,"'',#8203,.T."
2175,FACE_OUTER_BOUND,"'',#8206,.T."
2176,FACE_OUTER_BOUND,"'',#8207,.T."
2177,FACE_OUTER_BOUND,"'',#8208,.T."
2178,FACE_OUTER_BOUND,"'',#8209,.T."
2179,FACE_OUTER_BOUND,"'',#8210,.T."
2180,FACE_OUTER_BOUND,"'',#8211,.T."
2181,FACE_OUTER_BOUND,"'',#8212,.T."
2182,FACE_OUTER_BOUND,"'',#8213,.T."
2183,FACE_OUTER_BOUND,"'',#8214,.T."
2184,FACE_OUTER_BOUND,"'',#8215,.T."
2185,FACE_OUTER_BOUND,"'',#8216,.T."
2186,FACE_OUTER_BOUND,"'',#8217,.T."
2187,FACE_OUTER_BOUND,"'',#8218,.T."
2188,FACE_OUTER_BOUND,"'',#8219,.T."
2189,FACE_OUTER_BOUND,"'',#8220,.T."
2190,FACE_OUTER_BOUND,"'',#8221,.T."
2191,FACE_OUTER_BOUND,"'',#8222,.T."
2192,FACE_OUTER_BOUND,"'',#8223,.T."
2193,FACE_OUTER_BOUND,"'',#8224,.T."
2194,FACE_OUTER_BOUND,"'',#8225,.T."
2195,FACE_OUTER_BOUND,"'',#8226,.T."
2196,FACE_OUTER_BOUND,"'',#8227,.T."
2197,FACE_OUTER_BOUND,"'',#8228,.T."
2198,FACE_OUTER_BOUND,"'',#8229,.T."
2199,FACE_OUTER_BOUND,"'',#8230,.T."
2200,FACE_OUTER_BOUND,"'',#8231,.T."
2201,FACE_OUTER_BOUND,"'',#8232,.T."
2202,FACE_OUTER_BOUND,"'',#8233,.T."
2203,FACE_OUTER_BOUND,"'',#8234,.T."
2204,FACE_OUTER_BOUND,"'',#8235,.T."
2205,FACE_OUTER_BOUND,"'',#8236,.T."
2206,FACE_OUTER_BOUND,"'',#8237,.T."
2207,FACE_OUTER_BOUND,"'',#8238,.T."
2208,FACE_OUTER_BOUND,"'',#8239,.T."
2209,FACE_OUTER_BOUND,"'',#8240,.T."
2210,FACE_OUTER_BOUND,"'',#8241,.T."
2211,FACE_OUTER_BOUND,"'',#8242,.T."
2212,FACE_OUTER_BOUND,"'',#8243,.T."
2213,FACE_OUTER_BOUND,"'',#8244,.T."
2214,FACE_OUTER_BOUND,"'',#8245,.T."
2215,FACE_OUTER_BOUND,"'',#8246,.T."
2216,FACE_OUTER_BOUND,"'',#8247,.T."
2217,FACE_OUTER_BOUND,"'',#8248,.T."
2218,FACE_OUTER_BOUND,"'',#8249,.T."
2219,FACE_OUTER_BOUND,"'',#8250,.T."
2220,FACE_OUTER_BOUND,"'',#8251,.T."
2221,FACE_OUTER_BOUND,"'',#8252,.T."
2222,FACE_OUTER_BOUND,"'',#8253,.T."
2223,FACE_OUTER_BOUND,"'',#8254,.T."
2224,FACE_OUTER_BOUND,"'',#8255,.T."
2225,FACE_OUTER_BOUND,"'',#8256,.T."
2226,FACE_OUTER_BOUND,"'',#8257,.T."
2227,FACE_OUTER_BOUND,"'',#8258,.T."
2228,FACE_OUTER_BOUND,"'',#8259,.T."
2229,FACE_OUTER_BOUND,"'',#8260,.T."
2230,FACE_OUTER_BOUND,"'',#8263,.T."
2231,FACE_OUTER_BOUND,"'',#8264,.T."
2232,FACE_OUTER_BOUND,"'',#8265,.T."
2233,FACE_OUTER_BOUND,"'',#8266,.T."
2234,FACE_OUTER_BOUND,"'',#8267,.T."
2235,FACE_OUTER_BOUND,"'',#8268,.T."
2236,FACE_OUTER_BOUND,"'',#8269,.T."
2237,FACE_OUTER_BOUND,"'',#8270,.T."
2238,FACE_OUTER_BOUND,"'',#8271,.T."
2239,FACE_OUTER_BOUND,"'',#8272,.T."
2240,FACE_OUTER_BOUND,"'',#8273,.T."
2241,FACE_OUTER_BOUND,"'',#8274,.T."
2242,FACE_OUTER_BOUND,"'',#8275,.T."
2243,FACE_OUTER_BOUND,"'',#8276,.T."
2244,FACE_OUTER_BOUND,"'',#8277,.T."
2245,FACE_OUTER_BOUND,"'',#8278,.T."
2246,FACE_OUTER_BOUND,"'',#8279,.T."
2247,FACE_OUTER_BOUND,"'',#8280,.T."
2248,FACE_OUTER_BOUND,"'',#8281,.T."
2249,FACE_OUTER_BOUND,"'',#8282,.T."
2250,FACE_OUTER_BOUND,"'',#8283,.T."
2251,FACE_OUTER_BOUND,"'',#8284,.T."
2252,FACE_OUTER_BOUND,"'',#8285,.T."
2253,FACE_OUTER_BOUND,"'',#8286,.T."
2254,FACE_OUTER_BOUND,"'',#8287,.T."
2255,FACE_OUTER_BOUND,"'',#8288,.T."
2256,FACE_OUTER_BOUND,"'',#8289,.T."
2257,FACE_OUTER_BOUND,"'',#8290,.T."
2258,FACE_OUTER_BOUND,"'',#8291,.T."
2259,FACE_OUTER_BOUND,"'',#8292,.T."
2260,FACE_OUTER_BOUND,"'',#8293,.T."
2261,FACE_OUTER_BOUND,"'',#8294,.T."
2262,FACE_OUTER_BOUND,"'',#8295,.T."
2263,FACE_OUTER_BOUND,"'',#8296,.T."
2264,FACE_OUTER_BOUND,"'',#8297,.T."
2265,FACE_OUTER_BOUND,"'',#8298,.T."
2266,FACE_OUTER_BOUND,"'',#8299,.T."
2267,FACE_OUTER_BOUND,"'',#8300,.T."
2268,FACE_OUTER_BOUND,"'',#8301,.T."
2269,FACE_OUTER_BOUND,"'',#8302,.T."
2270,FACE_OUTER_BOUND,"'',#8303,.T."
2271,FACE_OUTER_BOUND,"'',#8304,.T."
2272,FACE_OUTER_BOUND,"'',#8305,.T."
2273,FACE_OUTER_BOUND,"'',#8306,.T."
2274,FACE_OUTER_BOUND,"'',#8307,.T."
2275,FACE_OUTER_BOUND,"'',#8308,.T."
2276,FACE_OUTER_BOUND,"'',#8309,.T."
2277,FACE_OUTER_BOUND,"'',#8310,.T."
2278,FACE_OUTER_BOUND,"'',#8311,.T."
2279,FACE_OUTER_BOUND,"'',#8312,.T."
2280,FACE_OUTER_BOUND,"'',#8313,.T."
2281,FACE_OUTER_BOUND,"'',#8314,.T."
2282,FACE_OUTER_BOUND,"'',#8315,.T."
2283,FACE_OUTER_BOUND,"'',#8316,.T."
2284,FACE_OUTER_BOUND,"'',#8317,.T."
2285,FACE_OUTER_BOUND,"'',#8320,.T."
2286,FACE_OUTER_BOUND,"'',#8321,.T."
2287,FACE_OUTER_BOUND,"'',#8322,.T."
2288,FACE_OUTER_BOUND,"'',#8323,.T."
2289,FACE_OUTER_BOUND,"'',#8324,.T."
2290,FACE_OUTER_BOUND,"'',#8325,.T."
2291,FACE_OUTER_BOUND,"'',#8326,.T."
2292,FACE_OUTER_BOUND,"'',#8327,.T."
2293,FACE_OUTER_BOUND,"'',#8328,.T."
2294,FACE_OUTER_BOUND,"'',#8329,.T."
2295,FACE_OUTER_BOUND,"'',#8330,.T."
2296,FACE_OUTER_BOUND,"'',#8331,.T."
2297,FACE_OUTER_BOUND,"'',#8332,.T."
2298,FACE_OUTER_BOUND,"'',#8333,.T."
2299,FACE_OUTER_BOUND,"'',#8334,.T."
2300,FACE_OUTER_BOUND,"'',#8335,.T."
2301,FACE_OUTER_BOUND,"'',#8336,.T."
2302,FACE_OUTER_BOUND,"'',#8337,.T."
2303,FACE_OUTER_BOUND,"'',#8338,.T."
2304,FACE_OUTER_BOUND,"'',#8339,.T."
2305,FACE_OUTER_BOUND,"'',#8340,.T."
2306,FACE_OUTER_BOUND,"'',#8341,.T."
2307,FACE_OUTER_BOUND,"'',#8342,.T."
2308,FACE_OUTER_BOUND,"'',#8343,.T."
2309,FACE_OUTER_BOUND,"'',#8344,.T."
2310,FACE_OUTER_BOUND,"'',#8345,.T."
2311,FACE_OUTER_BOUND,"'',#8346,.T."
2312,FACE_OUTER_BOUND,"'',#8347,.T."
2313,FACE_OUTER_BOUND,"'',#8348,.T."
2314,FACE_OUTER_BOUND,"'',#8349,.T."
2315,FACE_OUTER_BOUND,"'',#8350,.T."
2316,FACE_OUTER_BOUND,"'',#8351,.T."
2317,FACE_OUTER_BOUND,"'',#8352,.T."
2318,FACE_OUTER_BOUND,"'',#8353,.T."
2319,FACE_OUTER_BOUND,"'',#8354,.T."
2320,FACE_OUTER_BOUND,"'',#8355,.T."
2321,FACE_OUTER_BOUND,"'',#8356,.T."
2322,FACE_OUTER_BOUND,"'',#8357,.T."
2323,FACE_OUTER_BOUND,"'',#8358,.T."
2324,FACE_OUTER_BOUND,"'',#8359,.T."
2325,FACE_OUTER_BOUND,"'',#8360,.T."
2326,FACE_OUTER_BOUND,"'',#8361,.T."
2327,FACE_OUTER_BOUND,"'',#8362,.T."
2328,FACE_OUTER_BOUND,"'',#8363,.T."
2329,FACE_OUTER_BOUND,"'',#8364,.T."
2330,FACE_OUTER_BOUND,"'',#8365,.T."
2331,FACE_OUTER_BOUND,"'',#8366,.T."
2332,FACE_OUTER_BOUND,"'',#8367,.T."
2333,FACE_OUTER_BOUND,"'',#8368,.T."
2334,FACE_OUTER_BOUND,"'',#8369,.T."
2335,FACE_OUTER_BOUND,"'',#8370,.T."
2336,FACE_OUTER_BOUND,"'',#8371,.T."
2337,FACE_OUTER_BOUND,"'',#8372,.T."
2338,FACE_OUTER_BOUND,"'',#8373,.T."
2339,FACE_OUTER_BOUND,"'',#8374,.T."
2340,FACE_OUTER_BOUND,"'',#8375,.T."
2341,FACE_OUTER_BOUND,"'',#8376,.T."
2342,FACE_OUTER_BOUND,"'',#8377,.T."
2343,FACE_OUTER_BOUND,"'',#8378,.T."
2344,FACE_OUTER_BOUND,"'',#8379,.T."
2345,FACE_OUTER_BOUND,"'',#8380,.T."
2346,FACE_OUTER_BOUND,"'',#8381,.T."
2347,FACE_OUTER_BOUND,"'',#8384,.T."
2348,FACE_OUTER_BOUND,"'',#8385,.T."
2349,FACE_OUTER_BOUND,"'',#8386,.T."
2350,FACE_OUTER_BOUND,"'',#8387,.T."
2351,FACE_OUTER_BOUND,"'',#8388,.T."
2352,FACE_OUTER_BOUND,"'',#8389,.T."
2353,FACE_OUTER_BOUND,"'',#8390,.T."
2354,FACE_OUTER_BOUND,"'',#8391,.T."
2355,FACE_OUTER_BOUND,"'',#8392,.T."
2356,FACE_OUTER_BOUND,"'',#8393,.T."
2357,FACE_OUTER_BOUND,"'',#8394,.T."
2358,FACE_OUTER_BOUND,"'',#8395,.T."
2359,FACE_OUTER_BOUND,"'',#8396,.T."
2360,FACE_OUTER_BOUND,"'',#8397,.T."
2361,FACE_OUTER_BOUND,"'',#8398,.T."
2362,FACE_OUTER_BOUND,"'',#8399,.T."
2363,FACE_OUTER_BOUND,"'',#8400,.T."
2364,FACE_OUTER_BOUND,"'',#8401,.T."
2365,FACE_OUTER_BOUND,"'',#8402,.T."
2366,FACE_OUTER_BOUND,"'',#8403,.T."
2367,FACE_OUTER_BOUND,"'',#8404,.T."
2368,FACE_OUTER_BOUND,"'',#8405,.T."
2369,FACE_OUTER_BOUND,"'',#8406,.T."
2370,FACE_OUTER_BOUND,"'',#8407,.T."
2371,FACE_OUTER_BOUND,"'',#8408,.T."
2372,FACE_OUTER_BOUND,"'',#8409,.T."
2373,FACE_OUTER_BOUND,"'',#8410,.T."
2374,FACE_OUTER_BOUND,"'',#8411,.T."
2375,FACE_OUTER_BOUND,"'',#8412,.T."
2376,FACE_OUTER_BOUND,"'',#8413,.T."
2377,FACE_OUTER_BOUND,"'',#8414,.T."
2378,FACE_OUTER_BOUND,"'',#8415,.T."
2379,FACE_OUTER_BOUND,"'',#8416,.T."
2380,FACE_OUTER_BOUND,"'',#8417,.T."
2381,FACE_OUTER_BOUND,"'',#8418,.T."
2382,FACE_OUTER_BOUND,"'',#8419,.T."
2383,FACE_OUTER_BOUND,"'',#8420,.T."
2384,FACE_OUTER_BOUND,"'',#8421,.T."
2385,FACE_OUTER_BOUND,"'',#8422,.T."
2386,FACE_OUTER_BOUND,"'',#8423,.T."
2387,FACE_OUTER_BOUND,"'',#8424,.T."
2388,FACE_OUTER_BOUND,"'',#8425,.T."
2389,FACE_OUTER_BOUND,"'',#8426,.T."
2390,FACE_OUTER_BOUND,"'',#8427,.T."
2391,FACE_OUTER_BOUND,"'',#8428,.T."
2392,FACE_OUTER_BOUND,"'',#8429,.T."
2393,FACE_OUTER_BOUND,"'',#8430,.T."
2394,FACE_OUTER_BOUND,"'',#8431,.T."
2395,FACE_OUTER_BOUND,"'',#8432,.T."
2396,FACE_OUTER_BOUND,"'',#8433,.T."
2397,FACE_OUTER_BOUND,"'',#8434,.T."
2398,FACE_OUTER_BOUND,"'',#8435,.T."
2399,FACE_OUTER_BOUND,"'',#8436,.T."
2400,FACE_OUTER_BOUND,"'',#8437,.T."
2401,FACE_OUTER_BOUND,"'',#8438,.T."
2402,FACE_OUTER_BOUND,"'',#8441,.T."
2403,FACE_OUTER_BOUND,"'',#8442,.T."
2404,FACE_OUTER_BOUND,"'',#8443,.T."
2405,FACE_OUTER_BOUND,"'',#8444,.T."
2406,FACE_OUTER_BOUND,"'',#8445,.T."
2407,FACE_OUTER_BOUND,"'',#8446,.T."
2408,FACE_OUTER_BOUND,"'',#8447,.T."
2409,FACE_OUTER_BOUND,"'',#8448,.T."
2410,FACE_OUTER_BOUND,"'',#8449,.T."
2411,FACE_OUTER_BOUND,"'',#8450,.T."
2412,FACE_OUTER_BOUND,"'',#8451,.T."
2413,FACE_OUTER_BOUND,"'',#8452,.T."
2414,FACE_OUTER_BOUND,"'',#8453,.T."
2415,FACE_OUTER_BOUND,"'',#8454,.T."
2416,FACE_OUTER_BOUND,"'',#8455,.T."
2417,FACE_OUTER_BOUND,"'',#8456,.T."
2418,FACE_OUTER_BOUND,"'',#8457,.T."
2419,FACE_OUTER_BOUND,"'',#8458,.T."
2420,FACE_OUTER_BOUND,"'',#8459,.T."
2421,FACE_OUTER_BOUND,"'',#8460,.T."
2422,FACE_OUTER_BOUND,"'',#8461,.T."
2423,FACE_OUTER_BOUND,"'',#8462,.T."
2424,FACE_OUTER_BOUND,"'',#8463,.T."
2425,FACE_OUTER_BOUND,"'',#8464,.T."
2426,FACE_OUTER_BOUND,"'',#8465,.T."
2427,FACE_OUTER_BOUND,"'',#8466,.T."
2428,FACE_OUTER_BOUND,"'',#8467,.T."
2429,FACE_OUTER_BOUND,"'',#8468,.T."
2430,FACE_OUTER_BOUND,"'',#8469,.T."
2431,FACE_OUTER_BOUND,"'',#8486,.T."
2432,FACE_OUTER_BOUND,"'',#8487,.T."
2433,FACE_OUTER_BOUND,"'',#8488,.T."
2434,FACE_OUTER_BOUND,"'',#8489,.T."
2435,FACE_OUTER_BOUND,"'',#8490,.T."
2436,FACE_OUTER_BOUND,"'',#8491,.T."
2437,FACE_OUTER_BOUND,"'',#8492,.T."
2438,FACE_OUTER_BOUND,"'',#8493,.T."
2439,FACE_OUTER_BOUND,"'',#8494,.T."
2440,FACE_OUTER_BOUND,"'',#8495,.T."
2441,FACE_OUTER_BOUND,"'',#8496,.T."
2442,FACE_OUTER_BOUND,"'',#8497,.T."
2443,FACE_OUTER_BOUND,"'',#8498,.T."
2444,FACE_OUTER_BOUND,"'',#8499,.T."
2445,FACE_OUTER_BOUND,"'',#8500,.T."
2446,FACE_OUTER_BOUND,"'',#8501,.T."
2447,FACE_OUTER_BOUND,"'',#8502,.T."
2448,FACE_OUTER_BOUND,"'',#8503,.T."
2449,FACE_OUTER_BOUND,"'',#8504,.T."
2450,FACE_OUTER_BOUND,"'',#8505,.T."
2451,FACE_OUTER_BOUND,"'',#8506,.T."
2452,FACE_OUTER_BOUND,"'',#8507,.T."
2453,FACE_OUTER_BOUND,"'',#8508,.T."
2454,FACE_OUTER_BOUND,"'',#8509,.T."
2455,FACE_OUTER_BOUND,"'',#8510,.T."
2456,FACE_OUTER_BOUND,"'',#8511,.T."
2457,FACE_OUTER_BOUND,"'',#8512,.T."
2458,FACE_OUTER_BOUND,"'',#8513,.T."
2459,FACE_OUTER_BOUND,"'',#8514,.T."
2460,FACE_OUTER_BOUND,"'',#8515,.T."
2461,FACE_OUTER_BOUND,"'',#8516,.T."
2462,FACE_OUTER_BOUND,"'',#8517,.T."
2463,FACE_OUTER_BOUND,"'',#8518,.T."
2464,FACE_OUTER_BOUND,"'',#8519,.T."
2465,FACE_OUTER_BOUND,"'',#8520,.T."
2466,FACE_OUTER_BOUND,"'',#8521,.T."
2467,FACE_OUTER_BOUND,"'',#8522,.T."
2468,FACE_OUTER_BOUND,"'',#8523,.T."
2469,FACE_OUTER_BOUND,"'',#8524,.T."
2470,FACE_OUTER_BOUND,"'',#8527,.T."
2471,FACE_OUTER_BOUND,"'',#8528,.T."
2472,FACE_OUTER_BOUND,"'',#8529,.T."
2473,FACE_OUTER_BOUND,"'',#8530,.T."
2474,FACE_OUTER_BOUND,"'',#8531,.T."
2475,FACE_OUTER_BOUND,"'',#8532,.T."
2476,FACE_OUTER_BOUND,"'',#8533,.T."
2477,FACE_OUTER_BOUND,"'',#8534,.T."
2478,FACE_OUTER_BOUND,"'',#8535,.T."
2479,FACE_OUTER_BOUND,"'',#8536,.T."
2480,FACE_OUTER_BOUND,"'',#8537,.T."
2481,FACE_OUTER_BOUND,"'',#8538,.T."
2482,FACE_OUTER_BOUND,"'',#8539,.T."
2483,FACE_OUTER_BOUND,"'',#8540,.T."
2484,FACE_OUTER_BOUND,"'',#8541,.T."
2485,FACE_OUTER_BOUND,"'',#8552,.T."
2486,FACE_OUTER_BOUND,"'',#8553,.T."
2487,FACE_OUTER_BOUND,"'',#8554,.T."
2488,FACE_OUTER_BOUND,"'',#8555,.T."
2489,FACE_OUTER_BOUND,"'',#8556,.T."
2490,FACE_OUTER_BOUND,"'',#8557,.T."
2491,FACE_OUTER_BOUND,"'',#8560,.T."
2492,FACE_OUTER_BOUND,"'',#8561,.T."
2493,FACE_OUTER_BOUND,"'',#8567,.T."
2494,FACE_OUTER_BOUND,"'',#8573,.T."
2495,FACE_OUTER_BOUND,"'',#8576,.T."
2496,FACE_OUTER_BOUND,"'',#8577,.T."
2497,FACE_OUTER_BOUND,"'',#8583,.T."
2498,FACE_OUTER_BOUND,"'',#8591,.T."
2499,FACE_OUTER_BOUND,"'',#8594,.T."
2500,FACE_OUTER_BOUND,"'',#8597,.T."
2501,FACE_OUTER_BOUND,"'',#8600,.T."
2502,FACE_OUTER_BOUND,"'',#8603,.T."
2503,FACE_OUTER_BOUND,"'',#8606,.T."
2504,FACE_OUTER_BOUND,"'',#8609,.T."
2505,FACE_OUTER_BOUND,"'',#8612,.T."
2506,FACE_OUTER_BOUND,"'',#8625,.T."
2507,FACE_OUTER_BOUND,"'',#8626,.T."
2508,FACE_OUTER_BOUND,"'',#8627,.T."
2509,FACE_OUTER_BOUND,"'',#8628,.T."
2510,FACE_OUTER_BOUND,"'',#8629,.T."
2511,FACE_OUTER_BOUND,"'',#8630,.T."
2512,FACE_OUTER_BOUND,"'',#8631,.T."
2513,FACE_OUTER_BOUND,"'',#8632,.T."
2514,FACE_OUTER_BOUND,"'',#8633,.T."
2515,FACE_OUTER_BOUND,"'',#8634,.T."
2516,FACE_OUTER_BOUND,"'',#8635,.T."
2517,FACE_OUTER_BOUND,"'',#8636,.T."
2518,FACE_OUTER_BOUND,"'',#8637,.T."
2519,FACE_OUTER_BOUND,"'',#8638,.T."
2520,FACE_OUTER_BOUND,"'',#8639,.T."
2521,FACE_OUTER_BOUND,"'',#8640,.T."
2522,FACE_OUTER_BOUND,"'',#8641,.T."
2523,FACE_OUTER_BOUND,"'',#8642,.T."
2524,FACE_OUTER_BOUND,"'',#8643,.T."
2525,FACE_OUTER_BOUND,"'',#8644,.T."
2526,FACE_OUTER_BOUND,"'',#8645,.T."
2527,FACE_OUTER_BOUND,"'',#8646,.T."
2528,FACE_OUTER_BOUND,"'',#8647,.T."
2529,FACE_OUTER_BOUND,"'',#8648,.T."
2530,FACE_OUTER_BOUND,"'',#8649,.T."
2531,FACE_OUTER_BOUND,"'',#8650,.T."
2532,FACE_OUTER_BOUND,"'',#8651,.T."
2533,FACE_OUTER_BOUND,"'',#8652,.T."
2534,FACE_OUTER_BOUND,"'',#8653,.T."
2535,FACE_OUTER_BOUND,"'',#8654,.T."
2536,FACE_OUTER_BOUND,"'',#8655,.T."
2537,FACE_OUTER_BOUND,"'',#8656,.T."
2538,FACE_OUTER_BOUND,"'',#8657,.T."
2539,FACE_OUTER_BOUND,"'',#8658,.T."
2540,FACE_OUTER_BOUND,"'',#8659,.T."
2541,FACE_OUTER_BOUND,"'',#8660,.T."
2542,FACE_OUTER_BOUND,"'',#8661,.T."
2543,FACE_OUTER_BOUND,"'',#8662,.T."
2544,FACE_OUTER_BOUND,"'',#8663,.T."
2545,FACE_OUTER_BOUND,"'',#8664,.T."
2546,FACE_OUTER_BOUND,"'',#8665,.T."
2547,FACE_OUTER_BOUND,"'',#8666,.T."
2548,FACE_OUTER_BOUND,"'',#8667,.T."
2549,FACE_OUTER_BOUND,"'',#8668,.T."
2550,FACE_OUTER_BOUND,"'',#8669,.T."
2551,FACE_OUTER_BOUND,"'',#8670,.T."
2552,FACE_OUTER_BOUND,"'',#8671,.T."
2553,FACE_OUTER_BOUND,"'',#8672,.T."
2554,FACE_OUTER_BOUND,"'',#8673,.T."
2555,FACE_OUTER_BOUND,"'',#8674,.T."
2556,FACE_OUTER_BOUND,"'',#8675,.T."
2557,FACE_OUTER_BOUND,"'',#8676,.T."
2558,FACE_OUTER_BOUND,"'',#8677,.T."
2559,FACE_OUTER_BOUND,"'',#8678,.T."
2560,FACE_OUTER_BOUND,"'',#8679,.T."
2561,FACE_OUTER_BOUND,"'',#8680,.T."
2562,FACE_OUTER_BOUND,"'',#8681,.T."
2563,FACE_OUTER_BOUND,"'',#8682,.T."
2564,FACE_OUTER_BOUND,"'',#8683,.T."
2565,FACE_OUTER_BOUND,"'',#8684,.T."
2566,FACE_OUTER_BOUND,"'',#8685,.T."
2567,FACE_OUTER_BOUND,"'',#8686,.T."
2568,FACE_OUTER_BOUND,"'',#8687,.T."
2569,FACE_OUTER_BOUND,"'',#8688,.T."
2570,FACE_OUTER_BOUND,"'',#8689,.T."
2571,FACE_OUTER_BOUND,"'',#8690,.T."
2572,FACE_OUTER_BOUND,"'',#8691,.T."
2573,FACE_OUTER_BOUND,"'',#8692,.T."
2574,FACE_OUTER_BOUND,"'',#8693,.T."
2575,FACE_OUTER_BOUND,"'',#8694,.T."
2576,FACE_OUTER_BOUND,"'',#8695,.T."
2577,FACE_OUTER_BOUND,"'',#8696,.T."
2578,FACE_OUTER_BOUND,"'',#8697,.T."
2579,FACE_OUTER_BOUND,"'',#8698,.T."
2580,FACE_OUTER_BOUND,"'',#8699,.T."
2581,FACE_OUTER_BOUND,"'',#8700,.T."
2582,FACE_OUTER_BOUND,"'',#8701,.T."
2583,FACE_OUTER_BOUND,"'',#8702,.T."
2584,FACE_OUTER_BOUND,"'',#8703,.T."
2585,FACE_OUTER_BOUND,"'',#8704,.T."
2586,FACE_OUTER_BOUND,"'',#8821,.T."
2587,FACE_OUTER_BOUND,"'',#8822,.T."
2588,FACE_OUTER_BOUND,"'',#8823,.T."
2589,FACE_OUTER_BOUND,"'',#8824,.T."
2590,FACE_OUTER_BOUND,"'',#8825,.T."
2591,FACE_OUTER_BOUND,"'',#8826,.T."
2592,FACE_OUTER_BOUND,"'',#8827,.T."
2593,FACE_OUTER_BOUND,"'',#8828,.T."
2594,FACE_OUTER_BOUND,"'',#8829,.T."
2595,FACE_OUTER_BOUND,"'',#8830,.T."
2596,FACE_OUTER_BOUND,"'',#8831,.T."
2597,FACE_OUTER_BOUND,"'',#8832,.T."
2598,FACE_OUTER_BOUND,"'',#8833,.T."
2599,FACE_OUTER_BOUND,"'',#8834,.T."
2600,FACE_OUTER_BOUND,"'',#8835,.T."
2601,FACE_OUTER_BOUND,"'',#8836,.T."
2602,FACE_OUTER_BOUND,"'',#8837,.T."
2603,FACE_OUTER_BOUND,"'',#8838,.T."
2604,FACE_OUTER_BOUND,"'',#8839,.T."
2605,FACE_OUTER_BOUND,"'',#8840,.T."
2606,FACE_OUTER_BOUND,"'',#8841,.T."
2607,FACE_OUTER_BOUND,"'',#8842,.T."
2608,FACE_OUTER_BOUND,"'',#8843,.T."
2609,FACE_OUTER_BOUND,"'',#8844,.T."
2610,FACE_OUTER_BOUND,"'',#8845,.T."
2611,FACE_OUTER_BOUND,"'',#8846,.T."
2612,FACE_OUTER_BOUND,"'',#8847,.T."
2613,FACE_OUTER_BOUND,"'',#8848,.T."
2614,FACE_OUTER_BOUND,"'',#8849,.T."
2615,FACE_OUTER_BOUND,"'',#8850,.T."
2616,FACE_OUTER_BOUND,"'',#8851,.T."
2617,FACE_OUTER_BOUND,"'',#8852,.T."
2618,FACE_OUTER_BOUND,"'',#8853,.T."
2619,FACE_OUTER_BOUND,"'',#8854,.T."
2620,FACE_OUTER_BOUND,"'',#8855,.T."
2621,FACE_OUTER_BOUND,"'',#8856,.T."
2622,FACE_OUTER_BOUND,"'',#8857,.T."
2623,FACE_OUTER_BOUND,"'',#8858,.T."
2624,FACE_OUTER_BOUND,"'',#8859,.T."
2625,FACE_OUTER_BOUND,"'',#8860,.T."
2626,FACE_OUTER_BOUND,"'',#8861,.T."
2627,FACE_OUTER_BOUND,"'',#8862,.T."
2628,FACE_OUTER_BOUND,"'',#8863,.T."
2629,FACE_OUTER_BOUND,"'',#8864,.T."
2630,FACE_OUTER_BOUND,"'',#8865,.T."
2631,FACE_OUTER_BOUND,"'',#8866,.T."
2632,FACE_OUTER_BOUND,"'',#8867,.T."
2633,FACE_OUTER_BOUND,"'',#8868,.T."
2634,FACE_OUTER_BOUND,"'',#8869,.T."
2635,FACE_OUTER_BOUND,"'',#8870,.T."
2636,FACE_OUTER_BOUND,"'',#8871,.T."
2637,FACE_OUTER_BOUND,"'',#8872,.T."
2638,FACE_OUTER_BOUND,"'',#8873,.T."
2639,FACE_OUTER_BOUND,"'',#8874,.T."
2640,FACE_OUTER_BOUND,"'',#8875,.T."
2641,FACE_OUTER_BOUND,"'',#8876,.T."
2642,FACE_OUTER_BOUND,"'',#8877,.T."
2643,FACE_OUTER_BOUND,"'',#8878,.T."
2644,FACE_OUTER_BOUND,"'',#8879,.T."
2645,FACE_OUTER_BOUND,"'',#8880,.T."
2646,FACE_OUTER_BOUND,"'',#8881,.T."
2647,FACE_OUTER_BOUND,"'',#8882,.T."
2648,FACE_OUTER_BOUND,"'',#8883,.T."
2649,FACE_OUTER_BOUND,"'',#8884,.T."
2650,FACE_OUTER_BOUND,"'',#8885,.T."
2651,FACE_OUTER_BOUND,"'',#8886,.T."
2652,FACE_OUTER_BOUND,"'',#8887,.T."
2653,FACE_OUTER_BOUND,"'',#8888,.T."
2654,FACE_OUTER_BOUND,"'',#8889,.T."
2655,FACE_OUTER_BOUND,"'',#8890,.T."
2656,FACE_OUTER_BOUND,"'',#8891,.T."
2657,FACE_OUTER_BOUND,"'',#8892,.T."
2658,FACE_OUTER_BOUND,"'',#8893,.T."
2659,FACE_OUTER_BOUND,"'',#8894,.T."
2660,FACE_OUTER_BOUND,"'',#8895,.T."
2661,FACE_OUTER_BOUND,"'',#8896,.T."
2662,FACE_OUTER_BOUND,"'',#8989,.T."
2663,FACE_OUTER_BOUND,"'',#8990,.T."
2664,FACE_OUTER_BOUND,"'',#8991,.T."
2665,FACE_OUTER_BOUND,"'',#8992,.T."
2666,FACE_OUTER_BOUND,"'',#8999,.T."
2667,FACE_OUTER_BOUND,"'',#9000,.T."
2668,FACE_OUTER_BOUND,"'',#9001,.T."
2669,FACE_OUTER_BOUND,"'',#9002,.T."
2670,FACE_OUTER_BOUND,"'',#9003,.T."
2671,FACE_OUTER_BOUND,"'',#9010,.T."
2672,FACE_OUTER_BOUND,"'',#9011,.T."
2673,FACE_OUTER_BOUND,"'',#9012,.T."
2674,FACE_OUTER_BOUND,"'',#9013,.T."
2675,FACE_OUTER_BOUND,"'',#9014,.T."
2676,FACE_OUTER_BOUND,"'',#9015,.T."
2677,FACE_OUTER_BOUND,"'',#9016,.T."
2678,FACE_OUTER_BOUND,"'',#9017,.T."
2679,FACE_OUTER_BOUND,"'',#9018,.T."
2680,FACE_OUTER_BOUND,"'',#9019,.T."
2681,FACE_OUTER_BOUND,"'',#9020,.T."
2682,FACE_OUTER_BOUND,"'',#9021,.T."
2683,FACE_OUTER_BOUND,"'',#9022,.T."
2684,FACE_OUTER_BOUND,"'',#9023,.T."
2685,FACE_OUTER_BOUND,"'',#9024,.T."
2686,FACE_OUTER_BOUND,"'',#9025,.T."
2687,FACE_OUTER_BOUND,"'',#9026,.T."
2688,FACE_OUTER_BOUND,"'',#9047,.T."
2689,FACE_OUTER_BOUND,"'',#9048,.T."
2690,FACE_OUTER_BOUND,"'',#9049,.T."
2691,FACE_OUTER_BOUND,"'',#9050,.T."
2692,FACE_OUTER_BOUND,"'',#9051,.T."
2693,FACE_OUTER_BOUND,"'',#9052,.T."
2694,FACE_OUTER_BOUND,"'',#9053,.T."
2695,FACE_OUTER_BOUND,"'',#9054,.T."
2696,FACE_OUTER_BOUND,"'',#9075,.T."
2697,FACE_OUTER_BOUND,"'',#9076,.T."
2698,FACE_OUTER_BOUND,"'',#9077,.T."
2699,FACE_OUTER_BOUND,"'',#9078,.T."
2700,FACE_OUTER_BOUND,"'',#9079,.T."
2701,FACE_OUTER_BOUND,"'',#9080,.T."
2702,FACE_OUTER_BOUND,"'',#9081,.T."
2703,FACE_OUTER_BOUND,"'',#9082,.T."
2704,FACE_OUTER_BOUND,"'',#9083,.T."
2705,FACE_OUTER_BOUND,"'',#9084,.T."
2706,FACE_OUTER_BOUND,"'',#9085,.T."
2707,FACE_OUTER_BOUND,"'',#9086,.T."
2708,FACE_OUTER_BOUND,"'',#9087,.T."
2709,FACE_OUTER_BOUND,"'',#9088,.T."
2710,FACE_OUTER_BOUND,"'',#9089,.T."
2711,FACE_OUTER_BOUND,"'',#9090,.T."
2712,FACE_OUTER_BOUND,"'',#9091,.T."
2713,FACE_OUTER_BOUND,"'',#9092,.T."
2714,FACE_OUTER_BOUND,"'',#9093,.T."
2715,FACE_OUTER_BOUND,"'',#9094,.T."
2716,FACE_OUTER_BOUND,"'',#9095,.T."
2717,FACE_OUTER_BOUND,"'',#9096,.T."
2718,FACE_OUTER_BOUND,"'',#9097,.T."
2719,FACE_OUTER_BOUND,"'',#9098,.T."
2720,FACE_OUTER_BOUND,"'',#9099,.T."
2721,FACE_OUTER_BOUND,"'',#9100,.T."
2722,FACE_OUTER_BOUND,"'',#9101,.T."
2723,FACE_OUTER_BOUND,"'',#9102,.T."
2724,FACE_OUTER_BOUND,"'',#9103,.T."
2725,FACE_OUTER_BOUND,"'',#9104,.T."
2726,FACE_OUTER_BOUND,"'',#9105,.T."
2727,FACE_OUTER_BOUND,"'',#9106,.T."
2728,FACE_OUTER_BOUND,"'',#9107,.T."
2729,FACE_OUTER_BOUND,"'',#9108,.T."
2730,FACE_OUTER_BOUND,"'',#9109,.T."
2731,FACE_OUTER_BOUND,"'',#9110,.T."
2732,FACE_OUTER_BOUND,"'',#9111,.T."
2733,FACE_OUTER_BOUND,"'',#9112,.T."
2734,FACE_OUTER_BOUND,"'',#9113,.T."
2735,FACE_OUTER_BOUND,"'',#9114,.T."
2736,FACE_OUTER_BOUND,"'',#9115,.T."
2737,FACE_OUTER_BOUND,"'',#9116,.T."
2738,FACE_OUTER_BOUND,"'',#9117,.T."
2739,FACE_OUTER_BOUND,"'',#9118,.T."
2740,FACE_OUTER_BOUND,"'',#9119,.T."
2741,FACE_OUTER_BOUND,"'',#9120,.T."
2742,FACE_OUTER_BOUND,"'',#9121,.T."
2743,FACE_OUTER_BOUND,"'',#9122,.T."
2744,FACE_OUTER_BOUND,"'',#9123,.T."
2745,FACE_OUTER_BOUND,"'',#9124,.T."
2746,FACE_OUTER_BOUND,"'',#9125,.T."
2747,FACE_OUTER_BOUND,"'',#9126,.T."
2748,FACE_OUTER_BOUND,"'',#9127,.T."
2749,FACE_OUTER_BOUND,"'',#9128,.T."
2750,FACE_OUTER_BOUND,"'',#9129,.T."
2751,FACE_OUTER_BOUND,"'',#9130,.T."
2752,FACE_OUTER_BOUND,"'',#9131,.T."
2753,FACE_OUTER_BOUND,"'',#9132,.T."
2754,FACE_OUTER_BOUND,"'',#9133,.T."
2755,FACE_OUTER_BOUND,"'',#9134,.T."
2756,FACE_OUTER_BOUND,"'',#9135,.T."
2757,FACE_OUTER_BOUND,"'',#9136,.T."
2758,FACE_OUTER_BOUND,"'',#9137,.T."
2759,FACE_OUTER_BOUND,"'',#9138,.T."
2760,FACE_OUTER_BOUND,"'',#9139,.T."
2761,FACE_OUTER_BOUND,"'',#9140,.T."
2762,FACE_OUTER_BOUND,"'',#9141,.T."
2763,FACE_OUTER_BOUND,"'',#9142,.T."
2764,FACE_OUTER_BOUND,"'',#9143,.T."
2765,FACE_OUTER_BOUND,"'',#9144,.T."
2766,FACE_OUTER_BOUND,"'',#9145,.T."
2767,FACE_OUTER_BOUND,"'',#9146,.T."
2768,FACE_OUTER_BOUND,"'',#9147,.T."
2769,FACE_OUTER_BOUND,"'',#9148,.T."
2770,FACE_OUTER_BOUND,"'',#9149,.T."
2771,FACE_OUTER_BOUND,"'',#9150,.T."
2772,FACE_OUTER_BOUND,"'',#9151,.T."
2773,FACE_OUTER_BOUND,"'',#9152,.T."
2774,FACE_OUTER_BOUND,"'',#9153,.T."
2775,FACE_OUTER_BOUND,"'',#9154,.T."
2776,FACE_OUTER_BOUND,"'',#9155,.T."
2777,FACE_OUTER_BOUND,"'',#9156,.T."
2778,FACE_OUTER_BOUND,"'',#9157,.T."
2779,FACE_OUTER_BOUND,"'',#9158,.T."
2780,FACE_OUTER_BOUND,"'',#9159,.T."
2781,FACE_OUTER_BOUND,"'',#9160,.T."
2782,FACE_OUTER_BOUND,"'',#9161,.T."
2783,FACE_OUTER_BOUND,"'',#9162,.T."
2784,FACE_OUTER_BOUND,"'',#9163,.T."
2785,FACE_OUTER_BOUND,"'',#9164,.T."
2786,FACE_OUTER_BOUND,"'',#9165,.T."
2787,FACE_OUTER_BOUND,"'',#9166,.T."
2788,FACE_OUTER_BOUND,"'',#9167,.T."
2789,FACE_OUTER_BOUND,"'',#9168,.T."
2790,FACE_OUTER_BOUND,"'',#9169,.T."
2791,FACE_OUTER_BOUND,"'',#9170,.T."
2792,LINE,"'',#27601,#4076"
2793,LINE,"'',#27604,#4077"
2794,LINE,"'',#27608,#4078"
2795,LINE,"'',#27610,#4079"
2796,LINE,"'',#27614,#4080"
2797,LINE,"'',#27618,#4081"
2798,LINE,"'',#27638,#4082"
2799,LINE,"'',#27643,#4083"
2800,LINE,"'',#27647,#4084"
2801,LINE,"'',#27651,#4085"
2802,LINE,"'',#27655,#4086"
2803,LINE,"'',#27659,#4087"
2804,LINE,"'',#27663,#4088"
2805,LINE,"'',#27667,#4089"
2806,LINE,"'',#27671,#4090"
2807,LINE,"'',#27687,#4091"
2808,LINE,"'',#27692,#4092"
2809,LINE,"'',#27696,#4093"
2810,LINE,"'',#27700,#4094"
2811,LINE,"'',#27704,#4095"
2812,LINE,"'',#27708,#4096"
2813,LINE,"'',#27712,#4097"
2814,LINE,"'',#27716,#4098"
2815,LINE,"'',#27720,#4099"
2816,LINE,"'',#27736,#4100"
2817,LINE,"'',#27741,#4101"
2818,LINE,"'',#27745,#4102"
2819,LINE,"'',#27749,#4103"
2820,LINE,"'',#27753,#4104"
2821,LINE,"'',#27757,#4105"
2822,LINE,"'',#27761,#4106"
2823,LINE,"'',#27765,#4107"
2824,LINE,"'',#27769,#4108"
2825,LINE,"'',#27785,#4109"
2826,LINE,"'',#27790,#4110"
2827,LINE,"'',#27794,#4111"
2828,LINE,"'',#27798,#4112"
2829,LINE,"'',#27802,#4113"
2830,LINE,"'',#27806,#4114"
2831,LINE,"'',#27810,#4115"
2832,LINE,"'',#27814,#4116"
2833,LINE,"'',#27818,#4117"
2834,LINE,"'',#27824,#4118"
2835,LINE,"'',#27826,#4119"
2836,LINE,"'',#27828,#4120"
2837,LINE,"'',#27830,#4121"
2838,LINE,"'',#27832,#4122"
2839,LINE,"'',#27834,#4123"
2840,LINE,"'',#27836,#4124"
2841,LINE,"'',#27838,#4125"
2842,LINE,"'',#27840,#4126"
2843,LINE,"'',#27842,#4127"
2844,LINE,"'',#27844,#4128"
2845,LINE,"'',#27846,#4129"
2846,LINE,"'',#27848,#4130"
2847,LINE,"'',#27850,#4131"
2848,LINE,"'',#27875,#4132"
2849,LINE,"'',#27879,#4133"
2850,LINE,"'',#27885,#4134"
2851,LINE,"'',#27889,#4135"
2852,LINE,"'',#27893,#4136"
2853,LINE,"'',#27897,#4137"
2854,LINE,"'',#27901,#4138"
2855,LINE,"'',#27905,#4139"
2856,LINE,"'',#27909,#4140"
2857,LINE,"'',#27913,#4141"
2858,LINE,"'',#27917,#4142"
2859,LINE,"'',#27923,#4143"
2860,LINE,"'',#27927,#4144"
2861,LINE,"'',#27931,#4145"
2862,LINE,"'',#27935,#4146"
2863,LINE,"'',#27939,#4147"
2864,LINE,"'',#27943,#4148"
2865,LINE,"'',#27947,#4149"
2866,LINE,"'',#27951,#4150"
2867,LINE,"'',#27955,#4151"
2868,LINE,"'',#27959,#4152"
2869,LINE,"'',#27963,#4153"
2870,LINE,"'',#27967,#4154"
2871,LINE,"'',#27971,#4155"
2872,LINE,"'',#27975,#4156"
2873,LINE,"'',#27979,#4157"
2874,LINE,"'',#27985,#4158"
2875,LINE,"'',#27989,#4159"
2876,LINE,"'',#27995,#4160"
2877,LINE,"'',#27999,#4161"
2878,LINE,"'',#28003,#4162"
2879,LINE,"'',#28007,#4163"
2880,LINE,"'',#28011,#4164"
2881,LINE,"'',#28015,#4165"
2882,LINE,"'',#28019,#4166"
2883,LINE,"'',#28023,#4167"
2884,LINE,"'',#28042,#4168"
2885,LINE,"'',#28045,#4169"
2886,LINE,"'',#28047,#4170"
2887,LINE,"'',#28049,#4171"
2888,LINE,"'',#28072,#4172"
2889,LINE,"'',#28075,#4173"
2890,LINE,"'',#28077,#4174"
2891,LINE,"'',#28081,#4175"
2892,LINE,"'',#28085,#4176"
2893,LINE,"'',#28087,#4177"
2894,LINE,"'',#28089,#4178"
2895,LINE,"'',#28091,#4179"
2896,LINE,"'',#28093,#4180"
2897,LINE,"'',#28095,#4181"
2898,LINE,"'',#28097,#4182"
2899,LINE,"'',#28099,#4183"
2900,LINE,"'',#28101,#4184"
2901,LINE,"'',#28103,#4185"
2902,LINE,"'',#28105,#4186"
2903,LINE,"'',#28107,#4187"
2904,LINE,"'',#28117,#4188"
2905,LINE,"'',#28120,#4189"
2906,LINE,"'',#28122,#4190"
2907,LINE,"'',#28124,#4191"
2908,LINE,"'',#28126,#4192"
2909,LINE,"'',#28128,#4193"
2910,LINE,"'',#28130,#4194"
2911,LINE,"'',#28132,#4195"
2912,LINE,"'',#28134,#4196"
2913,LINE,"'',#28138,#4197"
2914,LINE,"'',#28144,#4198"
2915,LINE,"'',#28154,#4199"
2916,LINE,"'',#28160,#4200"
2917,LINE,"'',#28162,#4201"
2918,LINE,"'',#28164,#4202"
2919,LINE,"'',#28165,#4203"
2920,LINE,"'',#28168,#4204"
2921,LINE,"'',#28180,#4205"
2922,LINE,"'',#28182,#4206"
2923,LINE,"'',#28184,#4207"
2924,LINE,"'',#28186,#4208"
2925,LINE,"'',#28188,#4209"
2926,LINE,"'',#28190,#4210"
2927,LINE,"'',#28192,#4211"
2928,LINE,"'',#28194,#4212"
2929,LINE,"'',#28196,#4213"
2930,LINE,"'',#28198,#4214"
2931,LINE,"'',#28200,#4215"
2932,LINE,"'',#28244,#4216"
2933,LINE,"'',#28245,#4217"
2934,LINE,"'',#28250,#4218"
2935,LINE,"'',#28255,#4219"
2936,LINE,"'',#28260,#4220"
2937,LINE,"'',#28265,#4221"
2938,LINE,"'',#28268,#4222"
2939,LINE,"'',#28280,#4223"
2940,LINE,"'',#28282,#4224"
2941,LINE,"'',#28284,#4225"
2942,LINE,"'',#28286,#4226"
2943,LINE,"'',#28288,#4227"
2944,LINE,"'',#28290,#4228"
2945,LINE,"'',#28292,#4229"
2946,LINE,"'',#28294,#4230"
2947,LINE,"'',#28296,#4231"
2948,LINE,"'',#28298,#4232"
2949,LINE,"'',#28300,#4233"
2950,LINE,"'',#28301,#4234"
2951,LINE,"'',#28311,#4235"
2952,LINE,"'',#28317,#4236"
2953,LINE,"'',#28319,#4237"
2954,LINE,"'',#28321,#4238"
2955,LINE,"'',#28365,#4239"
2956,LINE,"'',#28366,#4240"
2957,LINE,"'',#28369,#4241"
2958,LINE,"'',#28371,#4242"
2959,LINE,"'',#28373,#4243"
2960,LINE,"'',#28375,#4244"
2961,LINE,"'',#28377,#4245"
2962,LINE,"'',#28379,#4246"
2963,LINE,"'',#28381,#4247"
2964,LINE,"'',#28383,#4248"
2965,LINE,"'',#28385,#4249"
2966,LINE,"'',#28387,#4250"
2967,LINE,"'',#28389,#4251"
2968,LINE,"'',#28391,#4252"
2969,LINE,"'',#28393,#4253"
2970,LINE,"'',#28395,#4254"
2971,LINE,"'',#28397,#4255"
2972,LINE,"'',#28403,#4256"
2973,LINE,"'',#28406,#4257"
2974,LINE,"'',#28408,#4258"
2975,LINE,"'',#28410,#4259"
2976,LINE,"'',#28412,#4260"
2977,LINE,"'',#28414,#4261"
2978,LINE,"'',#28416,#4262"
2979,LINE,"'',#28418,#4263"
2980,LINE,"'',#28420,#4264"
2981,LINE,"'',#28422,#4265"
2982,LINE,"'',#28424,#4266"
2983,LINE,"'',#28426,#4267"
2984,LINE,"'',#28428,#4268"
2985,LINE,"'',#28430,#4269"
2986,LINE,"'',#28432,#4270"
2987,LINE,"'',#28434,#4271"
2988,LINE,"'',#28436,#4272"
2989,LINE,"'',#28437,#4273"
2990,LINE,"'',#28439,#4274"
2991,LINE,"'',#28440,#4275"
2992,LINE,"'',#28442,#4276"
2993,LINE,"'',#28443,#4277"
2994,LINE,"'',#28445,#4278"
2995,LINE,"'',#28446,#4279"
2996,LINE,"'',#28455,#4280"
2997,LINE,"'',#28458,#4281"
2998,LINE,"'',#28460,#4282"
2999,LINE,"'',#28462,#4283"
3000,LINE,"'',#28464,#4284"
3001,LINE,"'',#28466,#4285"
3002,LINE,"'',#28468,#4286"
3003,LINE,"'',#28470,#4287"
3004,LINE,"'',#28471,#4288"
3005,LINE,"'',#28492,#4289"
3006,LINE,"'',#28518,#4290"
3007,LINE,"'',#28520,#4291"
3008,LINE,"'',#28521,#4292"
3009,LINE,"'',#28524,#4293"
3010,LINE,"'',#28536,#4294"
3011,LINE,"'',#28538,#4295"
3012,LINE,"'',#28540,#4296"
3013,LINE,"'',#28542,#4297"
3014,LINE,"'',#28544,#4298"
3015,LINE,"'',#28546,#4299"
3016,LINE,"'',#28548,#4300"
3017,LINE,"'',#28550,#4301"
3018,LINE,"'',#28552,#4302"
3019,LINE,"'',#28554,#4303"
3020,LINE,"'',#28556,#4304"
3021,LINE,"'',#28600,#4305"
3022,LINE,"'',#28601,#4306"
3023,LINE,"'',#28611,#4307"
3024,LINE,"'',#28617,#4308"
3025,LINE,"'',#28619,#4309"
3026,LINE,"'',#28621,#4310"
3027,LINE,"'',#28622,#4311"
3028,LINE,"'',#28625,#4312"
3029,LINE,"'',#28637,#4313"
3030,LINE,"'',#28639,#4314"
3031,LINE,"'',#28641,#4315"
3032,LINE,"'',#28643,#4316"
3033,LINE,"'',#28645,#4317"
3034,LINE,"'',#28647,#4318"
3035,LINE,"'',#28649,#4319"
3036,LINE,"'',#28651,#4320"
3037,LINE,"'',#28653,#4321"
3038,LINE,"'',#28655,#4322"
3039,LINE,"'',#28657,#4323"
3040,LINE,"'',#28690,#4324"
3041,LINE,"'',#28694,#4325"
3042,LINE,"'',#28700,#4326"
3043,LINE,"'',#28704,#4327"
3044,LINE,"'',#28710,#4328"
3045,LINE,"'',#28714,#4329"
3046,LINE,"'',#28757,#4330"
3047,LINE,"'',#28776,#4331"
3048,LINE,"'',#28804,#4332"
3049,LINE,"'',#28848,#4333"
3050,LINE,"'',#28849,#4334"
3051,LINE,"'',#28852,#4335"
3052,LINE,"'',#28864,#4336"
3053,LINE,"'',#28866,#4337"
3054,LINE,"'',#28868,#4338"
3055,LINE,"'',#28870,#4339"
3056,LINE,"'',#28872,#4340"
3057,LINE,"'',#28874,#4341"
3058,LINE,"'',#28876,#4342"
3059,LINE,"'',#28878,#4343"
3060,LINE,"'',#28880,#4344"
3061,LINE,"'',#28882,#4345"
3062,LINE,"'',#28884,#4346"
3063,LINE,"'',#28885,#4347"
3064,LINE,"'',#28895,#4348"
3065,LINE,"'',#28901,#4349"
3066,LINE,"'',#28903,#4350"
3067,LINE,"'',#28905,#4351"
3068,LINE,"'',#28906,#4352"
3069,LINE,"'',#28909,#4353"
3070,LINE,"'',#28911,#4354"
3071,LINE,"'',#28913,#4355"
3072,LINE,"'',#28915,#4356"
3073,LINE,"'',#28917,#4357"
3074,LINE,"'',#28919,#4358"
3075,LINE,"'',#28921,#4359"
3076,LINE,"'',#28923,#4360"
3077,LINE,"'',#28925,#4361"
3078,LINE,"'',#28927,#4362"
3079,LINE,"'',#28929,#4363"
3080,LINE,"'',#28932,#4364"
3081,LINE,"'',#28934,#4365"
3082,LINE,"'',#28936,#4366"
3083,LINE,"'',#28938,#4367"
3084,LINE,"'',#28940,#4368"
3085,LINE,"'',#28942,#4369"
3086,LINE,"'',#28944,#4370"
3087,LINE,"'',#28945,#4371"
3088,LINE,"'',#28955,#4372"
3089,LINE,"'',#28961,#4373"
3090,LINE,"'',#28963,#4374"
3091,LINE,"'',#28965,#4375"
3092,LINE,"'',#28966,#4376"
3093,LINE,"'',#28969,#4377"
3094,LINE,"'',#28981,#4378"
3095,LINE,"'',#28983,#4379"
3096,LINE,"'',#28985,#4380"
3097,LINE,"'',#28987,#4381"
3098,LINE,"'',#28989,#4382"
3099,LINE,"'',#28991,#4383"
3100,LINE,"'',#28993,#4384"
3101,LINE,"'',#28995,#4385"
3102,LINE,"'',#28997,#4386"
3103,LINE,"'',#28999,#4387"
3104,LINE,"'',#29001,#4388"
3105,LINE,"'',#29045,#4389"
3106,LINE,"'',#29053,#4390"
3107,LINE,"'',#29057,#4391"
3108,LINE,"'',#29063,#4392"
3109,LINE,"'',#29067,#4393"
3110,LINE,"'',#29068,#4394"
3111,LINE,"'',#29073,#4395"
3112,LINE,"'',#29076,#4396"
3113,LINE,"'',#29079,#4397"
3114,LINE,"'',#29091,#4398"
3115,LINE,"'',#29093,#4399"
3116,LINE,"'',#29095,#4400"
3117,LINE,"'',#29097,#4401"
3118,LINE,"'',#29099,#4402"
3119,LINE,"'',#29101,#4403"
3120,LINE,"'',#29103,#4404"
3121,LINE,"'',#29105,#4405"
3122,LINE,"'',#29107,#4406"
3123,LINE,"'',#29109,#4407"
3124,LINE,"'',#29111,#4408"
3125,LINE,"'',#29112,#4409"
3126,LINE,"'',#29122,#4410"
3127,LINE,"'',#29128,#4411"
3128,LINE,"'',#29130,#4412"
3129,LINE,"'',#29132,#4413"
3130,LINE,"'',#29176,#4414"
3131,LINE,"'',#29233,#4415"
3132,LINE,"'',#29234,#4416"
3133,LINE,"'',#29236,#4417"
3134,LINE,"'',#29237,#4418"
3135,LINE,"'',#29239,#4419"
3136,LINE,"'',#29240,#4420"
3137,LINE,"'',#29242,#4421"
3138,LINE,"'',#29243,#4422"
3139,LINE,"'',#29245,#4423"
3140,LINE,"'',#29247,#4424"
3141,LINE,"'',#29249,#4425"
3142,LINE,"'',#29251,#4426"
3143,LINE,"'',#29253,#4427"
3144,LINE,"'',#29255,#4428"
3145,LINE,"'',#29257,#4429"
3146,LINE,"'',#29259,#4430"
3147,LINE,"'',#29261,#4431"
3148,LINE,"'',#29263,#4432"
3149,LINE,"'',#29265,#4433"
3150,LINE,"'',#29267,#4434"
3151,LINE,"'',#29269,#4435"
3152,LINE,"'',#29270,#4436"
3153,LINE,"'',#29272,#4437"
3154,LINE,"'',#29273,#4438"
3155,LINE,"'',#29275,#4439"
3156,LINE,"'',#29276,#4440"
3157,LINE,"'',#29278,#4441"
3158,LINE,"'',#29280,#4442"
3159,LINE,"'',#29282,#4443"
3160,LINE,"'',#29284,#4444"
3161,LINE,"'',#29285,#4445"
3162,LINE,"'',#29287,#4446"
3163,LINE,"'',#29335,#4447"
3164,LINE,"'',#29338,#4448"
3165,LINE,"'',#29341,#4449"
3166,LINE,"'',#29344,#4450"
3167,LINE,"'',#29346,#4451"
3168,LINE,"'',#29349,#4452"
3169,LINE,"'',#29351,#4453"
3170,LINE,"'',#29353,#4454"
3171,LINE,"'',#29355,#4455"
3172,LINE,"'',#29357,#4456"
3173,LINE,"'',#29396,#4457"
3174,LINE,"'',#29400,#4458"
3175,LINE,"'',#29404,#4459"
3176,LINE,"'',#29406,#4460"
3177,LINE,"'',#29407,#4461"
3178,LINE,"'',#29409,#4462"
3179,LINE,"'',#29411,#4463"
3180,LINE,"'',#29413,#4464"
3181,LINE,"'',#29414,#4465"
3182,LINE,"'',#29416,#4466"
3183,LINE,"'',#29429,#4467"
3184,LINE,"'',#29433,#4468"
3185,LINE,"'',#29437,#4469"
3186,LINE,"'',#29439,#4470"
3187,LINE,"'',#29440,#4471"
3188,LINE,"'',#29442,#4472"
3189,LINE,"'',#29444,#4473"
3190,LINE,"'',#29446,#4474"
3191,LINE,"'',#29447,#4475"
3192,LINE,"'',#29449,#4476"
3193,LINE,"'',#29462,#4477"
3194,LINE,"'',#29466,#4478"
3195,LINE,"'',#29470,#4479"
3196,LINE,"'',#29472,#4480"
3197,LINE,"'',#29473,#4481"
3198,LINE,"'',#29475,#4482"
3199,LINE,"'',#29477,#4483"
3200,LINE,"'',#29479,#4484"
3201,LINE,"'',#29480,#4485"
3202,LINE,"'',#29482,#4486"
3203,LINE,"'',#29495,#4487"
3204,LINE,"'',#29499,#4488"
3205,LINE,"'',#29503,#4489"
3206,LINE,"'',#29505,#4490"
3207,LINE,"'',#29506,#4491"
3208,LINE,"'',#29508,#4492"
3209,LINE,"'',#29510,#4493"
3210,LINE,"'',#29512,#4494"
3211,LINE,"'',#29513,#4495"
3212,LINE,"'',#29515,#4496"
3213,LINE,"'',#29528,#4497"
3214,LINE,"'',#29532,#4498"
3215,LINE,"'',#29536,#4499"
3216,LINE,"'',#29538,#4500"
3217,LINE,"'',#29539,#4501"
3218,LINE,"'',#29541,#4502"
3219,LINE,"'',#29543,#4503"
3220,LINE,"'',#29545,#4504"
3221,LINE,"'',#29546,#4505"
3222,LINE,"'',#29548,#4506"
3223,LINE,"'',#29577,#4507"
3224,LINE,"'',#29581,#4508"
3225,LINE,"'',#29606,#4509"
3226,LINE,"'',#29610,#4510"
3227,LINE,"'',#29673,#4512"
3228,LINE,"'',#29685,#4513"
3229,LINE,"'',#29731,#4516"
3230,LINE,"'',#29775,#4519"
3231,LINE,"'',#29779,#4520"
3232,LINE,"'',#29804,#4521"
3233,LINE,"'',#29808,#4522"
3234,LINE,"'',#29871,#4524"
3235,LINE,"'',#29883,#4525"
3236,LINE,"'',#29930,#4528"
3237,LINE,"'',#29953,#4531"
3238,LINE,"'',#29964,#4532"
3239,LINE,"'',#29968,#4533"
3240,LINE,"'',#29972,#4534"
3241,LINE,"'',#29976,#4535"
3242,LINE,"'',#29987,#4536"
3243,LINE,"'',#29989,#4537"
3244,LINE,"'',#29991,#4538"
3245,LINE,"'',#30037,#4539"
3246,LINE,"'',#30039,#4540"
3247,LINE,"'',#30041,#4541"
3248,LINE,"'',#30073,#4542"
3249,LINE,"'',#30077,#4543"
3250,LINE,"'',#30109,#4544"
3251,LINE,"'',#30120,#4545"
3252,LINE,"'',#30122,#4546"
3253,LINE,"'',#30143,#4547"
3254,LINE,"'',#30146,#4548"
3255,LINE,"'',#30148,#4549"
3256,LINE,"'',#30149,#4550"
3257,LINE,"'',#30151,#4551"
3258,LINE,"'',#30152,#4552"
3259,LINE,"'',#30154,#4553"
3260,LINE,"'',#30156,#4554"
3261,LINE,"'',#30157,#4555"
3262,LINE,"'',#30159,#4556"
3263,LINE,"'',#30160,#4557"
3264,LINE,"'',#30169,#4558"
3265,LINE,"'',#30174,#4559"
3266,LINE,"'',#30182,#4560"
3267,LINE,"'',#30184,#4561"
3268,LINE,"'',#30185,#4562"
3269,LINE,"'',#30187,#4563"
3270,LINE,"'',#30189,#4564"
3271,LINE,"'',#30191,#4565"
3272,LINE,"'',#30192,#4566"
3273,LINE,"'',#30194,#4567"
3274,LINE,"'',#30202,#4568"
3275,LINE,"'',#30207,#4569"
3276,LINE,"'',#30215,#4570"
3277,LINE,"'',#30217,#4571"
3278,LINE,"'',#30218,#4572"
3279,LINE,"'',#30220,#4573"
3280,LINE,"'',#30222,#4574"
3281,LINE,"'',#30224,#4575"
3282,LINE,"'',#30225,#4576"
3283,LINE,"'',#30227,#4577"
3284,LINE,"'',#30251,#4578"
3285,LINE,"'',#30253,#4579"
3286,LINE,"'',#30255,#4580"
3287,LINE,"'',#30257,#4581"
3288,LINE,"'',#30266,#4582"
3289,LINE,"'',#30275,#4583"
3290,LINE,"'',#30277,#4584"
3291,LINE,"'',#30279,#4585"
3292,LINE,"'',#30281,#4586"
3293,LINE,"'',#30283,#4587"
3294,LINE,"'',#30285,#4588"
3295,LINE,"'',#30287,#4589"
3296,LINE,"'',#30289,#4590"
3297,LINE,"'',#30291,#4591"
3298,LINE,"'',#30293,#4592"
3299,LINE,"'',#30295,#4593"
3300,LINE,"'',#30297,#4594"
3301,LINE,"'',#30299,#4595"
3302,LINE,"'',#30301,#4596"
3303,LINE,"'',#30303,#4597"
3304,LINE,"'',#30305,#4598"
3305,LINE,"'',#30307,#4599"
3306,LINE,"'',#30309,#4600"
3307,LINE,"'',#30311,#4601"
3308,LINE,"'',#30313,#4602"
3309,LINE,"'',#30315,#4603"
3310,LINE,"'',#30318,#4604"
3311,LINE,"'',#30320,#4605"
3312,LINE,"'',#30322,#4606"
3313,LINE,"'',#30333,#4607"
3314,LINE,"'',#30335,#4608"
3315,LINE,"'',#30337,#4609"
3316,LINE,"'',#30348,#4610"
3317,LINE,"'',#30350,#4611"
3318,LINE,"'',#30352,#4612"
3319,LINE,"'',#30354,#4613"
3320,LINE,"'',#30356,#4614"
3321,LINE,"'',#30358,#4615"
3322,LINE,"'',#30382,#4616"
3323,LINE,"'',#30424,#4617"
3324,LINE,"'',#30445,#4618"
3325,LINE,"'',#30487,#4619"
3326,LINE,"'',#30501,#4622"
3327,LINE,"'',#30503,#4623"
3328,LINE,"'',#30505,#4624"
3329,LINE,"'',#30572,#4625"
3330,LINE,"'',#30574,#4626"
3331,LINE,"'',#30576,#4627"
3332,LINE,"'',#30578,#4628"
3333,LINE,"'',#30587,#4629"
3334,LINE,"'',#30596,#4630"
3335,LINE,"'',#30598,#4631"
3336,LINE,"'',#30600,#4632"
3337,LINE,"'',#30602,#4633"
3338,LINE,"'',#30604,#4634"
3339,LINE,"'',#30606,#4635"
3340,LINE,"'',#30608,#4636"
3341,LINE,"'',#30610,#4637"
3342,LINE,"'',#30612,#4638"
3343,LINE,"'',#30614,#4639"
3344,LINE,"'',#30616,#4640"
3345,LINE,"'',#30618,#4641"
3346,LINE,"'',#30620,#4642"
3347,LINE,"'',#30622,#4643"
3348,LINE,"'',#30624,#4644"
3349,LINE,"'',#30626,#4645"
3350,LINE,"'',#30628,#4646"
3351,LINE,"'',#30630,#4647"
3352,LINE,"'',#30632,#4648"
3353,LINE,"'',#30634,#4649"
3354,LINE,"'',#30636,#4650"
3355,LINE,"'',#30639,#4651"
3356,LINE,"'',#30641,#4652"
3357,LINE,"'',#30643,#4653"
3358,LINE,"'',#30654,#4654"
3359,LINE,"'',#30656,#4655"
3360,LINE,"'',#30658,#4656"
3361,LINE,"'',#30669,#4657"
3362,LINE,"'',#30671,#4658"
3363,LINE,"'',#30673,#4659"
3364,LINE,"'',#30675,#4660"
3365,LINE,"'',#30677,#4661"
3366,LINE,"'',#30679,#4662"
3367,LINE,"'',#30703,#4663"
3368,LINE,"'',#30745,#4664"
3369,LINE,"'',#30766,#4665"
3370,LINE,"'',#30808,#4666"
3371,LINE,"'',#30822,#4669"
3372,LINE,"'',#30824,#4670"
3373,LINE,"'',#30826,#4671"
3374,LINE,"'',#30893,#4672"
3375,LINE,"'',#30895,#4673"
3376,LINE,"'',#30897,#4674"
3377,LINE,"'',#30899,#4675"
3378,LINE,"'',#30908,#4676"
3379,LINE,"'',#30917,#4677"
3380,LINE,"'',#30919,#4678"
3381,LINE,"'',#30921,#4679"
3382,LINE,"'',#30923,#4680"
3383,LINE,"'',#30925,#4681"
3384,LINE,"'',#30927,#4682"
3385,LINE,"'',#30929,#4683"
3386,LINE,"'',#30931,#4684"
3387,LINE,"'',#30933,#4685"
3388,LINE,"'',#30935,#4686"
3389,LINE,"'',#30937,#4687"
3390,LINE,"'',#30939,#4688"
3391,LINE,"'',#30941,#4689"
3392,LINE,"'',#30943,#4690"
3393,LINE,"'',#30945,#4691"
3394,LINE,"'',#30947,#4692"
3395,LINE,"'',#30949,#4693"
3396,LINE,"'',#30951,#4694"
3397,LINE,"'',#30953,#4695"
3398,LINE,"'',#30955,#4696"
3399,LINE,"'',#30957,#4697"
3400,LINE,"'',#30960,#4698"
3401,LINE,"'',#30962,#4699"
3402,LINE,"'',#30964,#4700"
3403,LINE,"'',#30975,#4701"
3404,LINE,"'',#30977,#4702"
3405,LINE,"'',#30979,#4703"
3406,LINE,"'',#30990,#4704"
3407,LINE,"'',#30992,#4705"
3408,LINE,"'',#30994,#4706"
3409,LINE,"'',#30996,#4707"
3410,LINE,"'',#30998,#4708"
3411,LINE,"'',#31000,#4709"
3412,LINE,"'',#31024,#4710"
3413,LINE,"'',#31066,#4711"
3414,LINE,"'',#31087,#4712"
3415,LINE,"'',#31129,#4713"
3416,LINE,"'',#31143,#4716"
3417,LINE,"'',#31145,#4717"
3418,LINE,"'',#31147,#4718"
3419,LINE,"'',#31214,#4719"
3420,LINE,"'',#31216,#4720"
3421,LINE,"'',#31218,#4721"
3422,LINE,"'',#31220,#4722"
3423,LINE,"'',#31229,#4723"
3424,LINE,"'',#31238,#4724"
3425,LINE,"'',#31240,#4725"
3426,LINE,"'',#31242,#4726"
3427,LINE,"'',#31244,#4727"
3428,LINE,"'',#31246,#4728"
3429,LINE,"'',#31248,#4729"
3430,LINE,"'',#31250,#4730"
3431,LINE,"'',#31252,#4731"
3432,LINE,"'',#31254,#4732"
3433,LINE,"'',#31256,#4733"
3434,LINE,"'',#31258,#4734"
3435,LINE,"'',#31260,#4735"
3436,LINE,"'',#31262,#4736"
3437,LINE,"'',#31264,#4737"
3438,LINE,"'',#31266,#4738"
3439,LINE,"'',#31268,#4739"
3440,LINE,"'',#31270,#4740"
3441,LINE,"'',#31272,#4741"
3442,LINE,"'',#31274,#4742"
3443,LINE,"'',#31276,#4743"
3444,LINE,"'',#31278,#4744"
3445,LINE,"'',#31281,#4745"
3446,LINE,"'',#31283,#4746"
3447,LINE,"'',#31285,#4747"
3448,LINE,"'',#31296,#4748"
3449,LINE,"'',#31298,#4749"
3450,LINE,"'',#31300,#4750"
3451,LINE,"'',#31311,#4751"
3452,LINE,"'',#31313,#4752"
3453,LINE,"'',#31315,#4753"
3454,LINE,"'',#31317,#4754"
3455,LINE,"'',#31319,#4755"
3456,LINE,"'',#31321,#4756"
3457,LINE,"'',#31345,#4757"
3458,LINE,"'',#31387,#4758"
3459,LINE,"'',#31408,#4759"
3460,LINE,"'',#31450,#4760"
3461,LINE,"'',#31464,#4763"
3462,LINE,"'',#31466,#4764"
3463,LINE,"'',#31468,#4765"
3464,LINE,"'',#31535,#4766"
3465,LINE,"'',#31537,#4767"
3466,LINE,"'',#31539,#4768"
3467,LINE,"'',#31541,#4769"
3468,LINE,"'',#31543,#4770"
3469,LINE,"'',#31545,#4771"
3470,LINE,"'',#31547,#4772"
3471,LINE,"'',#31549,#4773"
3472,LINE,"'',#31551,#4774"
3473,LINE,"'',#31553,#4775"
3474,LINE,"'',#31555,#4776"
3475,LINE,"'',#31557,#4777"
3476,LINE,"'',#31560,#4778"
3477,LINE,"'',#31562,#4779"
3478,LINE,"'',#31564,#4780"
3479,LINE,"'',#31566,#4781"
3480,LINE,"'',#31575,#4782"
3481,LINE,"'',#31584,#4783"
3482,LINE,"'',#31586,#4784"
3483,LINE,"'',#31588,#4785"
3484,LINE,"'',#31590,#4786"
3485,LINE,"'',#31592,#4787"
3486,LINE,"'',#31594,#4788"
3487,LINE,"'',#31596,#4789"
3488,LINE,"'',#31598,#4790"
3489,LINE,"'',#31600,#4791"
3490,LINE,"'',#31602,#4792"
3491,LINE,"'',#31604,#4793"
3492,LINE,"'',#31606,#4794"
3493,LINE,"'',#31608,#4795"
3494,LINE,"'',#31610,#4796"
3495,LINE,"'',#31612,#4797"
3496,LINE,"'',#31614,#4798"
3497,LINE,"'',#31616,#4799"
3498,LINE,"'',#31618,#4800"
3499,LINE,"'',#31620,#4801"
3500,LINE,"'',#31622,#4802"
3501,LINE,"'',#31624,#4803"
3502,LINE,"'',#31627,#4804"
3503,LINE,"'',#31629,#4805"
3504,LINE,"'',#31631,#4806"
3505,LINE,"'',#31642,#4807"
3506,LINE,"'',#31644,#4808"
3507,LINE,"'',#31646,#4809"
3508,LINE,"'',#31657,#4810"
3509,LINE,"'',#31659,#4811"
3510,LINE,"'',#31661,#4812"
3511,LINE,"'',#31663,#4813"
3512,LINE,"'',#31665,#4814"
3513,LINE,"'',#31667,#4815"
3514,LINE,"'',#31691,#4816"
3515,LINE,"'',#31733,#4817"
3516,LINE,"'',#31754,#4818"
3517,LINE,"'',#31796,#4819"
3518,LINE,"'',#31810,#4822"
3519,LINE,"'',#31812,#4823"
3520,LINE,"'',#31814,#4824"
3521,LINE,"'',#31881,#4825"
3522,LINE,"'',#31883,#4826"
3523,LINE,"'',#31885,#4827"
3524,LINE,"'',#31887,#4828"
3525,LINE,"'',#31896,#4829"
3526,LINE,"'',#31905,#4830"
3527,LINE,"'',#31907,#4831"
3528,LINE,"'',#31909,#4832"
3529,LINE,"'',#31911,#4833"
3530,LINE,"'',#31913,#4834"
3531,LINE,"'',#31915,#4835"
3532,LINE,"'',#31917,#4836"
3533,LINE,"'',#31919,#4837"
3534,LINE,"'',#31921,#4838"
3535,LINE,"'',#31923,#4839"
3536,LINE,"'',#31925,#4840"
3537,LINE,"'',#31927,#4841"
3538,LINE,"'',#31929,#4842"
3539,LINE,"'',#31931,#4843"
3540,LINE,"'',#31933,#4844"
3541,LINE,"'',#31935,#4845"
3542,LINE,"'',#31937,#4846"
3543,LINE,"'',#31939,#4847"
3544,LINE,"'',#31941,#4848"
3545,LINE,"'',#31943,#4849"
3546,LINE,"'',#31945,#4850"
3547,LINE,"'',#31948,#4851"
3548,LINE,"'',#31950,#4852"
3549,LINE,"'',#31952,#4853"
3550,LINE,"'',#31963,#4854"
3551,LINE,"'',#31965,#4855"
3552,LINE,"'',#31967,#4856"
3553,LINE,"'',#31978,#4857"
3554,LINE,"'',#31980,#4858"
3555,LINE,"'',#31982,#4859"
3556,LINE,"'',#31984,#4860"
3557,LINE,"'',#31986,#4861"
3558,LINE,"'',#31988,#4862"
3559,LINE,"'',#32012,#4863"
3560,LINE,"'',#32054,#4864"
3561,LINE,"'',#32075,#4865"
3562,LINE,"'',#32117,#4866"
3563,LINE,"'',#32131,#4869"
3564,LINE,"'',#32133,#4870"
3565,LINE,"'',#32135,#4871"
3566,LINE,"'',#32210,#4872"
3567,LINE,"'',#32212,#4873"
3568,LINE,"'',#32214,#4874"
3569,LINE,"'',#32216,#4875"
3570,LINE,"'',#32225,#4876"
3571,LINE,"'',#32234,#4877"
3572,LINE,"'',#32236,#4878"
3573,LINE,"'',#32238,#4879"
3574,LINE,"'',#32240,#4880"
3575,LINE,"'',#32242,#4881"
3576,LINE,"'',#32244,#4882"
3577,LINE,"'',#32246,#4883"
3578,LINE,"'',#32248,#4884"
3579,LINE,"'',#32250,#4885"
3580,LINE,"'',#32252,#4886"
3581,LINE,"'',#32254,#4887"
3582,LINE,"'',#32256,#4888"
3583,LINE,"'',#32258,#4889"
3584,LINE,"'',#32260,#4890"
3585,LINE,"'',#32262,#4891"
3586,LINE,"'',#32264,#4892"
3587,LINE,"'',#32266,#4893"
3588,LINE,"'',#32268,#4894"
3589,LINE,"'',#32270,#4895"
3590,LINE,"'',#32272,#4896"
3591,LINE,"'',#32274,#4897"
3592,LINE,"'',#32277,#4898"
3593,LINE,"'',#32279,#4899"
3594,LINE,"'',#32281,#4900"
3595,LINE,"'',#32313,#4901"
3596,LINE,"'',#32317,#4902"
3597,LINE,"'',#32335,#4903"
3598,LINE,"'',#32337,#4904"
3599,LINE,"'',#32339,#4905"
3600,LINE,"'',#32357,#4906"
3601,LINE,"'',#32361,#4907"
3602,LINE,"'',#32398,#4908"
3603,LINE,"'',#32400,#4909"
3604,LINE,"'',#32402,#4910"
3605,LINE,"'',#32405,#4911"
3606,LINE,"'',#32408,#4912"
3607,LINE,"'',#32410,#4913"
3608,LINE,"'',#32411,#4914"
3609,LINE,"'',#32414,#4915"
3610,LINE,"'',#32416,#4916"
3611,LINE,"'',#32418,#4917"
3612,LINE,"'',#32420,#4918"
3613,LINE,"'',#32422,#4919"
3614,LINE,"'',#32424,#4920"
3615,LINE,"'',#32426,#4921"
3616,LINE,"'',#32428,#4922"
3617,LINE,"'',#32430,#4923"
3618,LINE,"'',#32432,#4924"
3619,LINE,"'',#32434,#4925"
3620,LINE,"'',#32435,#4926"
3621,LINE,"'',#32437,#4927"
3622,LINE,"'',#32439,#4928"
3623,LINE,"'',#32441,#4929"
3624,LINE,"'',#32443,#4930"
3625,LINE,"'',#32445,#4931"
3626,LINE,"'',#32447,#4932"
3627,LINE,"'',#32449,#4933"
3628,LINE,"'',#32451,#4934"
3629,LINE,"'',#32453,#4935"
3630,LINE,"'',#32456,#4936"
3631,LINE,"'',#32459,#4937"
3632,LINE,"'',#32460,#4938"
3633,LINE,"'',#32462,#4939"
3634,LINE,"'',#32464,#4940"
3635,LINE,"'',#32466,#4941"
3636,LINE,"'',#32476,#4942"
3637,LINE,"'',#32479,#4943"
3638,LINE,"'',#32481,#4944"
3639,LINE,"'',#32483,#4945"
3640,LINE,"'',#32485,#4946"
3641,LINE,"'',#32486,#4947"
3642,LINE,"'',#32488,#4948"
3643,LINE,"'',#32490,#4949"
3644,LINE,"'',#32492,#4950"
3645,LINE,"'',#32494,#4951"
3646,LINE,"'',#32496,#4952"
3647,LINE,"'',#32498,#4953"
3648,LINE,"'',#32500,#4954"
3649,LINE,"'',#32502,#4955"
3650,LINE,"'',#32510,#4956"
3651,LINE,"'',#32513,#4957"
3652,LINE,"'',#32515,#4958"
3653,LINE,"'',#32517,#4959"
3654,LINE,"'',#32522,#4960"
3655,LINE,"'',#32526,#4961"
3656,LINE,"'',#32530,#4962"
3657,LINE,"'',#32534,#4963"
3658,LINE,"'',#32535,#4964"
3659,LINE,"'',#32537,#4965"
3660,LINE,"'',#32539,#4966"
3661,LINE,"'',#32541,#4967"
3662,LINE,"'',#32543,#4968"
3663,LINE,"'',#32544,#4969"
3664,LINE,"'',#32546,#4970"
3665,LINE,"'',#32549,#4971"
3666,LINE,"'',#32551,#4972"
3667,LINE,"'',#32553,#4973"
3668,LINE,"'',#32555,#4974"
3669,LINE,"'',#32565,#4975"
3670,LINE,"'',#32568,#4976"
3671,LINE,"'',#32569,#4977"
3672,LINE,"'',#32571,#4978"
3673,LINE,"'',#32574,#4979"
3674,LINE,"'',#32576,#4980"
3675,LINE,"'',#32578,#4981"
3676,LINE,"'',#32580,#4982"
3677,LINE,"'',#32590,#4983"
3678,LINE,"'',#32592,#4984"
3679,LINE,"'',#32594,#4985"
3680,LINE,"'',#32596,#4986"
3681,LINE,"'',#32599,#4987"
3682,LINE,"'',#32601,#4988"
3683,LINE,"'',#32603,#4989"
3684,LINE,"'',#32608,#4990"
3685,LINE,"'',#32612,#4991"
3686,LINE,"'',#32616,#4992"
3687,LINE,"'',#32620,#4993"
3688,LINE,"'',#32621,#4994"
3689,LINE,"'',#32623,#4995"
3690,LINE,"'',#32625,#4996"
3691,LINE,"'',#32627,#4997"
3692,LINE,"'',#32629,#4998"
3693,LINE,"'',#32631,#4999"
3694,LINE,"'',#32633,#5000"
3695,LINE,"'',#32636,#5001"
3696,LINE,"'',#32638,#5002"
3697,LINE,"'',#32640,#5003"
3698,LINE,"'',#32642,#5004"
3699,LINE,"'',#32652,#5005"
3700,LINE,"'',#32655,#5006"
3701,LINE,"'',#32656,#5007"
3702,LINE,"'',#32658,#5008"
3703,LINE,"'',#32661,#5009"
3704,LINE,"'',#32663,#5010"
3705,LINE,"'',#32665,#5011"
3706,LINE,"'',#32667,#5012"
3707,LINE,"'',#32677,#5013"
3708,LINE,"'',#32679,#5014"
3709,LINE,"'',#32681,#5015"
3710,LINE,"'',#32729,#5016"
3711,LINE,"'',#32737,#5017"
3712,LINE,"'',#32739,#5018"
3713,LINE,"'',#32741,#5019"
3714,LINE,"'',#32748,#5020"
3715,LINE,"'',#32752,#5021"
3716,LINE,"'',#32754,#5022"
3717,LINE,"'',#32756,#5023"
3718,LINE,"'',#32758,#5024"
3719,LINE,"'',#32760,#5025"
3720,LINE,"'',#32762,#5026"
3721,LINE,"'',#32764,#5027"
3722,LINE,"'',#32766,#5028"
3723,LINE,"'',#32768,#5029"
3724,LINE,"'',#32770,#5030"
3725,LINE,"'',#32772,#5031"
3726,LINE,"'',#32774,#5032"
3727,LINE,"'',#32776,#5033"
3728,LINE,"'',#32778,#5034"
3729,LINE,"'',#32780,#5035"
3730,LINE,"'',#32782,#5036"
3731,LINE,"'',#32784,#5037"
3732,LINE,"'',#32786,#5038"
3733,LINE,"'',#32788,#5039"
3734,LINE,"'',#32790,#5040"
3735,LINE,"'',#32792,#5041"
3736,LINE,"'',#32794,#5042"
3737,LINE,"'',#32796,#5043"
3738,LINE,"'',#32798,#5044"
3739,LINE,"'',#32800,#5045"
3740,LINE,"'',#32802,#5046"
3741,LINE,"'',#32804,#5047"
3742,LINE,"'',#32808,#5048"
3743,LINE,"'',#32829,#5049"
3744,LINE,"'',#32831,#5050"
3745,LINE,"'',#32833,#5051"
3746,LINE,"'',#32835,#5052"
3747,LINE,"'',#32837,#5053"
3748,LINE,"'',#32839,#5054"
3749,LINE,"'',#32841,#5055"
3750,LINE,"'',#32843,#5056"
3751,LINE,"'',#32845,#5057"
3752,LINE,"'',#32847,#5058"
3753,LINE,"'',#32849,#5059"
3754,LINE,"'',#32851,#5060"
3755,LINE,"'',#32853,#5061"
3756,LINE,"'',#32855,#5062"
3757,LINE,"'',#32857,#5063"
3758,LINE,"'',#32859,#5064"
3759,LINE,"'',#32861,#5065"
3760,LINE,"'',#32863,#5066"
3761,LINE,"'',#32865,#5067"
3762,LINE,"'',#32867,#5068"
3763,LINE,"'',#32869,#5069"
3764,LINE,"'',#32871,#5070"
3765,LINE,"'',#32873,#5071"
3766,LINE,"'',#32875,#5072"
3767,LINE,"'',#32877,#5073"
3768,LINE,"'',#32879,#5074"
3769,LINE,"'',#32881,#5075"
3770,LINE,"'',#32885,#5076"
3771,LINE,"'',#32905,#5077"
3772,LINE,"'',#32907,#5078"
3773,LINE,"'',#32909,#5079"
3774,LINE,"'',#32911,#5080"
3775,LINE,"'',#32913,#5081"
3776,LINE,"'',#32915,#5082"
3777,LINE,"'',#32917,#5083"
3778,LINE,"'',#32919,#5084"
3779,LINE,"'',#32921,#5085"
3780,LINE,"'',#32923,#5086"
3781,LINE,"'',#32925,#5087"
3782,LINE,"'',#32927,#5088"
3783,LINE,"'',#32929,#5089"
3784,LINE,"'',#32931,#5090"
3785,LINE,"'',#32933,#5091"
3786,LINE,"'',#32935,#5092"
3787,LINE,"'',#32937,#5093"
3788,LINE,"'',#32939,#5094"
3789,LINE,"'',#32941,#5095"
3790,LINE,"'',#32943,#5096"
3791,LINE,"'',#32945,#5097"
3792,LINE,"'',#32947,#5098"
3793,LINE,"'',#32949,#5099"
3794,LINE,"'',#32951,#5100"
3795,LINE,"'',#32953,#5101"
3796,LINE,"'',#32955,#5102"
3797,LINE,"'',#32957,#5103"
3798,LINE,"'',#32961,#5104"
3799,LINE,"'',#32981,#5105"
3800,LINE,"'',#32983,#5106"
3801,LINE,"'',#32985,#5107"
3802,LINE,"'',#32987,#5108"
3803,LINE,"'',#32989,#5109"
3804,LINE,"'',#32991,#5110"
3805,LINE,"'',#32993,#5111"
3806,LINE,"'',#32995,#5112"
3807,LINE,"'',#32997,#5113"
3808,LINE,"'',#32999,#5114"
3809,LINE,"'',#33001,#5115"
3810,LINE,"'',#33003,#5116"
3811,LINE,"'',#33005,#5117"
3812,LINE,"'',#33007,#5118"
3813,LINE,"'',#33009,#5119"
3814,LINE,"'',#33011,#5120"
3815,LINE,"'',#33013,#5121"
3816,LINE,"'',#33015,#5122"
3817,LINE,"'',#33017,#5123"
3818,LINE,"'',#33019,#5124"
3819,LINE,"'',#33021,#5125"
3820,LINE,"'',#33023,#5126"
3821,LINE,"'',#33025,#5127"
3822,LINE,"'',#33027,#5128"
3823,LINE,"'',#33029,#5129"
3824,LINE,"'',#33031,#5130"
3825,LINE,"'',#33033,#5131"
3826,LINE,"'',#33037,#5132"
3827,LINE,"'',#33060,#5133"
3828,LINE,"'',#33061,#5134"
3829,LINE,"'',#33195,#5135"
3830,LINE,"'',#33196,#5136"
3831,LINE,"'',#33198,#5137"
3832,LINE,"'',#33200,#5138"
3833,LINE,"'',#33202,#5139"
3834,LINE,"'',#33204,#5140"
3835,LINE,"'',#33206,#5141"
3836,LINE,"'',#33208,#5142"
3837,LINE,"'',#33210,#5143"
3838,LINE,"'',#33212,#5144"
3839,LINE,"'',#33214,#5145"
3840,LINE,"'',#33216,#5146"
3841,LINE,"'',#33218,#5147"
3842,LINE,"'',#33220,#5148"
3843,LINE,"'',#33222,#5149"
3844,LINE,"'',#33224,#5150"
3845,LINE,"'',#33226,#5151"
3846,LINE,"'',#33228,#5152"
3847,LINE,"'',#33230,#5153"
3848,LINE,"'',#33233,#5154"
3849,LINE,"'',#33234,#5155"
3850,LINE,"'',#33236,#5156"
3851,LINE,"'',#33238,#5157"
3852,LINE,"'',#33240,#5158"
3853,LINE,"'',#33242,#5159"
3854,LINE,"'',#33244,#5160"
3855,LINE,"'',#33246,#5161"
3856,LINE,"'',#33248,#5162"
3857,LINE,"'',#33250,#5163"
3858,LINE,"'',#33252,#5164"
3859,LINE,"'',#33254,#5165"
3860,LINE,"'',#33256,#5166"
3861,LINE,"'',#33258,#5167"
3862,LINE,"'',#33260,#5168"
3863,LINE,"'',#33262,#5169"
3864,LINE,"'',#33264,#5170"
3865,LINE,"'',#33266,#5171"
3866,LINE,"'',#33268,#5172"
3867,LINE,"'',#33271,#5173"
3868,LINE,"'',#33272,#5174"
3869,LINE,"'',#33274,#5175"
3870,LINE,"'',#33276,#5176"
3871,LINE,"'',#33278,#5177"
3872,LINE,"'',#33280,#5178"
3873,LINE,"'',#33282,#5179"
3874,LINE,"'',#33284,#5180"
3875,LINE,"'',#33286,#5181"
3876,LINE,"'',#33288,#5182"
3877,LINE,"'',#33290,#5183"
3878,LINE,"'',#33292,#5184"
3879,LINE,"'',#33294,#5185"
3880,LINE,"'',#33296,#5186"
3881,LINE,"'',#33298,#5187"
3882,LINE,"'',#33300,#5188"
3883,LINE,"'',#33302,#5189"
3884,LINE,"'',#33304,#5190"
3885,LINE,"'',#33306,#5191"
3886,LINE,"'',#33309,#5192"
3887,LINE,"'',#33310,#5193"
3888,LINE,"'',#33312,#5194"
3889,LINE,"'',#33314,#5195"
3890,LINE,"'',#33316,#5196"
3891,LINE,"'',#33318,#5197"
3892,LINE,"'',#33320,#5198"
3893,LINE,"'',#33322,#5199"
3894,LINE,"'',#33324,#5200"
3895,LINE,"'',#33326,#5201"
3896,LINE,"'',#33328,#5202"
3897,LINE,"'',#33330,#5203"
3898,LINE,"'',#33332,#5204"
3899,LINE,"'',#33334,#5205"
3900,LINE,"'',#33336,#5206"
3901,LINE,"'',#33338,#5207"
3902,LINE,"'',#33340,#5208"
3903,LINE,"'',#33342,#5209"
3904,LINE,"'',#33344,#5210"
3905,LINE,"'',#33477,#5211"
3906,LINE,"'',#33480,#5212"
3907,LINE,"'',#33482,#5213"
3908,LINE,"'',#33484,#5214"
3909,LINE,"'',#33486,#5215"
3910,LINE,"'',#33489,#5216"
3911,LINE,"'',#33491,#5217"
3912,LINE,"'',#33493,#5218"
3913,LINE,"'',#33495,#5219"
3914,LINE,"'',#33498,#5220"
3915,LINE,"'',#33500,#5221"
3916,LINE,"'',#33502,#5222"
3917,LINE,"'',#33504,#5223"
3918,LINE,"'',#33507,#5224"
3919,LINE,"'',#33509,#5225"
3920,LINE,"'',#33511,#5226"
3921,LINE,"'',#33516,#5227"
3922,LINE,"'',#33520,#5228"
3923,LINE,"'',#33524,#5229"
3924,LINE,"'',#33528,#5230"
3925,LINE,"'',#33542,#5231"
3926,LINE,"'',#33545,#5232"
3927,LINE,"'',#33547,#5233"
3928,LINE,"'',#33549,#5234"
3929,LINE,"'',#33551,#5235"
3930,LINE,"'',#33554,#5236"
3931,LINE,"'',#33556,#5237"
3932,LINE,"'',#33558,#5238"
3933,LINE,"'',#33560,#5239"
3934,LINE,"'',#33563,#5240"
3935,LINE,"'',#33565,#5241"
3936,LINE,"'',#33567,#5242"
3937,LINE,"'',#33569,#5243"
3938,LINE,"'',#33572,#5244"
3939,LINE,"'',#33574,#5245"
3940,LINE,"'',#33576,#5246"
3941,LINE,"'',#33583,#5247"
3942,LINE,"'',#33588,#5248"
3943,LINE,"'',#33592,#5249"
3944,LINE,"'',#33596,#5250"
3945,LINE,"'',#33607,#5251"
3946,LINE,"'',#33612,#5252"
3947,LINE,"'',#33616,#5253"
3948,LINE,"'',#33620,#5254"
3949,LINE,"'',#33624,#5255"
3950,LINE,"'',#33626,#5256"
3951,LINE,"'',#33628,#5257"
3952,LINE,"'',#33630,#5258"
3953,LINE,"'',#33632,#5259"
3954,LINE,"'',#33634,#5260"
3955,LINE,"'',#33636,#5261"
3956,LINE,"'',#33638,#5262"
3957,LINE,"'',#33640,#5263"
3958,LINE,"'',#33642,#5264"
3959,LINE,"'',#33644,#5265"
3960,LINE,"'',#33646,#5266"
3961,LINE,"'',#33648,#5267"
3962,LINE,"'',#33653,#5268"
3963,LINE,"'',#33657,#5269"
3964,LINE,"'',#33661,#5270"
3965,LINE,"'',#33665,#5271"
3966,LINE,"'',#33667,#5272"
3967,LINE,"'',#33669,#5273"
3968,LINE,"'',#33671,#5274"
3969,LINE,"'',#33673,#5275"
3970,LINE,"'',#33675,#5276"
3971,LINE,"'',#33677,#5277"
3972,LINE,"'',#33679,#5278"
3973,LINE,"'',#33681,#5279"
3974,LINE,"'',#33683,#5280"
3975,LINE,"'',#33685,#5281"
3976,LINE,"'',#33687,#5282"
3977,LINE,"'',#33785,#5283"
3978,LINE,"'',#33786,#5284"
3979,LINE,"'',#33788,#5285"
3980,LINE,"'',#33790,#5286"
3981,LINE,"'',#33792,#5287"
3982,LINE,"'',#33794,#5288"
3983,LINE,"'',#33796,#5289"
3984,LINE,"'',#33798,#5290"
3985,LINE,"'',#33801,#5291"
3986,LINE,"'',#33802,#5292"
3987,LINE,"'',#33803,#5293"
3988,LINE,"'',#33805,#5294"
3989,LINE,"'',#33807,#5295"
3990,LINE,"'',#33809,#5296"
3991,LINE,"'',#33811,#5297"
3992,LINE,"'',#33813,#5298"
3993,LINE,"'',#33814,#5299"
3994,LINE,"'',#33816,#5300"
3995,LINE,"'',#33818,#5301"
3996,LINE,"'',#33820,#5302"
3997,LINE,"'',#33822,#5303"
3998,LINE,"'',#33824,#5304"
3999,LINE,"'',#33826,#5305"
4000,LINE,"'',#33827,#5306"
4001,LINE,"'',#33829,#5307"
4002,LINE,"'',#33831,#5308"
4003,LINE,"'',#33833,#5309"
4004,LINE,"'',#33835,#5310"
4005,LINE,"'',#33837,#5311"
4006,LINE,"'',#33839,#5312"
4007,LINE,"'',#33841,#5313"
4008,LINE,"'',#33843,#5314"
4009,LINE,"'',#33845,#5315"
4010,LINE,"'',#33847,#5316"
4011,LINE,"'',#33849,#5317"
4012,LINE,"'',#33851,#5318"
4013,LINE,"'',#33853,#5319"
4014,LINE,"'',#33855,#5320"
4015,LINE,"'',#33857,#5321"
4016,LINE,"'',#33859,#5322"
4017,LINE,"'',#33861,#5323"
4018,LINE,"'',#33863,#5324"
4019,LINE,"'',#33865,#5325"
4020,LINE,"'',#33867,#5326"
4021,LINE,"'',#33869,#5327"
4022,LINE,"'',#33876,#5328"
4023,LINE,"'',#33877,#5329"
4024,LINE,"'',#33879,#5330"
4025,LINE,"'',#33886,#5331"
4026,LINE,"'',#33888,#5332"
4027,LINE,"'',#33890,#5333"
4028,LINE,"'',#33892,#5334"
4029,LINE,"'',#33894,#5335"
4030,LINE,"'',#33896,#5336"
4031,LINE,"'',#33898,#5337"
4032,LINE,"'',#33900,#5338"
4033,LINE,"'',#33902,#5339"
4034,LINE,"'',#33904,#5340"
4035,LINE,"'',#33906,#5341"
4036,LINE,"'',#33908,#5342"
4037,LINE,"'',#33910,#5343"
4038,LINE,"'',#33912,#5344"
4039,LINE,"'',#33913,#5345"
4040,LINE,"'',#33915,#5346"
4041,LINE,"'',#33917,#5347"
4042,LINE,"'',#33919,#5348"
4043,LINE,"'',#33921,#5349"
4044,LINE,"'',#33923,#5350"
4045,LINE,"'',#33925,#5351"
4046,LINE,"'',#33927,#5352"
4047,LINE,"'',#33929,#5353"
4048,LINE,"'',#33931,#5354"
4049,LINE,"'',#33933,#5355"
4050,LINE,"'',#33935,#5356"
4051,LINE,"'',#33937,#5357"
4052,LINE,"'',#33940,#5358"
4053,LINE,"'',#33941,#5359"
4054,LINE,"'',#33943,#5360"
4055,LINE,"'',#33945,#5361"
4056,LINE,"'',#33947,#5362"
4057,LINE,"'',#33949,#5363"
4058,LINE,"'',#33951,#5364"
4059,LINE,"'',#33953,#5365"
4060,LINE,"'',#33956,#5366"
4061,LINE,"'',#33957,#5367"
4062,LINE,"'',#33959,#5368"
4063,LINE,"'',#33961,#5369"
4064,LINE,"'',#33963,#5370"
4065,LINE,"'',#33965,#5371"
4066,LINE,"'',#33967,#5372"
4067,LINE,"'',#33969,#5373"
4068,LINE,"'',#33972,#5374"
4069,LINE,"'',#33973,#5375"
4070,LINE,"'',#33975,#5376"
4071,LINE,"'',#33977,#5377"
4072,LINE,"'',#33979,#5378"
4073,LINE,"'',#33981,#5379"
4074,LINE,"'',#33983,#5380"
4075,LINE,"'',#33985,#5381"
4076,VECTOR,"'',#22017,1."
4077,VECTOR,"'',#22018,1."
4078,VECTOR,"'',#22021,1."
4079,VECTOR,"'',#22022,1."
4080,VECTOR,"'',#22025,1."
4081,VECTOR,"'',#22028,1."
4082,VECTOR,"'',#22049,1."
4083,VECTOR,"'',#22052,1."
4084,VECTOR,"'',#22055,1."
4085,VECTOR,"'',#22058,1."
4086,VECTOR,"'',#22061,1."
4087,VECTOR,"'',#22064,1."
4088,VECTOR,"'',#22067,1."
4089,VECTOR,"'',#22070,1."
4090,VECTOR,"'',#22073,1."
4091,VECTOR,"'',#22090,1."
4092,VECTOR,"'',#22093,1."
4093,VECTOR,"'',#22096,1."
4094,VECTOR,"'',#22099,1."
4095,VECTOR,"'',#22102,1."
4096,VECTOR,"'',#22105,1."
4097,VECTOR,"'',#22108,1."
4098,VECTOR,"'',#22111,1."
4099,VECTOR,"'',#22114,1."
4100,VECTOR,"'',#22131,1."
4101,VECTOR,"'',#22134,1."
4102,VECTOR,"'',#22137,1."
4103,VECTOR,"'',#22140,1."
4104,VECTOR,"'',#22143,1."
4105,VECTOR,"'',#22146,1."
4106,VECTOR,"'',#22149,1."
4107,VECTOR,"'',#22152,1."
4108,VECTOR,"'',#22155,1."
4109,VECTOR,"'',#22172,1."
4110,VECTOR,"'',#22175,1."
4111,VECTOR,"'',#22178,1."
4112,VECTOR,"'',#22181,1."
4113,VECTOR,"'',#22184,1."
4114,VECTOR,"'',#22187,1."
4115,VECTOR,"'',#22190,1."
4116,VECTOR,"'',#22193,1."
4117,VECTOR,"'',#22196,1."
4118,VECTOR,"'',#22203,1."
4119,VECTOR,"'',#22204,1."
4120,VECTOR,"'',#22205,1."
4121,VECTOR,"'',#22206,1."
4122,VECTOR,"'',#22207,1."
4123,VECTOR,"'',#22208,1."
4124,VECTOR,"'',#22209,1."
4125,VECTOR,"'',#22210,1."
4126,VECTOR,"'',#22211,1."
4127,VECTOR,"'',#22212,1."
4128,VECTOR,"'',#22213,1."
4129,VECTOR,"'',#22216,1."
4130,VECTOR,"'',#22217,1."
4131,VECTOR,"'',#22218,1."
4132,VECTOR,"'',#22243,1."
4133,VECTOR,"'',#22246,1."
4134,VECTOR,"'',#22251,1."
4135,VECTOR,"'',#22254,1."
4136,VECTOR,"'',#22257,1."
4137,VECTOR,"'',#22260,1."
4138,VECTOR,"'',#22263,1."
4139,VECTOR,"'',#22266,1."
4140,VECTOR,"'',#22269,1."
4141,VECTOR,"'',#22272,1."
4142,VECTOR,"'',#22275,1."
4143,VECTOR,"'',#22280,1."
4144,VECTOR,"'',#22283,1."
4145,VECTOR,"'',#22286,1."
4146,VECTOR,"'',#22289,1."
4147,VECTOR,"'',#22292,1."
4148,VECTOR,"'',#22295,1."
4149,VECTOR,"'',#22298,1."
4150,VECTOR,"'',#22301,1."
4151,VECTOR,"'',#22304,1."
4152,VECTOR,"'',#22307,1."
4153,VECTOR,"'',#22310,1."
4154,VECTOR,"'',#22313,1."
4155,VECTOR,"'',#22316,1."
4156,VECTOR,"'',#22319,1."
4157,VECTOR,"'',#22322,1."
4158,VECTOR,"'',#22327,1."
4159,VECTOR,"'',#22330,1."
4160,VECTOR,"'',#22335,1."
4161,VECTOR,"'',#22338,1."
4162,VECTOR,"'',#22341,1."
4163,VECTOR,"'',#22344,1."
4164,VECTOR,"'',#22347,1."
4165,VECTOR,"'',#22350,1."
4166,VECTOR,"'',#22353,1."
4167,VECTOR,"'',#22356,1."
4168,VECTOR,"'',#22375,1."
4169,VECTOR,"'',#22376,1."
4170,VECTOR,"'',#22377,1."
4171,VECTOR,"'',#22378,1."
4172,VECTOR,"'',#22403,1."
4173,VECTOR,"'',#22404,1."
4174,VECTOR,"'',#22405,1."
4175,VECTOR,"'',#22408,1."
4176,VECTOR,"'',#22411,1."
4177,VECTOR,"'',#22412,1."
4178,VECTOR,"'',#22413,1."
4179,VECTOR,"'',#22414,1."
4180,VECTOR,"'',#22415,1."
4181,VECTOR,"'',#22416,1."
4182,VECTOR,"'',#22417,1."
4183,VECTOR,"'',#22418,1."
4184,VECTOR,"'',#22419,1."
4185,VECTOR,"'',#22420,1."
4186,VECTOR,"'',#22421,1."
4187,VECTOR,"'',#22422,1."
4188,VECTOR,"'',#22433,1."
4189,VECTOR,"'',#22434,1."
4190,VECTOR,"'',#22435,1."
4191,VECTOR,"'',#22436,1."
4192,VECTOR,"'',#22437,1."
4193,VECTOR,"'',#22438,1."
4194,VECTOR,"'',#22439,1."
4195,VECTOR,"'',#22440,1."
4196,VECTOR,"'',#22441,1."
4197,VECTOR,"'',#22444,1."
4198,VECTOR,"'',#22451,1."
4199,VECTOR,"'',#22454,1."
4200,VECTOR,"'',#22459,1."
4201,VECTOR,"'',#22460,1."
4202,VECTOR,"'',#22461,1."
4203,VECTOR,"'',#22462,1."
4204,VECTOR,"'',#22463,1."
4205,VECTOR,"'',#22464,1."
4206,VECTOR,"'',#22465,1."
4207,VECTOR,"'',#22466,1."
4208,VECTOR,"'',#22467,1."
4209,VECTOR,"'',#22468,1."
4210,VECTOR,"'',#22469,1."
4211,VECTOR,"'',#22470,1."
4212,VECTOR,"'',#22471,1."
4213,VECTOR,"'',#22472,1."
4214,VECTOR,"'',#22473,1."
4215,VECTOR,"'',#22474,1."
4216,VECTOR,"'',#22507,1."
4217,VECTOR,"'',#22508,1."
4218,VECTOR,"'',#22511,1."
4219,VECTOR,"'',#22516,1."
4220,VECTOR,"'',#22519,1."
4221,VECTOR,"'',#22524,1."
4222,VECTOR,"'',#22525,1."
4223,VECTOR,"'',#22526,1."
4224,VECTOR,"'',#22527,1."
4225,VECTOR,"'',#22528,1."
4226,VECTOR,"'',#22529,1."
4227,VECTOR,"'',#22530,1."
4228,VECTOR,"'',#22531,1."
4229,VECTOR,"'',#22532,1."
4230,VECTOR,"'',#22533,1."
4231,VECTOR,"'',#22534,1."
4232,VECTOR,"'',#22535,1."
4233,VECTOR,"'',#22536,1."
4234,VECTOR,"'',#22537,1."
4235,VECTOR,"'',#22540,1."
4236,VECTOR,"'',#22545,1."
4237,VECTOR,"'',#22546,1."
4238,VECTOR,"'',#22547,1."
4239,VECTOR,"'',#22580,1."
4240,VECTOR,"'',#22581,1."
4241,VECTOR,"'',#22582,1."
4242,VECTOR,"'',#22583,1."
4243,VECTOR,"'',#22584,1."
4244,VECTOR,"'',#22585,1."
4245,VECTOR,"'',#22586,1."
4246,VECTOR,"'',#22587,1."
4247,VECTOR,"'',#22588,1."
4248,VECTOR,"'',#22589,1."
4249,VECTOR,"'',#22590,1."
4250,VECTOR,"'',#22591,1."
4251,VECTOR,"'',#22592,1."
4252,VECTOR,"'',#22593,1."
4253,VECTOR,"'',#22594,1."
4254,VECTOR,"'',#22595,1."
4255,VECTOR,"'',#22596,1."
4256,VECTOR,"'',#22603,1."
4257,VECTOR,"'',#22604,1."
4258,VECTOR,"'',#22605,1."
4259,VECTOR,"'',#22606,1."
4260,VECTOR,"'',#22607,1."
4261,VECTOR,"'',#22608,1."
4262,VECTOR,"'',#22609,1."
4263,VECTOR,"'',#22610,1."
4264,VECTOR,"'',#22611,1."
4265,VECTOR,"'',#22612,1."
4266,VECTOR,"'',#22613,1."
4267,VECTOR,"'',#22614,1."
4268,VECTOR,"'',#22615,1."
4269,VECTOR,"'',#22616,1."
4270,VECTOR,"'',#22617,1."
4271,VECTOR,"'',#22618,1."
4272,VECTOR,"'',#22621,1."
4273,VECTOR,"'',#22622,1."
4274,VECTOR,"'',#22625,1."
4275,VECTOR,"'',#22626,1."
4276,VECTOR,"'',#22629,1."
4277,VECTOR,"'',#22630,1."
4278,VECTOR,"'',#22633,1."
4279,VECTOR,"'',#22634,1."
4280,VECTOR,"'',#22645,1."
4281,VECTOR,"'',#22646,1."
4282,VECTOR,"'',#22647,1."
4283,VECTOR,"'',#22648,1."
4284,VECTOR,"'',#22649,1."
4285,VECTOR,"'',#22650,1."
4286,VECTOR,"'',#22651,1."
4287,VECTOR,"'',#22652,1."
4288,VECTOR,"'',#22653,1."
4289,VECTOR,"'',#22672,1."
4290,VECTOR,"'',#22687,1."
4291,VECTOR,"'',#22688,1."
4292,VECTOR,"'',#22689,1."
4293,VECTOR,"'',#22690,1."
4294,VECTOR,"'',#22691,1."
4295,VECTOR,"'',#22692,1."
4296,VECTOR,"'',#22693,1."
4297,VECTOR,"'',#22694,1."
4298,VECTOR,"'',#22695,1."
4299,VECTOR,"'',#22696,1."
4300,VECTOR,"'',#22697,1."
4301,VECTOR,"'',#22698,1."
4302,VECTOR,"'',#22699,1."
4303,VECTOR,"'',#22700,1."
4304,VECTOR,"'',#22701,1."
4305,VECTOR,"'',#22734,1."
4306,VECTOR,"'',#22735,1."
4307,VECTOR,"'',#22738,1."
4308,VECTOR,"'',#22743,1."
4309,VECTOR,"'',#22744,1."
4310,VECTOR,"'',#22745,1."
4311,VECTOR,"'',#22746,1."
4312,VECTOR,"'',#22747,1."
4313,VECTOR,"'',#22748,1."
4314,VECTOR,"'',#22749,1."
4315,VECTOR,"'',#22750,1."
4316,VECTOR,"'',#22751,1."
4317,VECTOR,"'',#22752,1."
4318,VECTOR,"'',#22753,1."
4319,VECTOR,"'',#22754,1."
4320,VECTOR,"'',#22755,1."
4321,VECTOR,"'',#22756,1."
4322,VECTOR,"'',#22757,1."
4323,VECTOR,"'',#22758,1."
4324,VECTOR,"'',#22785,1."
4325,VECTOR,"'',#22788,1."
4326,VECTOR,"'',#22793,1."
4327,VECTOR,"'',#22796,1."
4328,VECTOR,"'',#22801,1."
4329,VECTOR,"'',#22804,1."
4330,VECTOR,"'',#22841,1."
4331,VECTOR,"'',#22854,1."
4332,VECTOR,"'',#22881,1."
4333,VECTOR,"'',#22914,1."
4334,VECTOR,"'',#22915,1."
4335,VECTOR,"'',#22916,1."
4336,VECTOR,"'',#22917,1."
4337,VECTOR,"'',#22918,1."
4338,VECTOR,"'',#22919,1."
4339,VECTOR,"'',#22920,1."
4340,VECTOR,"'',#22921,1."
4341,VECTOR,"'',#22922,1."
4342,VECTOR,"'',#22923,1."
4343,VECTOR,"'',#22924,1."
4344,VECTOR,"'',#22925,1."
4345,VECTOR,"'',#22926,1."
4346,VECTOR,"'',#22927,1."
4347,VECTOR,"'',#22928,1."
4348,VECTOR,"'',#22931,1."
4349,VECTOR,"'',#22936,1."
4350,VECTOR,"'',#22937,1."
4351,VECTOR,"'',#22938,1."
4352,VECTOR,"'',#22939,1."
4353,VECTOR,"'',#22940,1."
4354,VECTOR,"'',#22941,1."
4355,VECTOR,"'',#22942,1."
4356,VECTOR,"'',#22943,1."
4357,VECTOR,"'',#22944,1."
4358,VECTOR,"'',#22945,1."
4359,VECTOR,"'',#22946,1."
4360,VECTOR,"'',#22947,1."
4361,VECTOR,"'',#22948,1."
4362,VECTOR,"'',#22949,1."
4363,VECTOR,"'',#22952,1."
4364,VECTOR,"'',#22953,1."
4365,VECTOR,"'',#22954,1."
4366,VECTOR,"'',#22955,1."
4367,VECTOR,"'',#22956,1."
4368,VECTOR,"'',#22957,1."
4369,VECTOR,"'',#22958,1."
4370,VECTOR,"'',#22959,1."
4371,VECTOR,"'',#22960,1."
4372,VECTOR,"'',#22963,1."
4373,VECTOR,"'',#22968,1."
4374,VECTOR,"'',#22969,1."
4375,VECTOR,"'',#22970,1."
4376,VECTOR,"'',#22971,1."
4377,VECTOR,"'',#22972,1."
4378,VECTOR,"'',#22973,1."
4379,VECTOR,"'',#22974,1."
4380,VECTOR,"'',#22975,1."
4381,VECTOR,"'',#22976,1."
4382,VECTOR,"'',#22977,1."
4383,VECTOR,"'',#22978,1."
4384,VECTOR,"'',#22979,1."
4385,VECTOR,"'',#22980,1."
4386,VECTOR,"'',#22981,1."
4387,VECTOR,"'',#22982,1."
4388,VECTOR,"'',#22983,1."
4389,VECTOR,"'',#23016,1."
4390,VECTOR,"'',#23023,1."
4391,VECTOR,"'',#23026,1."
4392,VECTOR,"'',#23031,1."
4393,VECTOR,"'',#23034,1."
4394,VECTOR,"'',#23035,1."
4395,VECTOR,"'',#23038,1."
4396,VECTOR,"'',#23041,1."
4397,VECTOR,"'',#23042,1."
4398,VECTOR,"'',#23043,1."
4399,VECTOR,"'',#23044,1."
4400,VECTOR,"'',#23045,1."
4401,VECTOR,"'',#23046,1."
4402,VECTOR,"'',#23047,1."
4403,VECTOR,"'',#23048,1."
4404,VECTOR,"'',#23049,1."
4405,VECTOR,"'',#23050,1."
4406,VECTOR,"'',#23051,1."
4407,VECTOR,"'',#23052,1."
4408,VECTOR,"'',#23053,1."
4409,VECTOR,"'',#23054,1."
4410,VECTOR,"'',#23057,1."
4411,VECTOR,"'',#23062,1."
4412,VECTOR,"'',#23063,1."
4413,VECTOR,"'',#23064,1."
4414,VECTOR,"'',#23097,1."
4415,VECTOR,"'',#23166,1."
4416,VECTOR,"'',#23167,1."
4417,VECTOR,"'',#23170,1."
4418,VECTOR,"'',#23171,1."
4419,VECTOR,"'',#23174,1."
4420,VECTOR,"'',#23175,1."
4421,VECTOR,"'',#23178,1."
4422,VECTOR,"'',#23179,1."
4423,VECTOR,"'',#23182,1."
4424,VECTOR,"'',#23183,1."
4425,VECTOR,"'',#23184,1."
4426,VECTOR,"'',#23187,1."
4427,VECTOR,"'',#23188,1."
4428,VECTOR,"'',#23191,1."
4429,VECTOR,"'',#23192,1."
4430,VECTOR,"'',#23193,1."
4431,VECTOR,"'',#23196,1."
4432,VECTOR,"'',#23197,1."
4433,VECTOR,"'',#23200,1."
4434,VECTOR,"'',#23203,1."
4435,VECTOR,"'',#23206,1."
4436,VECTOR,"'',#23207,1."
4437,VECTOR,"'',#23210,1."
4438,VECTOR,"'',#23211,1."
4439,VECTOR,"'',#23214,1."
4440,VECTOR,"'',#23215,1."
4441,VECTOR,"'',#23218,1."
4442,VECTOR,"'',#23221,1."
4443,VECTOR,"'',#23224,1."
4444,VECTOR,"'',#23227,1."
4445,VECTOR,"'',#23228,1."
4446,VECTOR,"'',#23231,1."
4447,VECTOR,"'',#23294,1."
4448,VECTOR,"'',#23299,1."
4449,VECTOR,"'',#23304,1."
4450,VECTOR,"'',#23309,1."
4451,VECTOR,"'',#23312,1."
4452,VECTOR,"'',#23313,1."
4453,VECTOR,"'',#23314,1."
4454,VECTOR,"'',#23315,1."
4455,VECTOR,"'',#23316,1."
4456,VECTOR,"'',#23317,1."
4457,VECTOR,"'',#23368,1."
4458,VECTOR,"'',#23371,1."
4459,VECTOR,"'',#23376,1."
4460,VECTOR,"'',#23377,1."
4461,VECTOR,"'',#23378,1."
4462,VECTOR,"'',#23379,1."
4463,VECTOR,"'',#23382,1."
4464,VECTOR,"'',#23383,1."
4465,VECTOR,"'',#23384,1."
4466,VECTOR,"'',#23385,1."
4467,VECTOR,"'',#23404,1."
4468,VECTOR,"'',#23407,1."
4469,VECTOR,"'',#23412,1."
4470,VECTOR,"'',#23413,1."
4471,VECTOR,"'',#23414,1."
4472,VECTOR,"'',#23415,1."
4473,VECTOR,"'',#23418,1."
4474,VECTOR,"'',#23419,1."
4475,VECTOR,"'',#23420,1."
4476,VECTOR,"'',#23421,1."
4477,VECTOR,"'',#23440,1."
4478,VECTOR,"'',#23443,1."
4479,VECTOR,"'',#23448,1."
4480,VECTOR,"'',#23449,1."
4481,VECTOR,"'',#23450,1."
4482,VECTOR,"'',#23451,1."
4483,VECTOR,"'',#23454,1."
4484,VECTOR,"'',#23455,1."
4485,VECTOR,"'',#23456,1."
4486,VECTOR,"'',#23457,1."
4487,VECTOR,"'',#23476,1."
4488,VECTOR,"'',#23479,1."
4489,VECTOR,"'',#23484,1."
4490,VECTOR,"'',#23485,1."
4491,VECTOR,"'',#23486,1."
4492,VECTOR,"'',#23487,1."
4493,VECTOR,"'',#23490,1."
4494,VECTOR,"'',#23491,1."
4495,VECTOR,"'',#23492,1."
4496,VECTOR,"'',#23493,1."
4497,VECTOR,"'',#23512,1."
4498,VECTOR,"'',#23515,1."
4499,VECTOR,"'',#23520,1."
4500,VECTOR,"'',#23521,1."
4501,VECTOR,"'',#23522,1."
4502,VECTOR,"'',#23523,1."
4503,VECTOR,"'',#23526,1."
4504,VECTOR,"'',#23527,1."
4505,VECTOR,"'',#23528,1."
4506,VECTOR,"'',#23529,1."
4507,VECTOR,"'',#23554,1."
4508,VECTOR,"'',#23559,1."
4509,VECTOR,"'',#23576,1."
4510,VECTOR,"'',#23581,1."
4511,VECTOR,"'',#23588,1."
4512,VECTOR,"'',#23605,1."
4513,VECTOR,"'',#23612,1."
4514,VECTOR,"'',#23613,1."
4515,VECTOR,"'',#23614,1."
4516,VECTOR,"'',#23623,1."
4517,VECTOR,"'',#23624,1."
4518,VECTOR,"'',#23625,1."
4519,VECTOR,"'',#23638,1."
4520,VECTOR,"'',#23643,1."
4521,VECTOR,"'',#23660,1."
4522,VECTOR,"'',#23665,1."
4523,VECTOR,"'',#23672,1."
4524,VECTOR,"'',#23689,1."
4525,VECTOR,"'',#23696,1."
4526,VECTOR,"'',#23697,1."
4527,VECTOR,"'',#23698,1."
4528,VECTOR,"'',#23707,1."
4529,VECTOR,"'',#23708,1."
4530,VECTOR,"'',#23709,1."
4531,VECTOR,"'',#23712,1."
4532,VECTOR,"'',#23719,1."
4533,VECTOR,"'',#23724,1."
4534,VECTOR,"'',#23729,1."
4535,VECTOR,"'',#23734,1."
4536,VECTOR,"'',#23743,1."
4537,VECTOR,"'',#23746,1."
4538,VECTOR,"'',#23747,1."
4539,VECTOR,"'',#23776,1."
4540,VECTOR,"'',#23779,1."
4541,VECTOR,"'',#23780,1."
4542,VECTOR,"'',#23801,1."
4543,VECTOR,"'',#23806,1."
4544,VECTOR,"'',#23827,1."
4545,VECTOR,"'',#23836,1."
4546,VECTOR,"'',#23839,1."
4547,VECTOR,"'',#23868,1."
4548,VECTOR,"'',#23869,1."
4549,VECTOR,"'',#23870,1."
4550,VECTOR,"'',#23871,1."
4551,VECTOR,"'',#23872,1."
4552,VECTOR,"'',#23873,1."
4553,VECTOR,"'',#23876,1."
4554,VECTOR,"'',#23877,1."
4555,VECTOR,"'',#23878,1."
4556,VECTOR,"'',#23879,1."
4557,VECTOR,"'',#23880,1."
4558,VECTOR,"'',#23897,1."
4559,VECTOR,"'',#23900,1."
4560,VECTOR,"'',#23909,1."
4561,VECTOR,"'',#23910,1."
4562,VECTOR,"'',#23911,1."
4563,VECTOR,"'',#23912,1."
4564,VECTOR,"'',#23915,1."
4565,VECTOR,"'',#23916,1."
4566,VECTOR,"'',#23917,1."
4567,VECTOR,"'',#23918,1."
4568,VECTOR,"'',#23933,1."
4569,VECTOR,"'',#23936,1."
4570,VECTOR,"'',#23945,1."
4571,VECTOR,"'',#23946,1."
4572,VECTOR,"'',#23947,1."
4573,VECTOR,"'',#23948,1."
4574,VECTOR,"'',#23951,1."
4575,VECTOR,"'',#23952,1."
4576,VECTOR,"'',#23953,1."
4577,VECTOR,"'',#23954,1."
4578,VECTOR,"'',#23993,1."
4579,VECTOR,"'',#23994,1."
4580,VECTOR,"'',#23995,1."
4581,VECTOR,"'',#23998,1."
4582,VECTOR,"'',#24003,1."
4583,VECTOR,"'',#24010,1."
4584,VECTOR,"'',#24011,1."
4585,VECTOR,"'',#24014,1."
4586,VECTOR,"'',#24015,1."
4587,VECTOR,"'',#24018,1."
4588,VECTOR,"'',#24019,1."
4589,VECTOR,"'',#24022,1."
4590,VECTOR,"'',#24023,1."
4591,VECTOR,"'',#24026,1."
4592,VECTOR,"'',#24027,1."
4593,VECTOR,"'',#24030,1."
4594,VECTOR,"'',#24031,1."
4595,VECTOR,"'',#24034,1."
4596,VECTOR,"'',#24035,1."
4597,VECTOR,"'',#24038,1."
4598,VECTOR,"'',#24039,1."
4599,VECTOR,"'',#24042,1."
4600,VECTOR,"'',#24043,1."
4601,VECTOR,"'',#24046,1."
4602,VECTOR,"'',#24047,1."
4603,VECTOR,"'',#24050,1."
4604,VECTOR,"'',#24055,1."
4605,VECTOR,"'',#24056,1."
4606,VECTOR,"'',#24057,1."
4607,VECTOR,"'',#24066,1."
4608,VECTOR,"'',#24069,1."
4609,VECTOR,"'',#24070,1."
4610,VECTOR,"'',#24079,1."
4611,VECTOR,"'',#24082,1."
4612,VECTOR,"'',#24083,1."
4613,VECTOR,"'',#24086,1."
4614,VECTOR,"'',#24087,1."
4615,VECTOR,"'',#24090,1."
4616,VECTOR,"'',#24115,1."
4617,VECTOR,"'',#24148,1."
4618,VECTOR,"'',#24157,1."
4619,VECTOR,"'',#24176,1."
4620,VECTOR,"'',#24177,1."
4621,VECTOR,"'',#24178,1."
4622,VECTOR,"'',#24179,1."
4623,VECTOR,"'',#24182,1."
4624,VECTOR,"'',#24185,1."
4625,VECTOR,"'',#24228,1."
4626,VECTOR,"'',#24229,1."
4627,VECTOR,"'',#24230,1."
4628,VECTOR,"'',#24233,1."
4629,VECTOR,"'',#24238,1."
4630,VECTOR,"'',#24245,1."
4631,VECTOR,"'',#24246,1."
4632,VECTOR,"'',#24249,1."
4633,VECTOR,"'',#24250,1."
4634,VECTOR,"'',#24253,1."
4635,VECTOR,"'',#24254,1."
4636,VECTOR,"'',#24257,1."
4637,VECTOR,"'',#24258,1."
4638,VECTOR,"'',#24261,1."
4639,VECTOR,"'',#24262,1."
4640,VECTOR,"'',#24265,1."
4641,VECTOR,"'',#24266,1."
4642,VECTOR,"'',#24269,1."
4643,VECTOR,"'',#24270,1."
4644,VECTOR,"'',#24273,1."
4645,VECTOR,"'',#24274,1."
4646,VECTOR,"'',#24277,1."
4647,VECTOR,"'',#24278,1."
4648,VECTOR,"'',#24281,1."
4649,VECTOR,"'',#24282,1."
4650,VECTOR,"'',#24285,1."
4651,VECTOR,"'',#24290,1."
4652,VECTOR,"'',#24291,1."
4653,VECTOR,"'',#24292,1."
4654,VECTOR,"'',#24301,1."
4655,VECTOR,"'',#24304,1."
4656,VECTOR,"'',#24305,1."
4657,VECTOR,"'',#24314,1."
4658,VECTOR,"'',#24317,1."
4659,VECTOR,"'',#24318,1."
4660,VECTOR,"'',#24321,1."
4661,VECTOR,"'',#24322,1."
4662,VECTOR,"'',#24325,1."
4663,VECTOR,"'',#24350,1."
4664,VECTOR,"'',#24383,1."
4665,VECTOR,"'',#24392,1."
4666,VECTOR,"'',#24411,1."
4667,VECTOR,"'',#24412,1."
4668,VECTOR,"'',#24413,1."
4669,VECTOR,"'',#24414,1."
4670,VECTOR,"'',#24417,1."
4671,VECTOR,"'',#24420,1."
4672,VECTOR,"'',#24463,1."
4673,VECTOR,"'',#24464,1."
4674,VECTOR,"'',#24465,1."
4675,VECTOR,"'',#24468,1."
4676,VECTOR,"'',#24473,1."
4677,VECTOR,"'',#24480,1."
4678,VECTOR,"'',#24481,1."
4679,VECTOR,"'',#24484,1."
4680,VECTOR,"'',#24485,1."
4681,VECTOR,"'',#24488,1."
4682,VECTOR,"'',#24489,1."
4683,VECTOR,"'',#24492,1."
4684,VECTOR,"'',#24493,1."
4685,VECTOR,"'',#24496,1."
4686,VECTOR,"'',#24497,1."
4687,VECTOR,"'',#24500,1."
4688,VECTOR,"'',#24501,1."
4689,VECTOR,"'',#24504,1."
4690,VECTOR,"'',#24505,1."
4691,VECTOR,"'',#24508,1."
4692,VECTOR,"'',#24509,1."
4693,VECTOR,"'',#24512,1."
4694,VECTOR,"'',#24513,1."
4695,VECTOR,"'',#24516,1."
4696,VECTOR,"'',#24517,1."
4697,VECTOR,"'',#24520,1."
4698,VECTOR,"'',#24525,1."
4699,VECTOR,"'',#24526,1."
4700,VECTOR,"'',#24527,1."
4701,VECTOR,"'',#24536,1."
4702,VECTOR,"'',#24539,1."
4703,VECTOR,"'',#24540,1."
4704,VECTOR,"'',#24549,1."
4705,VECTOR,"'',#24552,1."
4706,VECTOR,"'',#24553,1."
4707,VECTOR,"'',#24556,1."
4708,VECTOR,"'',#24557,1."
4709,VECTOR,"'',#24560,1."
4710,VECTOR,"'',#24585,1."
4711,VECTOR,"'',#24618,1."
4712,VECTOR,"'',#24627,1."
4713,VECTOR,"'',#24646,1."
4714,VECTOR,"'',#24647,1."
4715,VECTOR,"'',#24648,1."
4716,VECTOR,"'',#24649,1."
4717,VECTOR,"'',#24652,1."
4718,VECTOR,"'',#24655,1."
4719,VECTOR,"'',#24698,1."
4720,VECTOR,"'',#24699,1."
4721,VECTOR,"'',#24700,1."
4722,VECTOR,"'',#24703,1."
4723,VECTOR,"'',#24708,1."
4724,VECTOR,"'',#24715,1."
4725,VECTOR,"'',#24716,1."
4726,VECTOR,"'',#24719,1."
4727,VECTOR,"'',#24720,1."
4728,VECTOR,"'',#24723,1."
4729,VECTOR,"'',#24724,1."
4730,VECTOR,"'',#24727,1."
4731,VECTOR,"'',#24728,1."
4732,VECTOR,"'',#24731,1."
4733,VECTOR,"'',#24732,1."
4734,VECTOR,"'',#24735,1."
4735,VECTOR,"'',#24736,1."
4736,VECTOR,"'',#24739,1."
4737,VECTOR,"'',#24740,1."
4738,VECTOR,"'',#24743,1."
4739,VECTOR,"'',#24744,1."
4740,VECTOR,"'',#24747,1."
4741,VECTOR,"'',#24748,1."
4742,VECTOR,"'',#24751,1."
4743,VECTOR,"'',#24752,1."
4744,VECTOR,"'',#24755,1."
4745,VECTOR,"'',#24760,1."
4746,VECTOR,"'',#24761,1."
4747,VECTOR,"'',#24762,1."
4748,VECTOR,"'',#24771,1."
4749,VECTOR,"'',#24774,1."
4750,VECTOR,"'',#24775,1."
4751,VECTOR,"'',#24784,1."
4752,VECTOR,"'',#24787,1."
4753,VECTOR,"'',#24788,1."
4754,VECTOR,"'',#24791,1."
4755,VECTOR,"'',#24792,1."
4756,VECTOR,"'',#24795,1."
4757,VECTOR,"'',#24820,1."
4758,VECTOR,"'',#24853,1."
4759,VECTOR,"'',#24862,1."
4760,VECTOR,"'',#24881,1."
4761,VECTOR,"'',#24882,1."
4762,VECTOR,"'',#24883,1."
4763,VECTOR,"'',#24884,1."
4764,VECTOR,"'',#24887,1."
4765,VECTOR,"'',#24890,1."
4766,VECTOR,"'',#24933,1."
4767,VECTOR,"'',#24934,1."
4768,VECTOR,"'',#24935,1."
4769,VECTOR,"'',#24938,1."
4770,VECTOR,"'',#24939,1."
4771,VECTOR,"'',#24942,1."
4772,VECTOR,"'',#24943,1."
4773,VECTOR,"'',#24946,1."
4774,VECTOR,"'',#24947,1."
4775,VECTOR,"'',#24950,1."
4776,VECTOR,"'',#24951,1."
4777,VECTOR,"'',#24954,1."
4778,VECTOR,"'',#24959,1."
4779,VECTOR,"'',#24960,1."
4780,VECTOR,"'',#24961,1."
4781,VECTOR,"'',#24964,1."
4782,VECTOR,"'',#24969,1."
4783,VECTOR,"'',#24976,1."
4784,VECTOR,"'',#24977,1."
4785,VECTOR,"'',#24980,1."
4786,VECTOR,"'',#24981,1."
4787,VECTOR,"'',#24984,1."
4788,VECTOR,"'',#24985,1."
4789,VECTOR,"'',#24988,1."
4790,VECTOR,"'',#24989,1."
4791,VECTOR,"'',#24992,1."
4792,VECTOR,"'',#24993,1."
4793,VECTOR,"'',#24996,1."
4794,VECTOR,"'',#24997,1."
4795,VECTOR,"'',#25000,1."
4796,VECTOR,"'',#25001,1."
4797,VECTOR,"'',#25004,1."
4798,VECTOR,"'',#25005,1."
4799,VECTOR,"'',#25008,1."
4800,VECTOR,"'',#25009,1."
4801,VECTOR,"'',#25012,1."
4802,VECTOR,"'',#25013,1."
4803,VECTOR,"'',#25016,1."
4804,VECTOR,"'',#25021,1."
4805,VECTOR,"'',#25022,1."
4806,VECTOR,"'',#25023,1."
4807,VECTOR,"'',#25032,1."
4808,VECTOR,"'',#25035,1."
4809,VECTOR,"'',#25036,1."
4810,VECTOR,"'',#25045,1."
4811,VECTOR,"'',#25048,1."
4812,VECTOR,"'',#25049,1."
4813,VECTOR,"'',#25052,1."
4814,VECTOR,"'',#25053,1."
4815,VECTOR,"'',#25056,1."
4816,VECTOR,"'',#25081,1."
4817,VECTOR,"'',#25114,1."
4818,VECTOR,"'',#25123,1."
4819,VECTOR,"'',#25142,1."
4820,VECTOR,"'',#25143,1."
4821,VECTOR,"'',#25144,1."
4822,VECTOR,"'',#25145,1."
4823,VECTOR,"'',#25148,1."
4824,VECTOR,"'',#25151,1."
4825,VECTOR,"'',#25194,1."
4826,VECTOR,"'',#25195,1."
4827,VECTOR,"'',#25196,1."
4828,VECTOR,"'',#25199,1."
4829,VECTOR,"'',#25204,1."
4830,VECTOR,"'',#25211,1."
4831,VECTOR,"'',#25212,1."
4832,VECTOR,"'',#25215,1."
4833,VECTOR,"'',#25216,1."
4834,VECTOR,"'',#25219,1."
4835,VECTOR,"'',#25220,1."
4836,VECTOR,"'',#25223,1."
4837,VECTOR,"'',#25224,1."
4838,VECTOR,"'',#25227,1."
4839,VECTOR,"'',#25228,1."
4840,VECTOR,"'',#25231,1."
4841,VECTOR,"'',#25232,1."
4842,VECTOR,"'',#25235,1."
4843,VECTOR,"'',#25236,1."
4844,VECTOR,"'',#25239,1."
4845,VECTOR,"'',#25240,1."
4846,VECTOR,"'',#25243,1."
4847,VECTOR,"'',#25244,1."
4848,VECTOR,"'',#25247,1."
4849,VECTOR,"'',#25248,1."
4850,VECTOR,"'',#25251,1."
4851,VECTOR,"'',#25256,1."
4852,VECTOR,"'',#25257,1."
4853,VECTOR,"'',#25258,1."
4854,VECTOR,"'',#25267,1."
4855,VECTOR,"'',#25270,1."
4856,VECTOR,"'',#25271,1."
4857,VECTOR,"'',#25280,1."
4858,VECTOR,"'',#25283,1."
4859,VECTOR,"'',#25284,1."
4860,VECTOR,"'',#25287,1."
4861,VECTOR,"'',#25288,1."
4862,VECTOR,"'',#25291,1."
4863,VECTOR,"'',#25316,1."
4864,VECTOR,"'',#25349,1."
4865,VECTOR,"'',#25358,1."
4866,VECTOR,"'',#25377,1."
4867,VECTOR,"'',#25378,1."
4868,VECTOR,"'',#25379,1."
4869,VECTOR,"'',#25380,1."
4870,VECTOR,"'',#25383,1."
4871,VECTOR,"'',#25386,1."
4872,VECTOR,"'',#25445,1."
4873,VECTOR,"'',#25446,1."
4874,VECTOR,"'',#25447,1."
4875,VECTOR,"'',#25450,1."
4876,VECTOR,"'',#25455,1."
4877,VECTOR,"'',#25462,1."
4878,VECTOR,"'',#25463,1."
4879,VECTOR,"'',#25466,1."
4880,VECTOR,"'',#25467,1."
4881,VECTOR,"'',#25470,1."
4882,VECTOR,"'',#25471,1."
4883,VECTOR,"'',#25474,1."
4884,VECTOR,"'',#25475,1."
4885,VECTOR,"'',#25478,1."
4886,VECTOR,"'',#25479,1."
4887,VECTOR,"'',#25482,1."
4888,VECTOR,"'',#25483,1."
4889,VECTOR,"'',#25486,1."
4890,VECTOR,"'',#25487,1."
4891,VECTOR,"'',#25490,1."
4892,VECTOR,"'',#25491,1."
4893,VECTOR,"'',#25494,1."
4894,VECTOR,"'',#25495,1."
4895,VECTOR,"'',#25498,1."
4896,VECTOR,"'',#25499,1."
4897,VECTOR,"'',#25502,1."
4898,VECTOR,"'',#25507,1."
4899,VECTOR,"'',#25508,1."
4900,VECTOR,"'',#25509,1."
4901,VECTOR,"'',#25530,1."
4902,VECTOR,"'',#25535,1."
4903,VECTOR,"'',#25548,1."
4904,VECTOR,"'',#25551,1."
4905,VECTOR,"'',#25552,1."
4906,VECTOR,"'',#25565,1."
4907,VECTOR,"'',#25570,1."
4908,VECTOR,"'',#25593,1."
4909,VECTOR,"'',#25594,1."
4910,VECTOR,"'',#25597,1."
4911,VECTOR,"'',#25602,1."
4912,VECTOR,"'',#25603,1."
4913,VECTOR,"'',#25604,1."
4914,VECTOR,"'',#25605,1."
4915,VECTOR,"'',#25606,1."
4916,VECTOR,"'',#25607,1."
4917,VECTOR,"'',#25608,1."
4918,VECTOR,"'',#25609,1."
4919,VECTOR,"'',#25610,1."
4920,VECTOR,"'',#25611,1."
4921,VECTOR,"'',#25612,1."
4922,VECTOR,"'',#25613,1."
4923,VECTOR,"'',#25614,1."
4924,VECTOR,"'',#25615,1."
4925,VECTOR,"'',#25618,1."
4926,VECTOR,"'',#25619,1."
4927,VECTOR,"'',#25622,1."
4928,VECTOR,"'',#25625,1."
4929,VECTOR,"'',#25628,1."
4930,VECTOR,"'',#25631,1."
4931,VECTOR,"'',#25634,1."
4932,VECTOR,"'',#25637,1."
4933,VECTOR,"'',#25640,1."
4934,VECTOR,"'',#25643,1."
4935,VECTOR,"'',#25646,1."
4936,VECTOR,"'',#25651,1."
4937,VECTOR,"'',#25652,1."
4938,VECTOR,"'',#25653,1."
4939,VECTOR,"'',#25656,1."
4940,VECTOR,"'',#25657,1."
4941,VECTOR,"'',#25660,1."
4942,VECTOR,"'',#25677,1."
4943,VECTOR,"'',#25678,1."
4944,VECTOR,"'',#25679,1."
4945,VECTOR,"'',#25680,1."
4946,VECTOR,"'',#25681,1."
4947,VECTOR,"'',#25682,1."
4948,VECTOR,"'',#25683,1."
4949,VECTOR,"'',#25684,1."
4950,VECTOR,"'',#25685,1."
4951,VECTOR,"'',#25686,1."
4952,VECTOR,"'',#25687,1."
4953,VECTOR,"'',#25690,1."
4954,VECTOR,"'',#25691,1."
4955,VECTOR,"'',#25692,1."
4956,VECTOR,"'',#25707,1."
4957,VECTOR,"'',#25708,1."
4958,VECTOR,"'',#25709,1."
4959,VECTOR,"'',#25710,1."
4960,VECTOR,"'',#25715,1."
4961,VECTOR,"'',#25718,1."
4962,VECTOR,"'',#25721,1."
4963,VECTOR,"'',#25724,1."
4964,VECTOR,"'',#25725,1."
4965,VECTOR,"'',#25726,1."
4966,VECTOR,"'',#25727,1."
4967,VECTOR,"'',#25730,1."
4968,VECTOR,"'',#25731,1."
4969,VECTOR,"'',#25732,1."
4970,VECTOR,"'',#25735,1."
4971,VECTOR,"'',#25736,1."
4972,VECTOR,"'',#25737,1."
4973,VECTOR,"'',#25738,1."
4974,VECTOR,"'',#25739,1."
4975,VECTOR,"'',#25750,1."
4976,VECTOR,"'',#25751,1."
4977,VECTOR,"'',#25752,1."
4978,VECTOR,"'',#25755,1."
4979,VECTOR,"'',#25756,1."
4980,VECTOR,"'',#25757,1."
4981,VECTOR,"'',#25758,1."
4982,VECTOR,"'',#25759,1."
4983,VECTOR,"'',#25770,1."
4984,VECTOR,"'',#25771,1."
4985,VECTOR,"'',#25772,1."
4986,VECTOR,"'',#25775,1."
4987,VECTOR,"'',#25776,1."
4988,VECTOR,"'',#25777,1."
4989,VECTOR,"'',#25778,1."
4990,VECTOR,"'',#25783,1."
4991,VECTOR,"'',#25786,1."
4992,VECTOR,"'',#25789,1."
4993,VECTOR,"'',#25792,1."
4994,VECTOR,"'',#25793,1."
4995,VECTOR,"'',#25794,1."
4996,VECTOR,"'',#25795,1."
4997,VECTOR,"'',#25798,1."
4998,VECTOR,"'',#25799,1."
4999,VECTOR,"'',#25800,1."
5000,VECTOR,"'',#25803,1."
5001,VECTOR,"'',#25804,1."
5002,VECTOR,"'',#25805,1."
5003,VECTOR,"'',#25806,1."
5004,VECTOR,"'',#25807,1."
5005,VECTOR,"'',#25818,1."
5006,VECTOR,"'',#25819,1."
5007,VECTOR,"'',#25820,1."
5008,VECTOR,"'',#25823,1."
5009,VECTOR,"'',#25824,1."
5010,VECTOR,"'',#25825,1."
5011,VECTOR,"'',#25826,1."
5012,VECTOR,"'',#25827,1."
5013,VECTOR,"'',#25838,1."
5014,VECTOR,"'',#25839,1."
5015,VECTOR,"'',#25840,1."
5016,VECTOR,"'',#25911,1."
5017,VECTOR,"'',#25912,1."
5018,VECTOR,"'',#25913,1."
5019,VECTOR,"'',#25916,1."
5020,VECTOR,"'',#25917,1."
5021,VECTOR,"'',#25924,1."
5022,VECTOR,"'',#25925,1."
5023,VECTOR,"'',#25926,1."
5024,VECTOR,"'',#25929,1."
5025,VECTOR,"'',#25930,1."
5026,VECTOR,"'',#25931,1."
5027,VECTOR,"'',#25934,1."
5028,VECTOR,"'',#25935,1."
5029,VECTOR,"'',#25936,1."
5030,VECTOR,"'',#25939,1."
5031,VECTOR,"'',#25940,1."
5032,VECTOR,"'',#25941,1."
5033,VECTOR,"'',#25944,1."
5034,VECTOR,"'',#25945,1."
5035,VECTOR,"'',#25946,1."
5036,VECTOR,"'',#25949,1."
5037,VECTOR,"'',#25950,1."
5038,VECTOR,"'',#25951,1."
5039,VECTOR,"'',#25954,1."
5040,VECTOR,"'',#25955,1."
5041,VECTOR,"'',#25956,1."
5042,VECTOR,"'',#25959,1."
5043,VECTOR,"'',#25960,1."
5044,VECTOR,"'',#25961,1."
5045,VECTOR,"'',#25964,1."
5046,VECTOR,"'',#25965,1."
5047,VECTOR,"'',#25966,1."
5048,VECTOR,"'',#25971,1."
5049,VECTOR,"'',#26012,1."
5050,VECTOR,"'',#26013,1."
5051,VECTOR,"'',#26014,1."
5052,VECTOR,"'',#26017,1."
5053,VECTOR,"'',#26018,1."
5054,VECTOR,"'',#26019,1."
5055,VECTOR,"'',#26022,1."
5056,VECTOR,"'',#26023,1."
5057,VECTOR,"'',#26024,1."
5058,VECTOR,"'',#26027,1."
5059,VECTOR,"'',#26028,1."
5060,VECTOR,"'',#26029,1."
5061,VECTOR,"'',#26032,1."
5062,VECTOR,"'',#26033,1."
5063,VECTOR,"'',#26034,1."
5064,VECTOR,"'',#26037,1."
5065,VECTOR,"'',#26038,1."
5066,VECTOR,"'',#26039,1."
5067,VECTOR,"'',#26042,1."
5068,VECTOR,"'',#26043,1."
5069,VECTOR,"'',#26044,1."
5070,VECTOR,"'',#26047,1."
5071,VECTOR,"'',#26048,1."
5072,VECTOR,"'',#26049,1."
5073,VECTOR,"'',#26052,1."
5074,VECTOR,"'',#26053,1."
5075,VECTOR,"'',#26054,1."
5076,VECTOR,"'',#26059,1."
5077,VECTOR,"'',#26098,1."
5078,VECTOR,"'',#26099,1."
5079,VECTOR,"'',#26100,1."
5080,VECTOR,"'',#26103,1."
5081,VECTOR,"'',#26104,1."
5082,VECTOR,"'',#26105,1."
5083,VECTOR,"'',#26108,1."
5084,VECTOR,"'',#26109,1."
5085,VECTOR,"'',#26110,1."
5086,VECTOR,"'',#26113,1."
5087,VECTOR,"'',#26114,1."
5088,VECTOR,"'',#26115,1."
5089,VECTOR,"'',#26118,1."
5090,VECTOR,"'',#26119,1."
5091,VECTOR,"'',#26120,1."
5092,VECTOR,"'',#26123,1."
5093,VECTOR,"'',#26124,1."
5094,VECTOR,"'',#26125,1."
5095,VECTOR,"'',#26128,1."
5096,VECTOR,"'',#26129,1."
5097,VECTOR,"'',#26130,1."
5098,VECTOR,"'',#26133,1."
5099,VECTOR,"'',#26134,1."
5100,VECTOR,"'',#26135,1."
5101,VECTOR,"'',#26138,1."
5102,VECTOR,"'',#26139,1."
5103,VECTOR,"'',#26140,1."
5104,VECTOR,"'',#26145,1."
5105,VECTOR,"'',#26184,1."
5106,VECTOR,"'',#26185,1."
5107,VECTOR,"'',#26186,1."
5108,VECTOR,"'',#26189,1."
5109,VECTOR,"'',#26190,1."
5110,VECTOR,"'',#26191,1."
5111,VECTOR,"'',#26194,1."
5112,VECTOR,"'',#26195,1."
5113,VECTOR,"'',#26196,1."
5114,VECTOR,"'',#26199,1."
5115,VECTOR,"'',#26200,1."
5116,VECTOR,"'',#26201,1."
5117,VECTOR,"'',#26204,1."
5118,VECTOR,"'',#26205,1."
5119,VECTOR,"'',#26206,1."
5120,VECTOR,"'',#26209,1."
5121,VECTOR,"'',#26210,1."
5122,VECTOR,"'',#26211,1."
5123,VECTOR,"'',#26214,1."
5124,VECTOR,"'',#26215,1."
5125,VECTOR,"'',#26216,1."
5126,VECTOR,"'',#26219,1."
5127,VECTOR,"'',#26220,1."
5128,VECTOR,"'',#26221,1."
5129,VECTOR,"'',#26224,1."
5130,VECTOR,"'',#26225,1."
5131,VECTOR,"'',#26226,1."
5132,VECTOR,"'',#26231,1."
5133,VECTOR,"'',#26272,1."
5134,VECTOR,"'',#26273,1."
5135,VECTOR,"'',#26466,1."
5136,VECTOR,"'',#26467,1."
5137,VECTOR,"'',#26470,1."
5138,VECTOR,"'',#26473,1."
5139,VECTOR,"'',#26476,1."
5140,VECTOR,"'',#26479,1."
5141,VECTOR,"'',#26482,1."
5142,VECTOR,"'',#26485,1."
5143,VECTOR,"'',#26488,1."
5144,VECTOR,"'',#26491,1."
5145,VECTOR,"'',#26494,1."
5146,VECTOR,"'',#26497,1."
5147,VECTOR,"'',#26500,1."
5148,VECTOR,"'',#26503,1."
5149,VECTOR,"'',#26506,1."
5150,VECTOR,"'',#26509,1."
5151,VECTOR,"'',#26512,1."
5152,VECTOR,"'',#26515,1."
5153,VECTOR,"'',#26518,1."
5154,VECTOR,"'',#26523,1."
5155,VECTOR,"'',#26524,1."
5156,VECTOR,"'',#26527,1."
5157,VECTOR,"'',#26530,1."
5158,VECTOR,"'',#26533,1."
5159,VECTOR,"'',#26536,1."
5160,VECTOR,"'',#26539,1."
5161,VECTOR,"'',#26542,1."
5162,VECTOR,"'',#26545,1."
5163,VECTOR,"'',#26548,1."
5164,VECTOR,"'',#26551,1."
5165,VECTOR,"'',#26554,1."
5166,VECTOR,"'',#26557,1."
5167,VECTOR,"'',#26560,1."
5168,VECTOR,"'',#26563,1."
5169,VECTOR,"'',#26566,1."
5170,VECTOR,"'',#26569,1."
5171,VECTOR,"'',#26572,1."
5172,VECTOR,"'',#26575,1."
5173,VECTOR,"'',#26580,1."
5174,VECTOR,"'',#26581,1."
5175,VECTOR,"'',#26584,1."
5176,VECTOR,"'',#26587,1."
5177,VECTOR,"'',#26590,1."
5178,VECTOR,"'',#26593,1."
5179,VECTOR,"'',#26596,1."
5180,VECTOR,"'',#26599,1."
5181,VECTOR,"'',#26602,1."
5182,VECTOR,"'',#26605,1."
5183,VECTOR,"'',#26608,1."
5184,VECTOR,"'',#26611,1."
5185,VECTOR,"'',#26614,1."
5186,VECTOR,"'',#26617,1."
5187,VECTOR,"'',#26620,1."
5188,VECTOR,"'',#26623,1."
5189,VECTOR,"'',#26626,1."
5190,VECTOR,"'',#26629,1."
5191,VECTOR,"'',#26632,1."
5192,VECTOR,"'',#26637,1."
5193,VECTOR,"'',#26638,1."
5194,VECTOR,"'',#26641,1."
5195,VECTOR,"'',#26644,1."
5196,VECTOR,"'',#26647,1."
5197,VECTOR,"'',#26650,1."
5198,VECTOR,"'',#26653,1."
5199,VECTOR,"'',#26656,1."
5200,VECTOR,"'',#26659,1."
5201,VECTOR,"'',#26662,1."
5202,VECTOR,"'',#26665,1."
5203,VECTOR,"'',#26668,1."
5204,VECTOR,"'',#26671,1."
5205,VECTOR,"'',#26674,1."
5206,VECTOR,"'',#26677,1."
5207,VECTOR,"'',#26680,1."
5208,VECTOR,"'',#26683,1."
5209,VECTOR,"'',#26686,1."
5210,VECTOR,"'',#26689,1."
5211,VECTOR,"'',#26866,1."
5212,VECTOR,"'',#26867,1."
5213,VECTOR,"'',#26868,1."
5214,VECTOR,"'',#26869,1."
5215,VECTOR,"'',#26872,1."
5216,VECTOR,"'',#26873,1."
5217,VECTOR,"'',#26874,1."
5218,VECTOR,"'',#26875,1."
5219,VECTOR,"'',#26878,1."
5220,VECTOR,"'',#26879,1."
5221,VECTOR,"'',#26880,1."
5222,VECTOR,"'',#26881,1."
5223,VECTOR,"'',#26884,1."
5224,VECTOR,"'',#26885,1."
5225,VECTOR,"'',#26886,1."
5226,VECTOR,"'',#26887,1."
5227,VECTOR,"'',#26892,1."
5228,VECTOR,"'',#26895,1."
5229,VECTOR,"'',#26898,1."
5230,VECTOR,"'',#26901,1."
5231,VECTOR,"'',#26920,1."
5232,VECTOR,"'',#26921,1."
5233,VECTOR,"'',#26922,1."
5234,VECTOR,"'',#26923,1."
5235,VECTOR,"'',#26926,1."
5236,VECTOR,"'',#26927,1."
5237,VECTOR,"'',#26928,1."
5238,VECTOR,"'',#26929,1."
5239,VECTOR,"'',#26932,1."
5240,VECTOR,"'',#26933,1."
5241,VECTOR,"'',#26934,1."
5242,VECTOR,"'',#26935,1."
5243,VECTOR,"'',#26938,1."
5244,VECTOR,"'',#26939,1."
5245,VECTOR,"'',#26940,1."
5246,VECTOR,"'',#26941,1."
5247,VECTOR,"'',#26954,1."
5248,VECTOR,"'',#26957,1."
5249,VECTOR,"'',#26960,1."
5250,VECTOR,"'',#26963,1."
5251,VECTOR,"'',#26974,1."
5252,VECTOR,"'',#26977,1."
5253,VECTOR,"'',#26980,1."
5254,VECTOR,"'',#26983,1."
5255,VECTOR,"'',#26988,1."
5256,VECTOR,"'',#26989,1."
5257,VECTOR,"'',#26990,1."
5258,VECTOR,"'',#26993,1."
5259,VECTOR,"'',#26994,1."
5260,VECTOR,"'',#26995,1."
5261,VECTOR,"'',#26998,1."
5262,VECTOR,"'',#26999,1."
5263,VECTOR,"'',#27000,1."
5264,VECTOR,"'',#27003,1."
5265,VECTOR,"'',#27004,1."
5266,VECTOR,"'',#27005,1."
5267,VECTOR,"'',#27008,1."
5268,VECTOR,"'',#27011,1."
5269,VECTOR,"'',#27014,1."
5270,VECTOR,"'',#27017,1."
5271,VECTOR,"'',#27022,1."
5272,VECTOR,"'',#27023,1."
5273,VECTOR,"'',#27024,1."
5274,VECTOR,"'',#27027,1."
5275,VECTOR,"'',#27028,1."
5276,VECTOR,"'',#27029,1."
5277,VECTOR,"'',#27032,1."
5278,VECTOR,"'',#27033,1."
5279,VECTOR,"'',#27034,1."
5280,VECTOR,"'',#27037,1."
5281,VECTOR,"'',#27038,1."
5282,VECTOR,"'',#27039,1."
5283,VECTOR,"'',#27186,1."
5284,VECTOR,"'',#27187,1."
5285,VECTOR,"'',#27190,1."
5286,VECTOR,"'',#27193,1."
5287,VECTOR,"'',#27196,1."
5288,VECTOR,"'',#27199,1."
5289,VECTOR,"'',#27202,1."
5290,VECTOR,"'',#27205,1."
5291,VECTOR,"'',#27210,1."
5292,VECTOR,"'',#27211,1."
5293,VECTOR,"'',#27212,1."
5294,VECTOR,"'',#27215,1."
5295,VECTOR,"'',#27218,1."
5296,VECTOR,"'',#27221,1."
5297,VECTOR,"'',#27224,1."
5298,VECTOR,"'',#27227,1."
5299,VECTOR,"'',#27228,1."
5300,VECTOR,"'',#27231,1."
5301,VECTOR,"'',#27234,1."
5302,VECTOR,"'',#27237,1."
5303,VECTOR,"'',#27240,1."
5304,VECTOR,"'',#27243,1."
5305,VECTOR,"'',#27246,1."
5306,VECTOR,"'',#27247,1."
5307,VECTOR,"'',#27250,1."
5308,VECTOR,"'',#27253,1."
5309,VECTOR,"'',#27256,1."
5310,VECTOR,"'',#27259,1."
5311,VECTOR,"'',#27262,1."
5312,VECTOR,"'',#27265,1."
5313,VECTOR,"'',#27268,1."
5314,VECTOR,"'',#27271,1."
5315,VECTOR,"'',#27274,1."
5316,VECTOR,"'',#27277,1."
5317,VECTOR,"'',#27280,1."
5318,VECTOR,"'',#27283,1."
5319,VECTOR,"'',#27286,1."
5320,VECTOR,"'',#27289,1."
5321,VECTOR,"'',#27292,1."
5322,VECTOR,"'',#27295,1."
5323,VECTOR,"'',#27298,1."
5324,VECTOR,"'',#27301,1."
5325,VECTOR,"'',#27304,1."
5326,VECTOR,"'',#27307,1."
5327,VECTOR,"'',#27310,1."
5328,VECTOR,"'',#27315,1."
5329,VECTOR,"'',#27316,1."
5330,VECTOR,"'',#27319,1."
5331,VECTOR,"'',#27324,1."
5332,VECTOR,"'',#27327,1."
5333,VECTOR,"'',#27330,1."
5334,VECTOR,"'',#27333,1."
5335,VECTOR,"'',#27336,1."
5336,VECTOR,"'',#27339,1."
5337,VECTOR,"'',#27342,1."
5338,VECTOR,"'',#27345,1."
5339,VECTOR,"'',#27348,1."
5340,VECTOR,"'',#27351,1."
5341,VECTOR,"'',#27354,1."
5342,VECTOR,"'',#27357,1."
5343,VECTOR,"'',#27360,1."
5344,VECTOR,"'',#27363,1."
5345,VECTOR,"'',#27364,1."
5346,VECTOR,"'',#27367,1."
5347,VECTOR,"'',#27370,1."
5348,VECTOR,"'',#27373,1."
5349,VECTOR,"'',#27376,1."
5350,VECTOR,"'',#27379,1."
5351,VECTOR,"'',#27382,1."
5352,VECTOR,"'',#27385,1."
5353,VECTOR,"'',#27388,1."
5354,VECTOR,"'',#27391,1."
5355,VECTOR,"'',#27394,1."
5356,VECTOR,"'',#27397,1."
5357,VECTOR,"'',#27400,1."
5358,VECTOR,"'',#27405,1."
5359,VECTOR,"'',#27406,1."
5360,VECTOR,"'',#27409,1."
5361,VECTOR,"'',#27412,1."
5362,VECTOR,"'',#27415,1."
5363,VECTOR,"'',#27418,1."
5364,VECTOR,"'',#27421,1."
5365,VECTOR,"'',#27424,1."
5366,VECTOR,"'',#27429,1."
5367,VECTOR,"'',#27430,1."
5368,VECTOR,"'',#27433,1."
5369,VECTOR,"'',#27436,1."
5370,VECTOR,"'',#27439,1."
5371,VECTOR,"'',#27442,1."
5372,VECTOR,"'',#27445,1."
5373,VECTOR,"'',#27448,1."
5374,VECTOR,"'',#27453,1."
5375,VECTOR,"'',#27454,1."
5376,VECTOR,"'',#27457,1."
5377,VECTOR,"'',#27460,1."
5378,VECTOR,"'',#27463,1."
5379,VECTOR,"'',#27466,1."
5380,VECTOR,"'',#27469,1."
5381,VECTOR,"'',#27472,1."
5382,ADVANCED_FACE,"'',(#6989,#6990),#6515,.T."
5384,ADVANCED_FACE,"'',(#7019,#7020,#7021,#7022,#7023,#7024),#6517,.T."
5385,ADVANCED_FACE,"'',(#7025,#7026,#7027,#7028,#7029,#7030),#6518,.T."
5386,ADVANCED_FACE,"'',(#7031,#7032,#7033,#7034,#7035,#7036),#6519,.T."
5387,ADVANCED_FACE,"'',(#7037,#7038,#7039,#7040,#7041,#7042),#6520,.T."
5388,ADVANCED_FACE,"'',(#1937),#6521,.F."
5389,ADVANCED_FACE,"'',(#1938),#6522,.F."
5391,ADVANCED_FACE,"'',(#7071,#7072),#6524,.T."
5392,ADVANCED_FACE,"'',(#7073,#7074,#7075,#7076,#7077),#6525,.T."
5393,ADVANCED_FACE,"'',(#7078,#7079,#7080,#7081,#7082),#6526,.T."
5395,ADVANCED_FACE,"'',(#7095,#7096,#7097),#6528,.T."
5396,ADVANCED_FACE,"'',(#1939),#6529,.F."
5397,ADVANCED_FACE,"'',(#1940),#6530,.F."
5398,ADVANCED_FACE,"'',(#1941),#6531,.F."
5399,ADVANCED_FACE,"'',(#1942),#6532,.F."
5400,ADVANCED_FACE,"'',(#7098,#7099,#7100),#1183,.F."
5403,ADVANCED_FACE,"'',(#7133,#7134),#6535,.F."
5404,ADVANCED_FACE,"'',(#7135,#7136),#1184,.F."
5405,ADVANCED_FACE,"'',(#7137,#7138),#6536,.F."
5406,ADVANCED_FACE,"'',(#7139,#7140),#1185,.F."
5407,ADVANCED_FACE,"'',(#7141,#7142),#6537,.F."
5408,ADVANCED_FACE,"'',(#7143,#7144),#1186,.F."
5409,ADVANCED_FACE,"'',(#7145,#7146),#6538,.F."
5410,ADVANCED_FACE,"'',(#7147,#7148),#1187,.F."
5411,ADVANCED_FACE,"'',(#7149,#7150),#6539,.F."
5412,ADVANCED_FACE,"'',(#7151,#7152),#6540,.F."
5413,ADVANCED_FACE,"'',(#7153,#7154),#1188,.F."
5414,ADVANCED_FACE,"'',(#1943),#6541,.F."
5415,ADVANCED_FACE,"'',(#1944),#6542,.F."
5416,ADVANCED_FACE,"'',(#1945),#6543,.F."
5417,ADVANCED_FACE,"'',(#1946),#6544,.F."
5418,ADVANCED_FACE,"'',(#1947),#6545,.F."
5419,ADVANCED_FACE,"'',(#1948),#6546,.F."
5420,ADVANCED_FACE,"'',(#1949),#6547,.F."
5421,ADVANCED_FACE,"'',(#1950),#6548,.F."
5422,ADVANCED_FACE,"'',(#1951),#6549,.T."
5423,ADVANCED_FACE,"'',(#1952),#6550,.T."
5424,ADVANCED_FACE,"'',(#1953),#6551,.F."
5425,ADVANCED_FACE,"'',(#1954),#6552,.F."
5426,ADVANCED_FACE,"'',(#1955),#6553,.F."
5427,ADVANCED_FACE,"'',(#1956),#6554,.T."
5428,ADVANCED_FACE,"'',(#1957),#6555,.T."
5429,ADVANCED_FACE,"'',(#1958),#6556,.F."
5430,ADVANCED_FACE,"'',(#1959),#6557,.F."
5431,ADVANCED_FACE,"'',(#1960),#6558,.F."
5432,ADVANCED_FACE,"'',(#1961),#6559,.T."
5433,ADVANCED_FACE,"'',(#1962),#6560,.T."
5434,ADVANCED_FACE,"'',(#7155,#7156),#1189,.F."
5435,ADVANCED_FACE,"'',(#7157,#7158),#1190,.F."
5436,ADVANCED_FACE,"'',(#7159,#7160),#1191,.F."
5437,ADVANCED_FACE,"'',(#7161,#7162),#1192,.F."
5438,ADVANCED_FACE,"'',(#7163,#7164),#1193,.F."
5439,ADVANCED_FACE,"'',(#7165,#7166),#1194,.F."
5440,ADVANCED_FACE,"'',(#7167,#7168),#1195,.F."
5441,ADVANCED_FACE,"'',(#7169,#7170),#1196,.F."
5442,ADVANCED_FACE,"'',(#7171,#7172),#1197,.F."
5443,ADVANCED_FACE,"'',(#7173,#7174),#955,.F."
5444,ADVANCED_FACE,"'',(#7175,#7176),#1198,.F."
5445,ADVANCED_FACE,"'',(#7177,#7178),#956,.F."
5446,ADVANCED_FACE,"'',(#7179,#7180),#1199,.F."
5447,ADVANCED_FACE,"'',(#7181,#7182),#957,.F."
5448,ADVANCED_FACE,"'',(#7183,#7184),#1200,.F."
5449,ADVANCED_FACE,"'',(#7185,#7186),#958,.F."
5450,ADVANCED_FACE,"'',(#1963),#6561,.F."
5451,ADVANCED_FACE,"'',(#1964),#6562,.T."
5452,ADVANCED_FACE,"'',(#1965),#6563,.T."
5453,ADVANCED_FACE,"'',(#1966),#6564,.F."
5454,ADVANCED_FACE,"'',(#1967),#6565,.F."
5455,ADVANCED_FACE,"'',(#1968),#6566,.T."
5456,ADVANCED_FACE,"'',(#1969),#6567,.T."
5457,ADVANCED_FACE,"'',(#7187,#7188),#6568,.F."
5458,ADVANCED_FACE,"'',(#7189,#7190),#6569,.F."
5459,ADVANCED_FACE,"'',(#7191,#7192),#1201,.F."
5460,ADVANCED_FACE,"'',(#7193,#7194),#6570,.F."
5461,ADVANCED_FACE,"'',(#7195,#7196),#1202,.F."
5462,ADVANCED_FACE,"'',(#7197,#7198),#6571,.F."
5463,ADVANCED_FACE,"'',(#7199,#7200),#1203,.F."
5464,ADVANCED_FACE,"'',(#7201,#7202),#6572,.F."
5465,ADVANCED_FACE,"'',(#7203,#7204),#1204,.F."
5466,ADVANCED_FACE,"'',(#7205,#7206),#6573,.T."
5467,ADVANCED_FACE,"'',(#7207,#7208),#1205,.F."
5468,ADVANCED_FACE,"'',(#7209,#7210),#1206,.F."
5469,ADVANCED_FACE,"'',(#7211,#7212),#1207,.F."
5470,ADVANCED_FACE,"'',(#7213,#7214,#7215),#1208,.F."
5471,ADVANCED_FACE,"'',(#7216,#7217),#959,.F."
5472,ADVANCED_FACE,"'',(#1970),#6574,.F."
5473,ADVANCED_FACE,"'',(#1971),#6575,.T."
5474,ADVANCED_FACE,"'',(#1972),#1209,.F."
5475,ADVANCED_FACE,"'',(#1973),#960,.F."
5476,ADVANCED_FACE,"'',(#1974),#1210,.T."
5477,ADVANCED_FACE,"'',(#1975),#961,.T."
5478,ADVANCED_FACE,"'',(#7218,#7219,#7220),#1211,.F."
5479,ADVANCED_FACE,"'',(#7221,#7222),#962,.F."
5480,ADVANCED_FACE,"'',(#1976),#6576,.F."
5481,ADVANCED_FACE,"'',(#1977),#6577,.T."
5482,ADVANCED_FACE,"'',(#1978),#1212,.F."
5483,ADVANCED_FACE,"'',(#1979),#963,.F."
5484,ADVANCED_FACE,"'',(#1980),#1213,.T."
5485,ADVANCED_FACE,"'',(#1981),#964,.T."
5486,ADVANCED_FACE,"'',(#7223,#7224,#7225),#1214,.F."
5487,ADVANCED_FACE,"'',(#7226,#7227),#965,.F."
5488,ADVANCED_FACE,"'',(#1982),#6578,.F."
5489,ADVANCED_FACE,"'',(#1983),#6579,.T."
5490,ADVANCED_FACE,"'',(#1984),#1215,.F."
5491,ADVANCED_FACE,"'',(#1985),#966,.F."
5492,ADVANCED_FACE,"'',(#1986),#1216,.T."
5493,ADVANCED_FACE,"'',(#1987),#967,.T."
5494,ADVANCED_FACE,"'',(#7228,#7229,#7230),#1217,.F."
5495,ADVANCED_FACE,"'',(#7231,#7232),#968,.F."
5496,ADVANCED_FACE,"'',(#1988),#6580,.F."
5497,ADVANCED_FACE,"'',(#1989),#6581,.T."
5498,ADVANCED_FACE,"'',(#1990),#1218,.F."
5499,ADVANCED_FACE,"'',(#1991),#969,.F."
5500,ADVANCED_FACE,"'',(#1992),#1219,.T."
5501,ADVANCED_FACE,"'',(#1993),#970,.T."
5502,ADVANCED_FACE,"'',(#7233,#7234,#7235),#1220,.F."
5503,ADVANCED_FACE,"'',(#7236,#7237),#971,.F."
5504,ADVANCED_FACE,"'',(#1994),#6582,.F."
5505,ADVANCED_FACE,"'',(#1995),#6583,.T."
5506,ADVANCED_FACE,"'',(#1996),#1221,.F."
5507,ADVANCED_FACE,"'',(#1997),#972,.F."
5508,ADVANCED_FACE,"'',(#1998),#1222,.T."
5509,ADVANCED_FACE,"'',(#1999),#973,.T."
5510,ADVANCED_FACE,"'',(#2000),#1223,.F."
5511,ADVANCED_FACE,"'',(#2001),#1224,.F."
5512,ADVANCED_FACE,"'',(#2002),#1225,.F."
5513,ADVANCED_FACE,"'',(#2003),#1226,.F."
5514,ADVANCED_FACE,"'',(#2004),#1227,.F."
5515,ADVANCED_FACE,"'',(#2005),#1228,.F."
5516,ADVANCED_FACE,"'',(#2006),#1229,.F."
5517,ADVANCED_FACE,"'',(#2007),#1230,.F."
5518,ADVANCED_FACE,"'',(#2008),#1231,.F."
5519,ADVANCED_FACE,"'',(#2009),#1232,.F."
5520,ADVANCED_FACE,"'',(#2010),#933,.F."
5521,ADVANCED_FACE,"'',(#2011),#1233,.F."
5522,ADVANCED_FACE,"'',(#7238,#7239),#6584,.T."
5523,ADVANCED_FACE,"'',(#2012),#1234,.T."
5524,ADVANCED_FACE,"'',(#2013),#1235,.T."
5525,ADVANCED_FACE,"'',(#2014),#934,.F."
5526,ADVANCED_FACE,"'',(#2015),#935,.F."
5527,ADVANCED_FACE,"'',(#2016),#1236,.T."
5528,ADVANCED_FACE,"'',(#2017),#1237,.T."
5529,ADVANCED_FACE,"'',(#2018),#936,.F."
5530,ADVANCED_FACE,"'',(#2019),#937,.F."
5531,ADVANCED_FACE,"'',(#2020),#6585,.T."
5532,ADVANCED_FACE,"'',(#2021),#1238,.F."
5533,ADVANCED_FACE,"'',(#2022),#1239,.F."
5534,ADVANCED_FACE,"'',(#2023),#1240,.F."
5535,ADVANCED_FACE,"'',(#2024),#1241,.F."
5536,ADVANCED_FACE,"'',(#2025),#1242,.F."
5537,ADVANCED_FACE,"'',(#2026),#1243,.F."
5538,ADVANCED_FACE,"'',(#2027),#1244,.F."
5539,ADVANCED_FACE,"'',(#2028),#1245,.F."
5540,ADVANCED_FACE,"'',(#2029),#1246,.F."
5541,ADVANCED_FACE,"'',(#2030),#1247,.F."
5542,ADVANCED_FACE,"'',(#2031),#938,.F."
5543,ADVANCED_FACE,"'',(#2032),#1248,.F."
5544,ADVANCED_FACE,"'',(#7240,#7241),#6586,.T."
5545,ADVANCED_FACE,"'',(#2033),#1249,.T."
5546,ADVANCED_FACE,"'',(#2034),#1250,.T."
5547,ADVANCED_FACE,"'',(#2035),#939,.F."
5548,ADVANCED_FACE,"'',(#2036),#940,.F."
5549,ADVANCED_FACE,"'',(#2037),#1251,.T."
5550,ADVANCED_FACE,"'',(#2038),#1252,.T."
5551,ADVANCED_FACE,"'',(#2039),#941,.F."
5552,ADVANCED_FACE,"'',(#2040),#942,.F."
5553,ADVANCED_FACE,"'',(#2041),#6587,.T."
5554,ADVANCED_FACE,"'',(#2042),#1253,.T."
5555,ADVANCED_FACE,"'',(#2043),#1254,.T."
5556,ADVANCED_FACE,"'',(#2044),#1255,.T."
5557,ADVANCED_FACE,"'',(#2045),#1256,.T."
5558,ADVANCED_FACE,"'',(#2046),#1257,.T."
5559,ADVANCED_FACE,"'',(#2047),#1258,.T."
5560,ADVANCED_FACE,"'',(#2048),#1259,.T."
5561,ADVANCED_FACE,"'',(#2049),#6588,.F."
5562,ADVANCED_FACE,"'',(#2050),#1260,.T."
5563,ADVANCED_FACE,"'',(#2051),#1261,.T."
5564,ADVANCED_FACE,"'',(#2052),#1262,.T."
5565,ADVANCED_FACE,"'',(#2053),#1263,.T."
5566,ADVANCED_FACE,"'',(#2054),#1264,.T."
5567,ADVANCED_FACE,"'',(#2055),#1265,.T."
5568,ADVANCED_FACE,"'',(#2056),#1266,.T."
5569,ADVANCED_FACE,"'',(#2057),#6589,.F."
5570,ADVANCED_FACE,"'',(#2058),#1267,.F."
5571,ADVANCED_FACE,"'',(#2059),#1268,.F."
5572,ADVANCED_FACE,"'',(#2060),#1269,.F."
5573,ADVANCED_FACE,"'',(#2061),#1270,.F."
5574,ADVANCED_FACE,"'',(#2062),#1271,.F."
5575,ADVANCED_FACE,"'',(#2063),#1272,.F."
5576,ADVANCED_FACE,"'',(#2064),#1273,.F."
5577,ADVANCED_FACE,"'',(#2065),#1274,.F."
5578,ADVANCED_FACE,"'',(#2066),#1275,.F."
5579,ADVANCED_FACE,"'',(#2067),#1276,.F."
5580,ADVANCED_FACE,"'',(#2068),#1277,.F."
5581,ADVANCED_FACE,"'',(#2069),#1278,.F."
5582,ADVANCED_FACE,"'',(#2070),#1279,.F."
5583,ADVANCED_FACE,"'',(#2071),#6590,.F."
5584,ADVANCED_FACE,"'',(#2072),#6591,.F."
5585,ADVANCED_FACE,"'',(#7242,#7243),#1280,.F."
5586,ADVANCED_FACE,"'',(#2073),#6592,.F."
5587,ADVANCED_FACE,"'',(#7244,#7245),#1281,.F."
5588,ADVANCED_FACE,"'',(#7246,#7247,#7248),#1282,.F."
5589,ADVANCED_FACE,"'',(#2074),#6593,.F."
5590,ADVANCED_FACE,"'',(#7249,#7250),#1283,.F."
5591,ADVANCED_FACE,"'',(#2075),#6594,.F."
5592,ADVANCED_FACE,"'',(#2076),#6595,.T."
5593,ADVANCED_FACE,"'',(#2077),#1284,.F."
5594,ADVANCED_FACE,"'',(#2078),#1285,.T."
5595,ADVANCED_FACE,"'',(#2079),#6596,.F."
5596,ADVANCED_FACE,"'',(#2080),#6597,.F."
5597,ADVANCED_FACE,"'',(#2081),#6598,.T."
5598,ADVANCED_FACE,"'',(#7251,#7252,#7253),#1286,.F."
5599,ADVANCED_FACE,"'',(#7254,#7255),#974,.F."
5600,ADVANCED_FACE,"'',(#2082),#6599,.F."
5601,ADVANCED_FACE,"'',(#2083),#6600,.T."
5602,ADVANCED_FACE,"'',(#2084),#1287,.T."
5603,ADVANCED_FACE,"'',(#2085),#975,.T."
5604,ADVANCED_FACE,"'',(#2086),#1288,.F."
5605,ADVANCED_FACE,"'',(#2087),#976,.F."
5606,ADVANCED_FACE,"'',(#7256,#7257,#7258),#1289,.F."
5607,ADVANCED_FACE,"'',(#7259,#7260),#977,.F."
5608,ADVANCED_FACE,"'',(#2088),#6601,.F."
5609,ADVANCED_FACE,"'',(#2089),#6602,.T."
5610,ADVANCED_FACE,"'',(#2090),#1290,.T."
5611,ADVANCED_FACE,"'',(#2091),#978,.T."
5612,ADVANCED_FACE,"'',(#2092),#1291,.F."
5613,ADVANCED_FACE,"'',(#2093),#979,.F."
5614,ADVANCED_FACE,"'',(#7261,#7262),#6603,.T."
5615,ADVANCED_FACE,"'',(#7263,#7264),#1292,.F."
5616,ADVANCED_FACE,"'',(#7265,#7266),#6604,.T."
5617,ADVANCED_FACE,"'',(#7267,#7268),#1293,.F."
5618,ADVANCED_FACE,"'',(#7269,#7270),#6605,.T."
5619,ADVANCED_FACE,"'',(#7271,#7272),#1294,.F."
5620,ADVANCED_FACE,"'',(#7273,#7274),#6606,.T."
5621,ADVANCED_FACE,"'',(#7275,#7276),#1295,.F."
5622,ADVANCED_FACE,"'',(#2094),#6607,.F."
5623,ADVANCED_FACE,"'',(#2095),#6608,.F."
5624,ADVANCED_FACE,"'',(#2096),#1296,.F."
5625,ADVANCED_FACE,"'',(#2097),#1297,.F."
5626,ADVANCED_FACE,"'',(#2098),#6609,.F."
5627,ADVANCED_FACE,"'',(#2099),#6610,.F."
5628,ADVANCED_FACE,"'',(#2100),#6611,.F."
5629,ADVANCED_FACE,"'',(#2101),#6612,.F."
5630,ADVANCED_FACE,"'',(#2102),#6613,.F."
5631,ADVANCED_FACE,"'',(#2103),#6614,.F."
5632,ADVANCED_FACE,"'',(#2104),#6615,.F."
5633,ADVANCED_FACE,"'',(#2105),#6616,.F."
5634,ADVANCED_FACE,"'',(#2106),#6617,.F."
5635,ADVANCED_FACE,"'',(#2107),#6618,.F."
5636,ADVANCED_FACE,"'',(#2108),#6619,.F."
5637,ADVANCED_FACE,"'',(#2109),#6620,.T."
5638,ADVANCED_FACE,"'',(#2110),#6621,.F."
5639,ADVANCED_FACE,"'',(#2111),#1298,.F."
5640,ADVANCED_FACE,"'',(#2112),#1299,.F."
5641,ADVANCED_FACE,"'',(#2113),#6622,.F."
5642,ADVANCED_FACE,"'',(#2114),#1300,.T."
5643,ADVANCED_FACE,"'',(#2115),#1301,.T."
5644,ADVANCED_FACE,"'',(#2116),#6623,.F."
5645,ADVANCED_FACE,"'',(#2117),#6624,.F."
5646,ADVANCED_FACE,"'',(#2118),#6625,.F."
5647,ADVANCED_FACE,"'',(#2119),#6626,.T."
5648,ADVANCED_FACE,"'',(#7277,#7278),#6627,.F."
5649,ADVANCED_FACE,"'',(#2120),#1302,.T."
5650,ADVANCED_FACE,"'',(#2121),#1303,.T."
5651,ADVANCED_FACE,"'',(#2122),#1304,.T."
5652,ADVANCED_FACE,"'',(#2123),#1305,.T."
5653,ADVANCED_FACE,"'',(#2124),#1306,.T."
5654,ADVANCED_FACE,"'',(#2125),#1307,.F."
5655,ADVANCED_FACE,"'',(#2126),#1308,.F."
5656,ADVANCED_FACE,"'',(#2127),#1309,.F."
5657,ADVANCED_FACE,"'',(#2128),#1310,.F."
5658,ADVANCED_FACE,"'',(#2129),#1311,.F."
5659,ADVANCED_FACE,"'',(#2130),#1312,.F."
5660,ADVANCED_FACE,"'',(#2131),#1313,.F."
5661,ADVANCED_FACE,"'',(#2132),#1314,.F."
5662,ADVANCED_FACE,"'',(#2133),#943,.F."
5663,ADVANCED_FACE,"'',(#2134),#944,.F."
5664,ADVANCED_FACE,"'',(#2135),#1315,.F."
5665,ADVANCED_FACE,"'',(#2136),#1316,.F."
5666,ADVANCED_FACE,"'',(#2137),#1317,.F."
5667,ADVANCED_FACE,"'',(#2138),#6628,.F."
5668,ADVANCED_FACE,"'',(#2139),#1318,.T."
5669,ADVANCED_FACE,"'',(#2140),#1319,.T."
5670,ADVANCED_FACE,"'',(#2141),#1320,.T."
5671,ADVANCED_FACE,"'',(#2142),#1321,.T."
5672,ADVANCED_FACE,"'',(#2143),#1322,.T."
5673,ADVANCED_FACE,"'',(#2144),#1323,.T."
5674,ADVANCED_FACE,"'',(#2145),#1324,.T."
5675,ADVANCED_FACE,"'',(#2146),#1325,.T."
5676,ADVANCED_FACE,"'',(#2147),#1326,.T."
5677,ADVANCED_FACE,"'',(#2148),#6629,.T."
5678,ADVANCED_FACE,"'',(#2149),#6630,.F."
5679,ADVANCED_FACE,"'',(#2150),#6631,.F."
5680,ADVANCED_FACE,"'',(#2151),#1327,.F."
5681,ADVANCED_FACE,"'',(#2152),#1328,.F."
5682,ADVANCED_FACE,"'',(#2153),#6632,.F."
5683,ADVANCED_FACE,"'',(#2154),#6633,.F."
5684,ADVANCED_FACE,"'',(#2155),#6634,.F."
5685,ADVANCED_FACE,"'',(#2156),#6635,.F."
5686,ADVANCED_FACE,"'',(#2157),#6636,.F."
5687,ADVANCED_FACE,"'',(#2158),#6637,.F."
5688,ADVANCED_FACE,"'',(#2159),#6638,.F."
5689,ADVANCED_FACE,"'',(#2160),#6639,.F."
5690,ADVANCED_FACE,"'',(#2161),#6640,.F."
5691,ADVANCED_FACE,"'',(#2162),#6641,.F."
5692,ADVANCED_FACE,"'',(#2163),#6642,.F."
5693,ADVANCED_FACE,"'',(#2164),#6643,.T."
5694,ADVANCED_FACE,"'',(#2165),#6644,.F."
5695,ADVANCED_FACE,"'',(#2166),#1329,.F."
5696,ADVANCED_FACE,"'',(#2167),#1330,.F."
5697,ADVANCED_FACE,"'',(#2168),#6645,.F."
5698,ADVANCED_FACE,"'',(#2169),#1331,.T."
5699,ADVANCED_FACE,"'',(#2170),#1332,.T."
5700,ADVANCED_FACE,"'',(#2171),#6646,.F."
5701,ADVANCED_FACE,"'',(#2172),#6647,.F."
5702,ADVANCED_FACE,"'',(#2173),#6648,.F."
5703,ADVANCED_FACE,"'',(#2174),#6649,.T."
5704,ADVANCED_FACE,"'',(#7279,#7280),#6650,.F."
5705,ADVANCED_FACE,"'',(#2175),#1333,.T."
5706,ADVANCED_FACE,"'',(#2176),#1334,.T."
5707,ADVANCED_FACE,"'',(#2177),#1335,.T."
5708,ADVANCED_FACE,"'',(#2178),#1336,.T."
5709,ADVANCED_FACE,"'',(#2179),#1337,.T."
5710,ADVANCED_FACE,"'',(#2180),#1338,.F."
5711,ADVANCED_FACE,"'',(#2181),#1339,.F."
5712,ADVANCED_FACE,"'',(#2182),#1340,.F."
5713,ADVANCED_FACE,"'',(#2183),#1341,.F."
5714,ADVANCED_FACE,"'',(#2184),#1342,.F."
5715,ADVANCED_FACE,"'',(#2185),#1343,.F."
5716,ADVANCED_FACE,"'',(#2186),#1344,.F."
5717,ADVANCED_FACE,"'',(#2187),#1345,.F."
5718,ADVANCED_FACE,"'',(#2188),#945,.F."
5719,ADVANCED_FACE,"'',(#2189),#946,.F."
5720,ADVANCED_FACE,"'',(#2190),#1346,.F."
5721,ADVANCED_FACE,"'',(#2191),#1347,.F."
5722,ADVANCED_FACE,"'',(#2192),#1348,.F."
5723,ADVANCED_FACE,"'',(#2193),#6651,.F."
5724,ADVANCED_FACE,"'',(#2194),#1349,.T."
5725,ADVANCED_FACE,"'',(#2195),#1350,.T."
5726,ADVANCED_FACE,"'',(#2196),#1351,.T."
5727,ADVANCED_FACE,"'',(#2197),#1352,.T."
5728,ADVANCED_FACE,"'',(#2198),#1353,.T."
5729,ADVANCED_FACE,"'',(#2199),#1354,.T."
5730,ADVANCED_FACE,"'',(#2200),#1355,.T."
5731,ADVANCED_FACE,"'',(#2201),#1356,.T."
5732,ADVANCED_FACE,"'',(#2202),#1357,.T."
5733,ADVANCED_FACE,"'',(#2203),#6652,.T."
5734,ADVANCED_FACE,"'',(#2204),#6653,.F."
5735,ADVANCED_FACE,"'',(#2205),#6654,.F."
5736,ADVANCED_FACE,"'',(#2206),#1358,.F."
5737,ADVANCED_FACE,"'',(#2207),#1359,.F."
5738,ADVANCED_FACE,"'',(#2208),#6655,.F."
5739,ADVANCED_FACE,"'',(#2209),#6656,.F."
5740,ADVANCED_FACE,"'',(#2210),#6657,.F."
5741,ADVANCED_FACE,"'',(#2211),#6658,.F."
5742,ADVANCED_FACE,"'',(#2212),#6659,.F."
5743,ADVANCED_FACE,"'',(#2213),#6660,.F."
5744,ADVANCED_FACE,"'',(#2214),#6661,.F."
5745,ADVANCED_FACE,"'',(#2215),#6662,.F."
5746,ADVANCED_FACE,"'',(#2216),#6663,.F."
5747,ADVANCED_FACE,"'',(#2217),#6664,.F."
5748,ADVANCED_FACE,"'',(#2218),#6665,.F."
5749,ADVANCED_FACE,"'',(#2219),#6666,.T."
5750,ADVANCED_FACE,"'',(#2220),#6667,.F."
5751,ADVANCED_FACE,"'',(#2221),#1360,.F."
5752,ADVANCED_FACE,"'',(#2222),#1361,.F."
5753,ADVANCED_FACE,"'',(#2223),#6668,.F."
5754,ADVANCED_FACE,"'',(#2224),#1362,.T."
5755,ADVANCED_FACE,"'',(#2225),#1363,.T."
5756,ADVANCED_FACE,"'',(#2226),#6669,.F."
5757,ADVANCED_FACE,"'',(#2227),#6670,.F."
5758,ADVANCED_FACE,"'',(#2228),#6671,.F."
5759,ADVANCED_FACE,"'',(#2229),#6672,.T."
5760,ADVANCED_FACE,"'',(#7281,#7282),#6673,.F."
5761,ADVANCED_FACE,"'',(#2230),#1364,.T."
5762,ADVANCED_FACE,"'',(#2231),#1365,.T."
5763,ADVANCED_FACE,"'',(#2232),#1366,.T."
5764,ADVANCED_FACE,"'',(#2233),#1367,.T."
5765,ADVANCED_FACE,"'',(#2234),#1368,.T."
5766,ADVANCED_FACE,"'',(#2235),#1369,.F."
5767,ADVANCED_FACE,"'',(#2236),#1370,.F."
5768,ADVANCED_FACE,"'',(#2237),#1371,.F."
5769,ADVANCED_FACE,"'',(#2238),#1372,.F."
5770,ADVANCED_FACE,"'',(#2239),#1373,.F."
5771,ADVANCED_FACE,"'',(#2240),#1374,.F."
5772,ADVANCED_FACE,"'',(#2241),#1375,.F."
5773,ADVANCED_FACE,"'',(#2242),#1376,.F."
5774,ADVANCED_FACE,"'',(#2243),#947,.F."
5775,ADVANCED_FACE,"'',(#2244),#948,.F."
5776,ADVANCED_FACE,"'',(#2245),#1377,.F."
5777,ADVANCED_FACE,"'',(#2246),#1378,.F."
5778,ADVANCED_FACE,"'',(#2247),#1379,.F."
5779,ADVANCED_FACE,"'',(#2248),#6674,.F."
5780,ADVANCED_FACE,"'',(#2249),#1380,.T."
5781,ADVANCED_FACE,"'',(#2250),#1381,.T."
5782,ADVANCED_FACE,"'',(#2251),#1382,.T."
5783,ADVANCED_FACE,"'',(#2252),#1383,.T."
5784,ADVANCED_FACE,"'',(#2253),#1384,.T."
5785,ADVANCED_FACE,"'',(#2254),#1385,.T."
5786,ADVANCED_FACE,"'',(#2255),#1386,.T."
5787,ADVANCED_FACE,"'',(#2256),#1387,.T."
5788,ADVANCED_FACE,"'',(#2257),#1388,.T."
5789,ADVANCED_FACE,"'',(#2258),#6675,.T."
5790,ADVANCED_FACE,"'',(#2259),#6676,.F."
5791,ADVANCED_FACE,"'',(#2260),#6677,.F."
5792,ADVANCED_FACE,"'',(#2261),#1389,.F."
5793,ADVANCED_FACE,"'',(#2262),#1390,.F."
5794,ADVANCED_FACE,"'',(#2263),#6678,.F."
5795,ADVANCED_FACE,"'',(#2264),#6679,.F."
5796,ADVANCED_FACE,"'',(#2265),#6680,.F."
5797,ADVANCED_FACE,"'',(#2266),#6681,.F."
5798,ADVANCED_FACE,"'',(#2267),#6682,.F."
5799,ADVANCED_FACE,"'',(#2268),#6683,.F."
5800,ADVANCED_FACE,"'',(#2269),#6684,.F."
5801,ADVANCED_FACE,"'',(#2270),#6685,.F."
5802,ADVANCED_FACE,"'',(#2271),#6686,.F."
5803,ADVANCED_FACE,"'',(#2272),#6687,.F."
5804,ADVANCED_FACE,"'',(#2273),#6688,.F."
5805,ADVANCED_FACE,"'',(#2274),#6689,.T."
5806,ADVANCED_FACE,"'',(#2275),#6690,.F."
5807,ADVANCED_FACE,"'',(#2276),#1391,.F."
5808,ADVANCED_FACE,"'',(#2277),#1392,.F."
5809,ADVANCED_FACE,"'',(#2278),#6691,.F."
5810,ADVANCED_FACE,"'',(#2279),#1393,.T."
5811,ADVANCED_FACE,"'',(#2280),#1394,.T."
5812,ADVANCED_FACE,"'',(#2281),#6692,.F."
5813,ADVANCED_FACE,"'',(#2282),#6693,.F."
5814,ADVANCED_FACE,"'',(#2283),#6694,.F."
5815,ADVANCED_FACE,"'',(#2284),#6695,.T."
5816,ADVANCED_FACE,"'',(#7283,#7284),#6696,.F."
5817,ADVANCED_FACE,"'',(#2285),#1395,.T."
5818,ADVANCED_FACE,"'',(#2286),#1396,.T."
5819,ADVANCED_FACE,"'',(#2287),#1397,.T."
5820,ADVANCED_FACE,"'',(#2288),#1398,.T."
5821,ADVANCED_FACE,"'',(#2289),#1399,.T."
5822,ADVANCED_FACE,"'',(#2290),#1400,.F."
5823,ADVANCED_FACE,"'',(#2291),#1401,.F."
5824,ADVANCED_FACE,"'',(#2292),#1402,.F."
5825,ADVANCED_FACE,"'',(#2293),#1403,.F."
5826,ADVANCED_FACE,"'',(#2294),#1404,.F."
5827,ADVANCED_FACE,"'',(#2295),#1405,.F."
5828,ADVANCED_FACE,"'',(#2296),#1406,.F."
5829,ADVANCED_FACE,"'',(#2297),#1407,.F."
5830,ADVANCED_FACE,"'',(#2298),#949,.F."
5831,ADVANCED_FACE,"'',(#2299),#950,.F."
5832,ADVANCED_FACE,"'',(#2300),#1408,.F."
5833,ADVANCED_FACE,"'',(#2301),#1409,.F."
5834,ADVANCED_FACE,"'',(#2302),#1410,.F."
5835,ADVANCED_FACE,"'',(#2303),#6697,.F."
5836,ADVANCED_FACE,"'',(#2304),#1411,.T."
5837,ADVANCED_FACE,"'',(#2305),#1412,.T."
5838,ADVANCED_FACE,"'',(#2306),#1413,.T."
5839,ADVANCED_FACE,"'',(#2307),#1414,.T."
5840,ADVANCED_FACE,"'',(#2308),#1415,.T."
5841,ADVANCED_FACE,"'',(#2309),#1416,.T."
5842,ADVANCED_FACE,"'',(#2310),#1417,.T."
5843,ADVANCED_FACE,"'',(#2311),#1418,.T."
5844,ADVANCED_FACE,"'',(#2312),#1419,.T."
5845,ADVANCED_FACE,"'',(#2313),#6698,.T."
5846,ADVANCED_FACE,"'',(#2314),#6699,.F."
5847,ADVANCED_FACE,"'',(#2315),#6700,.F."
5848,ADVANCED_FACE,"'',(#2316),#6701,.F."
5849,ADVANCED_FACE,"'',(#2317),#6702,.F."
5850,ADVANCED_FACE,"'',(#2318),#6703,.F."
5851,ADVANCED_FACE,"'',(#2319),#6704,.F."
5852,ADVANCED_FACE,"'',(#2320),#6705,.F."
5853,ADVANCED_FACE,"'',(#2321),#6706,.F."
5854,ADVANCED_FACE,"'',(#2322),#6707,.F."
5855,ADVANCED_FACE,"'',(#2323),#1420,.F."
5856,ADVANCED_FACE,"'',(#2324),#1421,.F."
5857,ADVANCED_FACE,"'',(#2325),#6708,.F."
5858,ADVANCED_FACE,"'',(#2326),#6709,.F."
5859,ADVANCED_FACE,"'',(#2327),#6710,.F."
5860,ADVANCED_FACE,"'',(#2328),#6711,.F."
5861,ADVANCED_FACE,"'',(#2329),#6712,.F."
5862,ADVANCED_FACE,"'',(#2330),#6713,.F."
5863,ADVANCED_FACE,"'',(#2331),#6714,.F."
5864,ADVANCED_FACE,"'',(#2332),#6715,.F."
5865,ADVANCED_FACE,"'',(#2333),#6716,.F."
5866,ADVANCED_FACE,"'',(#2334),#6717,.F."
5867,ADVANCED_FACE,"'',(#2335),#6718,.F."
5868,ADVANCED_FACE,"'',(#2336),#6719,.T."
5869,ADVANCED_FACE,"'',(#2337),#6720,.F."
5870,ADVANCED_FACE,"'',(#2338),#1422,.F."
5871,ADVANCED_FACE,"'',(#2339),#1423,.F."
5872,ADVANCED_FACE,"'',(#2340),#6721,.F."
5873,ADVANCED_FACE,"'',(#2341),#1424,.T."
5874,ADVANCED_FACE,"'',(#2342),#1425,.T."
5875,ADVANCED_FACE,"'',(#2343),#6722,.F."
5876,ADVANCED_FACE,"'',(#2344),#6723,.F."
5877,ADVANCED_FACE,"'',(#2345),#6724,.F."
5878,ADVANCED_FACE,"'',(#2346),#6725,.T."
5879,ADVANCED_FACE,"'',(#7285,#7286),#6726,.F."
5880,ADVANCED_FACE,"'',(#2347),#1426,.T."
5881,ADVANCED_FACE,"'',(#2348),#1427,.T."
5882,ADVANCED_FACE,"'',(#2349),#1428,.T."
5883,ADVANCED_FACE,"'',(#2350),#1429,.T."
5884,ADVANCED_FACE,"'',(#2351),#1430,.T."
5885,ADVANCED_FACE,"'',(#2352),#1431,.F."
5886,ADVANCED_FACE,"'',(#2353),#1432,.F."
5887,ADVANCED_FACE,"'',(#2354),#1433,.F."
5888,ADVANCED_FACE,"'',(#2355),#1434,.F."
5889,ADVANCED_FACE,"'',(#2356),#1435,.F."
5890,ADVANCED_FACE,"'',(#2357),#1436,.F."
5891,ADVANCED_FACE,"'',(#2358),#1437,.F."
5892,ADVANCED_FACE,"'',(#2359),#1438,.F."
5893,ADVANCED_FACE,"'',(#2360),#951,.F."
5894,ADVANCED_FACE,"'',(#2361),#952,.F."
5895,ADVANCED_FACE,"'',(#2362),#1439,.F."
5896,ADVANCED_FACE,"'',(#2363),#1440,.F."
5897,ADVANCED_FACE,"'',(#2364),#1441,.F."
5898,ADVANCED_FACE,"'',(#2365),#6727,.F."
5899,ADVANCED_FACE,"'',(#2366),#1442,.T."
5900,ADVANCED_FACE,"'',(#2367),#1443,.T."
5901,ADVANCED_FACE,"'',(#2368),#1444,.T."
5902,ADVANCED_FACE,"'',(#2369),#1445,.T."
5903,ADVANCED_FACE,"'',(#2370),#1446,.T."
5904,ADVANCED_FACE,"'',(#2371),#1447,.T."
5905,ADVANCED_FACE,"'',(#2372),#1448,.T."
5906,ADVANCED_FACE,"'',(#2373),#1449,.T."
5907,ADVANCED_FACE,"'',(#2374),#1450,.T."
5908,ADVANCED_FACE,"'',(#2375),#6728,.T."
5909,ADVANCED_FACE,"'',(#2376),#6729,.F."
5910,ADVANCED_FACE,"'',(#2377),#6730,.F."
5911,ADVANCED_FACE,"'',(#2378),#1451,.F."
5912,ADVANCED_FACE,"'',(#2379),#1452,.F."
5913,ADVANCED_FACE,"'',(#2380),#6731,.F."
5914,ADVANCED_FACE,"'',(#2381),#6732,.F."
5915,ADVANCED_FACE,"'',(#2382),#6733,.F."
5916,ADVANCED_FACE,"'',(#2383),#6734,.F."
5917,ADVANCED_FACE,"'',(#2384),#6735,.F."
5918,ADVANCED_FACE,"'',(#2385),#6736,.F."
5919,ADVANCED_FACE,"'',(#2386),#6737,.F."
5920,ADVANCED_FACE,"'',(#2387),#6738,.F."
5921,ADVANCED_FACE,"'',(#2388),#6739,.F."
5922,ADVANCED_FACE,"'',(#2389),#6740,.F."
5923,ADVANCED_FACE,"'',(#2390),#6741,.F."
5924,ADVANCED_FACE,"'',(#2391),#6742,.T."
5925,ADVANCED_FACE,"'',(#2392),#6743,.F."
5926,ADVANCED_FACE,"'',(#2393),#1453,.F."
5927,ADVANCED_FACE,"'',(#2394),#1454,.F."
5928,ADVANCED_FACE,"'',(#2395),#6744,.F."
5929,ADVANCED_FACE,"'',(#2396),#1455,.T."
5930,ADVANCED_FACE,"'',(#2397),#1456,.T."
5931,ADVANCED_FACE,"'',(#2398),#6745,.F."
5932,ADVANCED_FACE,"'',(#2399),#6746,.F."
5933,ADVANCED_FACE,"'',(#2400),#6747,.F."
5934,ADVANCED_FACE,"'',(#2401),#6748,.T."
5935,ADVANCED_FACE,"'',(#7287,#7288),#6749,.F."
5936,ADVANCED_FACE,"'',(#2402),#1457,.T."
5937,ADVANCED_FACE,"'',(#2403),#1458,.T."
5938,ADVANCED_FACE,"'',(#2404),#1459,.T."
5939,ADVANCED_FACE,"'',(#2405),#1460,.T."
5940,ADVANCED_FACE,"'',(#2406),#1461,.T."
5941,ADVANCED_FACE,"'',(#2407),#1462,.F."
5942,ADVANCED_FACE,"'',(#2408),#1463,.F."
5943,ADVANCED_FACE,"'',(#2409),#1464,.F."
5944,ADVANCED_FACE,"'',(#2410),#1465,.F."
5945,ADVANCED_FACE,"'',(#2411),#1466,.F."
5946,ADVANCED_FACE,"'',(#2412),#1467,.F."
5947,ADVANCED_FACE,"'',(#2413),#1468,.F."
5948,ADVANCED_FACE,"'',(#2414),#1469,.F."
5949,ADVANCED_FACE,"'',(#2415),#953,.F."
5950,ADVANCED_FACE,"'',(#2416),#954,.F."
5951,ADVANCED_FACE,"'',(#2417),#1470,.F."
5952,ADVANCED_FACE,"'',(#2418),#1471,.F."
5953,ADVANCED_FACE,"'',(#2419),#1472,.F."
5954,ADVANCED_FACE,"'',(#2420),#6750,.F."
5955,ADVANCED_FACE,"'',(#2421),#1473,.T."
5956,ADVANCED_FACE,"'',(#2422),#1474,.T."
5957,ADVANCED_FACE,"'',(#2423),#1475,.T."
5958,ADVANCED_FACE,"'',(#2424),#1476,.T."
5959,ADVANCED_FACE,"'',(#2425),#1477,.T."
5960,ADVANCED_FACE,"'',(#2426),#1478,.T."
5961,ADVANCED_FACE,"'',(#2427),#1479,.T."
5962,ADVANCED_FACE,"'',(#2428),#1480,.T."
5963,ADVANCED_FACE,"'',(#2429),#1481,.T."
5964,ADVANCED_FACE,"'',(#2430),#6751,.T."
5965,ADVANCED_FACE,"'',(#7289,#7290),#980,.F."
5966,ADVANCED_FACE,"'',(#7291,#7292),#981,.F."
5967,ADVANCED_FACE,"'',(#7293,#7294),#982,.F."
5968,ADVANCED_FACE,"'',(#7295,#7296),#983,.F."
5969,ADVANCED_FACE,"'',(#7297,#7298),#984,.F."
5970,ADVANCED_FACE,"'',(#7299,#7300),#985,.F."
5971,ADVANCED_FACE,"'',(#7301,#7302),#986,.F."
5972,ADVANCED_FACE,"'',(#7303,#7304),#987,.F."
5973,ADVANCED_FACE,"'',(#2431),#6752,.F."
5974,ADVANCED_FACE,"'',(#2432),#6753,.F."
5975,ADVANCED_FACE,"'',(#2433),#1482,.F."
5976,ADVANCED_FACE,"'',(#2434),#1483,.F."
5977,ADVANCED_FACE,"'',(#2435),#6754,.F."
5978,ADVANCED_FACE,"'',(#2436),#6755,.F."
5979,ADVANCED_FACE,"'',(#2437),#6756,.F."
5980,ADVANCED_FACE,"'',(#2438),#6757,.F."
5981,ADVANCED_FACE,"'',(#2439),#6758,.F."
5982,ADVANCED_FACE,"'',(#2440),#6759,.F."
5983,ADVANCED_FACE,"'',(#2441),#6760,.F."
5984,ADVANCED_FACE,"'',(#2442),#6761,.F."
5985,ADVANCED_FACE,"'',(#2443),#6762,.F."
5986,ADVANCED_FACE,"'',(#2444),#6763,.F."
5987,ADVANCED_FACE,"'',(#2445),#6764,.F."
5988,ADVANCED_FACE,"'',(#2446),#6765,.T."
5989,ADVANCED_FACE,"'',(#2447),#6766,.F."
5990,ADVANCED_FACE,"'',(#2448),#1484,.F."
5991,ADVANCED_FACE,"'',(#2449),#1485,.F."
5992,ADVANCED_FACE,"'',(#2450),#1486,.F."
5993,ADVANCED_FACE,"'',(#2451),#1487,.T."
5994,ADVANCED_FACE,"'',(#2452),#1488,.T."
5995,ADVANCED_FACE,"'',(#2453),#1489,.T."
5996,ADVANCED_FACE,"'',(#2454),#1490,.T."
5997,ADVANCED_FACE,"'',(#2455),#1491,.T."
5998,ADVANCED_FACE,"'',(#2456),#1492,.T."
5999,ADVANCED_FACE,"'',(#2457),#6767,.F."
6000,ADVANCED_FACE,"'',(#2458),#1493,.F."
6001,ADVANCED_FACE,"'',(#2459),#1494,.F."
6002,ADVANCED_FACE,"'',(#2460),#1495,.F."
6003,ADVANCED_FACE,"'',(#2461),#1496,.F."
6004,ADVANCED_FACE,"'',(#2462),#1497,.F."
6005,ADVANCED_FACE,"'',(#2463),#1498,.F."
6006,ADVANCED_FACE,"'',(#2464),#1499,.F."
6007,ADVANCED_FACE,"'',(#2465),#1500,.T."
6008,ADVANCED_FACE,"'',(#2466),#1501,.T."
6009,ADVANCED_FACE,"'',(#2467),#6768,.F."
6010,ADVANCED_FACE,"'',(#2468),#6769,.F."
6011,ADVANCED_FACE,"'',(#2469),#6770,.T."
6012,ADVANCED_FACE,"'',(#7305,#7306),#6771,.F."
6013,ADVANCED_FACE,"'',(#2470),#6772,.F."
6014,ADVANCED_FACE,"'',(#2471),#6773,.F."
6015,ADVANCED_FACE,"'',(#2472),#6774,.F."
6016,ADVANCED_FACE,"'',(#2473),#6775,.F."
6017,ADVANCED_FACE,"'',(#2474),#6776,.F."
6018,ADVANCED_FACE,"'',(#2475),#6777,.F."
6019,ADVANCED_FACE,"'',(#2476),#6778,.F."
6020,ADVANCED_FACE,"'',(#2477),#6779,.F."
6021,ADVANCED_FACE,"'',(#2478),#6780,.F."
6022,ADVANCED_FACE,"'',(#2479),#6781,.F."
6023,ADVANCED_FACE,"'',(#2480),#6782,.F."
6024,ADVANCED_FACE,"'',(#2481),#6783,.F."
6025,ADVANCED_FACE,"'',(#2482),#6784,.F."
6026,ADVANCED_FACE,"'',(#2483),#6785,.F."
6027,ADVANCED_FACE,"'',(#2484),#6786,.T."
6028,ADVANCED_FACE,"'',(#7307,#7308),#988,.F."
6029,ADVANCED_FACE,"'',(#7309,#7310),#989,.F."
6030,ADVANCED_FACE,"'',(#7311,#7312),#990,.F."
6031,ADVANCED_FACE,"'',(#7313,#7314),#991,.F."
6032,ADVANCED_FACE,"'',(#7315,#7316),#6787,.T."
6033,ADVANCED_FACE,"'',(#2485),#6788,.F."
6034,ADVANCED_FACE,"'',(#2486),#6789,.F."
6035,ADVANCED_FACE,"'',(#2487),#1502,.F."
6036,ADVANCED_FACE,"'',(#2488),#1503,.F."
6037,ADVANCED_FACE,"'',(#2489),#1504,.F."
6038,ADVANCED_FACE,"'',(#2490),#6790,.F."
6039,ADVANCED_FACE,"'',(#7317,#7318),#6791,.F."
6040,ADVANCED_FACE,"'',(#2491),#6792,.F."
6041,ADVANCED_FACE,"'',(#2492),#6793,.T."
6042,ADVANCED_FACE,"'',(#7319,#7320,#7321,#7322,#7323),#6794,.F."
6043,ADVANCED_FACE,"'',(#2493),#6795,.T."
6044,ADVANCED_FACE,"'',(#7324,#7325,#7326,#7327,#7328),#6796,.F."
6045,ADVANCED_FACE,"'',(#2494),#6797,.F."
6046,ADVANCED_FACE,"'',(#7329,#7330),#6798,.F."
6047,ADVANCED_FACE,"'',(#2495),#6799,.F."
6048,ADVANCED_FACE,"'',(#2496),#6800,.T."
6049,ADVANCED_FACE,"'',(#7331,#7332,#7333,#7334,#7335),#6801,.F."
6050,ADVANCED_FACE,"'',(#2497),#6802,.T."
6051,ADVANCED_FACE,"'',(#7336,#7337,#7338,#7339,#7340),#6803,.F."
6052,ADVANCED_FACE,"'',(#7341,#7342),#1505,.F."
6053,ADVANCED_FACE,"'',(#2498),#6804,.T."
6054,ADVANCED_FACE,"'',(#7343,#7344),#1506,.F."
6055,ADVANCED_FACE,"'',(#2499),#6805,.T."
6056,ADVANCED_FACE,"'',(#7345,#7346),#1507,.F."
6057,ADVANCED_FACE,"'',(#2500),#6806,.T."
6058,ADVANCED_FACE,"'',(#7347,#7348),#1508,.F."
6059,ADVANCED_FACE,"'',(#2501),#6807,.T."
6060,ADVANCED_FACE,"'',(#7349,#7350),#1509,.F."
6061,ADVANCED_FACE,"'',(#2502),#6808,.T."
6062,ADVANCED_FACE,"'',(#7351,#7352),#1510,.F."
6063,ADVANCED_FACE,"'',(#2503),#6809,.T."
6064,ADVANCED_FACE,"'',(#7353,#7354),#1511,.F."
6065,ADVANCED_FACE,"'',(#2504),#6810,.T."
6066,ADVANCED_FACE,"'',(#7355,#7356),#1512,.F."
6067,ADVANCED_FACE,"'',(#2505),#6811,.T."
6068,ADVANCED_FACE,"'',(#7357,#7358),#6812,.T."
6069,ADVANCED_FACE,"'',(#7359,#7360),#1513,.F."
6070,ADVANCED_FACE,"'',(#7361,#7362),#1514,.T."
6071,ADVANCED_FACE,"'',(#7363,#7364),#6813,.F."
6072,ADVANCED_FACE,"'',(#7365,#7366),#1515,.F."
6073,ADVANCED_FACE,"'',(#7367,#7368),#1516,.T."
6074,ADVANCED_FACE,"'',(#2506),#6814,.T."
6075,ADVANCED_FACE,"'',(#2507),#6815,.T."
6076,ADVANCED_FACE,"'',(#2508),#6816,.F."
6077,ADVANCED_FACE,"'',(#2509),#6817,.F."
6078,ADVANCED_FACE,"'',(#2510),#6818,.F."
6079,ADVANCED_FACE,"'',(#2511),#6819,.F."
6080,ADVANCED_FACE,"'',(#2512),#6820,.F."
6081,ADVANCED_FACE,"'',(#2513),#6821,.F."
6082,ADVANCED_FACE,"'',(#2514),#6822,.F."
6083,ADVANCED_FACE,"'',(#2515),#6823,.F."
6084,ADVANCED_FACE,"'',(#2516),#6824,.F."
6085,ADVANCED_FACE,"'',(#2517),#6825,.F."
6086,ADVANCED_FACE,"'',(#2518),#1517,.T."
6087,ADVANCED_FACE,"'',(#2519),#1518,.F."
6088,ADVANCED_FACE,"'',(#2520),#1519,.F."
6089,ADVANCED_FACE,"'',(#2521),#1520,.T."
6090,ADVANCED_FACE,"'',(#2522),#1521,.F."
6091,ADVANCED_FACE,"'',(#2523),#1522,.F."
6092,ADVANCED_FACE,"'',(#2524),#1523,.T."
6093,ADVANCED_FACE,"'',(#2525),#1524,.F."
6094,ADVANCED_FACE,"'',(#2526),#1525,.F."
6095,ADVANCED_FACE,"'',(#2527),#1526,.F."
6096,ADVANCED_FACE,"'',(#2528),#6826,.F."
6097,ADVANCED_FACE,"'',(#2529),#6827,.F."
6098,ADVANCED_FACE,"'',(#2530),#6828,.F."
6099,ADVANCED_FACE,"'',(#2531),#6829,.F."
6100,ADVANCED_FACE,"'',(#2532),#6830,.F."
6101,ADVANCED_FACE,"'',(#2533),#6831,.F."
6102,ADVANCED_FACE,"'',(#2534),#6832,.F."
6103,ADVANCED_FACE,"'',(#2535),#6833,.F."
6104,ADVANCED_FACE,"'',(#2536),#6834,.F."
6105,ADVANCED_FACE,"'',(#2537),#1527,.T."
6106,ADVANCED_FACE,"'',(#2538),#1528,.F."
6107,ADVANCED_FACE,"'',(#2539),#1529,.F."
6108,ADVANCED_FACE,"'',(#2540),#1530,.T."
6109,ADVANCED_FACE,"'',(#2541),#1531,.F."
6110,ADVANCED_FACE,"'',(#2542),#1532,.F."
6111,ADVANCED_FACE,"'',(#2543),#1533,.T."
6112,ADVANCED_FACE,"'',(#2544),#1534,.F."
6113,ADVANCED_FACE,"'',(#2545),#1535,.F."
6114,ADVANCED_FACE,"'',(#2546),#1536,.F."
6115,ADVANCED_FACE,"'',(#2547),#6835,.F."
6116,ADVANCED_FACE,"'',(#2548),#6836,.F."
6117,ADVANCED_FACE,"'',(#2549),#6837,.F."
6118,ADVANCED_FACE,"'',(#2550),#6838,.F."
6119,ADVANCED_FACE,"'',(#2551),#6839,.F."
6120,ADVANCED_FACE,"'',(#2552),#6840,.F."
6121,ADVANCED_FACE,"'',(#2553),#6841,.F."
6122,ADVANCED_FACE,"'',(#2554),#6842,.F."
6123,ADVANCED_FACE,"'',(#2555),#6843,.F."
6124,ADVANCED_FACE,"'',(#2556),#1537,.T."
6125,ADVANCED_FACE,"'',(#2557),#1538,.F."
6126,ADVANCED_FACE,"'',(#2558),#1539,.F."
6127,ADVANCED_FACE,"'',(#2559),#1540,.T."
6128,ADVANCED_FACE,"'',(#2560),#1541,.F."
6129,ADVANCED_FACE,"'',(#2561),#1542,.F."
6130,ADVANCED_FACE,"'',(#2562),#1543,.T."
6131,ADVANCED_FACE,"'',(#2563),#1544,.F."
6132,ADVANCED_FACE,"'',(#2564),#1545,.F."
6133,ADVANCED_FACE,"'',(#2565),#1546,.F."
6134,ADVANCED_FACE,"'',(#2566),#6844,.F."
6135,ADVANCED_FACE,"'',(#2567),#6845,.F."
6136,ADVANCED_FACE,"'',(#2568),#6846,.F."
6137,ADVANCED_FACE,"'',(#2569),#6847,.F."
6138,ADVANCED_FACE,"'',(#2570),#6848,.F."
6139,ADVANCED_FACE,"'',(#2571),#6849,.F."
6140,ADVANCED_FACE,"'',(#2572),#6850,.F."
6141,ADVANCED_FACE,"'',(#2573),#6851,.F."
6142,ADVANCED_FACE,"'',(#2574),#6852,.F."
6143,ADVANCED_FACE,"'',(#2575),#1547,.T."
6144,ADVANCED_FACE,"'',(#2576),#1548,.F."
6145,ADVANCED_FACE,"'',(#2577),#1549,.F."
6146,ADVANCED_FACE,"'',(#2578),#1550,.T."
6147,ADVANCED_FACE,"'',(#2579),#1551,.F."
6148,ADVANCED_FACE,"'',(#2580),#1552,.F."
6149,ADVANCED_FACE,"'',(#2581),#1553,.T."
6150,ADVANCED_FACE,"'',(#2582),#1554,.F."
6151,ADVANCED_FACE,"'',(#2583),#1555,.F."
6152,ADVANCED_FACE,"'',(#2584),#1556,.F."
6153,ADVANCED_FACE,"'',(#2585),#1557,.F."
6154,ADVANCED_FACE,"'',(#7369,#7370),#1558,.F."
6155,ADVANCED_FACE,"'',(#7371,#7372),#1559,.F."
6156,ADVANCED_FACE,"'',(#7373,#7374),#1560,.F."
6157,ADVANCED_FACE,"'',(#7375,#7376),#1561,.F."
6158,ADVANCED_FACE,"'',(#7377,#7378),#1562,.F."
6159,ADVANCED_FACE,"'',(#7379,#7380),#1563,.F."
6160,ADVANCED_FACE,"'',(#7381,#7382),#1564,.F."
6161,ADVANCED_FACE,"'',(#7383,#7384),#1565,.F."
6162,ADVANCED_FACE,"'',(#7385,#7386),#1566,.F."
6163,ADVANCED_FACE,"'',(#7387,#7388),#1567,.F."
6164,ADVANCED_FACE,"'',(#7389,#7390),#1568,.F."
6165,ADVANCED_FACE,"'',(#7391,#7392),#1569,.F."
6166,ADVANCED_FACE,"'',(#7393,#7394),#1570,.F."
6167,ADVANCED_FACE,"'',(#7395,#7396),#1571,.F."
6168,ADVANCED_FACE,"'',(#7397,#7398),#1572,.F."
6169,ADVANCED_FACE,"'',(#7399,#7400),#1573,.F."
6170,ADVANCED_FACE,"'',(#7401,#7402),#1574,.F."
6171,ADVANCED_FACE,"'',(#7403,#7404),#1575,.F."
6172,ADVANCED_FACE,"'',(#7405,#7406),#1576,.F."
6173,ADVANCED_FACE,"'',(#7407,#7408),#1577,.F."
6174,ADVANCED_FACE,"'',(#7409,#7410),#1578,.F."
6175,ADVANCED_FACE,"'',(#7411,#7412),#992,.F."
6176,ADVANCED_FACE,"'',(#7413,#7414),#993,.F."
6177,ADVANCED_FACE,"'',(#7415,#7416),#994,.F."
6178,ADVANCED_FACE,"'',(#7417,#7418),#995,.F."
6179,ADVANCED_FACE,"'',(#7419,#7420),#996,.F."
6180,ADVANCED_FACE,"'',(#7421,#7422),#997,.F."
6181,ADVANCED_FACE,"'',(#7423,#7424),#998,.F."
6182,ADVANCED_FACE,"'',(#7425,#7426),#999,.F."
6183,ADVANCED_FACE,"'',(#7427,#7428),#1000,.F."
6184,ADVANCED_FACE,"'',(#7429,#7430),#1001,.F."
6185,ADVANCED_FACE,"'',(#7431,#7432),#1002,.F."
6186,ADVANCED_FACE,"'',(#7433,#7434),#1003,.F."
6187,ADVANCED_FACE,"'',(#7435,#7436),#1004,.F."
6188,ADVANCED_FACE,"'',(#7437,#7438),#1005,.F."
6189,ADVANCED_FACE,"'',(#7439,#7440),#1006,.F."
6190,ADVANCED_FACE,"'',(#7441,#7442),#1007,.F."
6191,ADVANCED_FACE,"'',(#7443,#7444),#1008,.F."
6192,ADVANCED_FACE,"'',(#7445,#7446),#1009,.F."
6193,ADVANCED_FACE,"'',(#7447,#7448),#1010,.F."
6194,ADVANCED_FACE,"'',(#7449,#7450),#1011,.F."
6195,ADVANCED_FACE,"'',(#7451,#7452),#1012,.F."
6196,ADVANCED_FACE,"'',(#7453,#7454),#1013,.F."
6197,ADVANCED_FACE,"'',(#7455,#7456),#1014,.F."
6198,ADVANCED_FACE,"'',(#7457,#7458),#1015,.F."
6199,ADVANCED_FACE,"'',(#7459,#7460),#1016,.F."
6200,ADVANCED_FACE,"'',(#7461,#7462),#1017,.F."
6201,ADVANCED_FACE,"'',(#7463,#7464),#1018,.F."
6202,ADVANCED_FACE,"'',(#7465,#7466),#1019,.F."
6203,ADVANCED_FACE,"'',(#7467,#7468),#1020,.F."
6204,ADVANCED_FACE,"'',(#7469,#7470),#1021,.F."
6205,ADVANCED_FACE,"'',(#7471,#7472),#1022,.F."
6206,ADVANCED_FACE,"'',(#7473,#7474),#1023,.F."
6207,ADVANCED_FACE,"'',(#7475,#7476),#1024,.F."
6208,ADVANCED_FACE,"'',(#7477,#7478),#1025,.F."
6209,ADVANCED_FACE,"'',(#7479,#7480),#1026,.F."
6210,ADVANCED_FACE,"'',(#7481,#7482),#1027,.F."
6211,ADVANCED_FACE,"'',(#7483,#7484),#1028,.F."
6212,ADVANCED_FACE,"'',(#2586),#6853,.T."
6213,ADVANCED_FACE,"'',(#2587),#1029,.T."
6214,ADVANCED_FACE,"'',(#2588),#1030,.F."
6215,ADVANCED_FACE,"'',(#2589),#6854,.T."
6216,ADVANCED_FACE,"'',(#2590),#6855,.T."
6217,ADVANCED_FACE,"'',(#2591),#1031,.F."
6218,ADVANCED_FACE,"'',(#2592),#1032,.F."
6219,ADVANCED_FACE,"'',(#2593),#6856,.T."
6220,ADVANCED_FACE,"'',(#2594),#6857,.T."
6221,ADVANCED_FACE,"'',(#2595),#1033,.F."
6222,ADVANCED_FACE,"'',(#2596),#1034,.T."
6223,ADVANCED_FACE,"'',(#2597),#6858,.T."
6224,ADVANCED_FACE,"'',(#2598),#1035,.F."
6225,ADVANCED_FACE,"'',(#2599),#1036,.T."
6226,ADVANCED_FACE,"'',(#2600),#6859,.T."
6227,ADVANCED_FACE,"'',(#2601),#6860,.T."
6228,ADVANCED_FACE,"'',(#2602),#1037,.F."
6229,ADVANCED_FACE,"'',(#2603),#1038,.F."
6230,ADVANCED_FACE,"'',(#2604),#6861,.T."
6231,ADVANCED_FACE,"'',(#2605),#6862,.T."
6232,ADVANCED_FACE,"'',(#2606),#1039,.T."
6233,ADVANCED_FACE,"'',(#2607),#1040,.F."
6234,ADVANCED_FACE,"'',(#2608),#6863,.T."
6235,ADVANCED_FACE,"'',(#2609),#6864,.T."
6236,ADVANCED_FACE,"'',(#2610),#1041,.F."
6237,ADVANCED_FACE,"'',(#2611),#1042,.F."
6238,ADVANCED_FACE,"'',(#2612),#6865,.T."
6239,ADVANCED_FACE,"'',(#2613),#6866,.T."
6240,ADVANCED_FACE,"'',(#2614),#1043,.F."
6241,ADVANCED_FACE,"'',(#2615),#1044,.T."
6242,ADVANCED_FACE,"'',(#2616),#6867,.T."
6243,ADVANCED_FACE,"'',(#2617),#1045,.F."
6244,ADVANCED_FACE,"'',(#2618),#1046,.T."
6245,ADVANCED_FACE,"'',(#2619),#6868,.T."
6246,ADVANCED_FACE,"'',(#2620),#6869,.T."
6247,ADVANCED_FACE,"'',(#2621),#1047,.F."
6248,ADVANCED_FACE,"'',(#2622),#1048,.F."
6249,ADVANCED_FACE,"'',(#2623),#6870,.T."
6250,ADVANCED_FACE,"'',(#2624),#1049,.T."
6251,ADVANCED_FACE,"'',(#2625),#6871,.T."
6252,ADVANCED_FACE,"'',(#2626),#6872,.T."
6253,ADVANCED_FACE,"'',(#2627),#1050,.F."
6254,ADVANCED_FACE,"'',(#2628),#1051,.F."
6255,ADVANCED_FACE,"'',(#2629),#6873,.T."
6256,ADVANCED_FACE,"'',(#2630),#6874,.T."
6257,ADVANCED_FACE,"'',(#2631),#1052,.F."
6258,ADVANCED_FACE,"'',(#2632),#1053,.F."
6259,ADVANCED_FACE,"'',(#2633),#6875,.T."
6260,ADVANCED_FACE,"'',(#2634),#6876,.T."
6261,ADVANCED_FACE,"'',(#2635),#1054,.F."
6262,ADVANCED_FACE,"'',(#2636),#1055,.T."
6263,ADVANCED_FACE,"'',(#2637),#1056,.T."
6264,ADVANCED_FACE,"'',(#2638),#6877,.T."
6265,ADVANCED_FACE,"'',(#2639),#6878,.T."
6266,ADVANCED_FACE,"'',(#2640),#1057,.F."
6267,ADVANCED_FACE,"'',(#2641),#1058,.F."
6268,ADVANCED_FACE,"'',(#2642),#6879,.T."
6269,ADVANCED_FACE,"'',(#2643),#6880,.T."
6270,ADVANCED_FACE,"'',(#2644),#1059,.T."
6271,ADVANCED_FACE,"'',(#2645),#1060,.F."
6272,ADVANCED_FACE,"'',(#2646),#6881,.T."
6273,ADVANCED_FACE,"'',(#2647),#6882,.T."
6274,ADVANCED_FACE,"'',(#2648),#1061,.F."
6275,ADVANCED_FACE,"'',(#2649),#1062,.F."
6276,ADVANCED_FACE,"'',(#2650),#6883,.T."
6277,ADVANCED_FACE,"'',(#2651),#6884,.T."
6278,ADVANCED_FACE,"'',(#2652),#1063,.F."
6279,ADVANCED_FACE,"'',(#2653),#1064,.T."
6280,ADVANCED_FACE,"'',(#2654),#6885,.T."
6281,ADVANCED_FACE,"'',(#2655),#6886,.T."
6282,ADVANCED_FACE,"'',(#2656),#1065,.T."
6283,ADVANCED_FACE,"'',(#2657),#1066,.F."
6284,ADVANCED_FACE,"'',(#2658),#1067,.F."
6285,ADVANCED_FACE,"'',(#2659),#6887,.T."
6286,ADVANCED_FACE,"'',(#2660),#6888,.T."
6287,ADVANCED_FACE,"'',(#2661),#1068,.F."
6288,ADVANCED_FACE,"'',(#7485,#7486),#1069,.F."
6289,ADVANCED_FACE,"'',(#7487,#7488),#1070,.F."
6290,ADVANCED_FACE,"'',(#7489,#7490),#1579,.F."
6291,ADVANCED_FACE,"'',(#7491,#7492),#6889,.F."
6292,ADVANCED_FACE,"'',(#7493,#7494),#1580,.F."
6293,ADVANCED_FACE,"'',(#7495,#7496),#1071,.F."
6294,ADVANCED_FACE,"'',(#7497,#7498),#1072,.F."
6295,ADVANCED_FACE,"'',(#7499,#7500),#1073,.F."
6296,ADVANCED_FACE,"'',(#7501,#7502),#1581,.F."
6297,ADVANCED_FACE,"'',(#7503,#7504),#6890,.F."
6298,ADVANCED_FACE,"'',(#7505,#7506),#1582,.F."
6299,ADVANCED_FACE,"'',(#7507,#7508),#1074,.F."
6300,ADVANCED_FACE,"'',(#7509,#7510),#1075,.F."
6301,ADVANCED_FACE,"'',(#7511,#7512),#1076,.F."
6302,ADVANCED_FACE,"'',(#7513,#7514),#1583,.F."
6303,ADVANCED_FACE,"'',(#7515,#7516),#6891,.F."
6304,ADVANCED_FACE,"'',(#7517,#7518),#1584,.F."
6305,ADVANCED_FACE,"'',(#7519,#7520),#1077,.F."
6306,ADVANCED_FACE,"'',(#7521,#7522),#1078,.F."
6307,ADVANCED_FACE,"'',(#7523,#7524),#1079,.F."
6308,ADVANCED_FACE,"'',(#7525,#7526),#1585,.F."
6309,ADVANCED_FACE,"'',(#7527,#7528),#6892,.F."
6310,ADVANCED_FACE,"'',(#7529,#7530),#1586,.F."
6311,ADVANCED_FACE,"'',(#7531,#7532),#1080,.F."
6312,ADVANCED_FACE,"'',(#7533,#7534),#1081,.F."
6313,ADVANCED_FACE,"'',(#7535,#7536),#1082,.F."
6314,ADVANCED_FACE,"'',(#7537,#7538),#1083,.F."
6315,ADVANCED_FACE,"'',(#7539,#7540),#1084,.F."
6316,ADVANCED_FACE,"'',(#7541,#7542),#1587,.F."
6317,ADVANCED_FACE,"'',(#7543,#7544),#1085,.F."
6318,ADVANCED_FACE,"'',(#7545,#7546),#1086,.F."
6319,ADVANCED_FACE,"'',(#7547,#7548),#1588,.F."
6320,ADVANCED_FACE,"'',(#7549,#7550),#1087,.F."
6321,ADVANCED_FACE,"'',(#7551,#7552),#1088,.F."
6322,ADVANCED_FACE,"'',(#7553,#7554),#1589,.F."
6323,ADVANCED_FACE,"'',(#7555,#7556),#1089,.F."
6324,ADVANCED_FACE,"'',(#7557,#7558),#1090,.F."
6325,ADVANCED_FACE,"'',(#7559,#7560),#1590,.F."
6326,ADVANCED_FACE,"'',(#7561,#7562),#1091,.F."
6327,ADVANCED_FACE,"'',(#7563,#7564),#1092,.F."
6328,ADVANCED_FACE,"'',(#7565,#7566),#1591,.F."
6329,ADVANCED_FACE,"'',(#7567,#7568),#1093,.F."
6330,ADVANCED_FACE,"'',(#7569,#7570),#1094,.F."
6331,ADVANCED_FACE,"'',(#7571,#7572),#1592,.F."
6332,ADVANCED_FACE,"'',(#7573,#7574),#1095,.F."
6333,ADVANCED_FACE,"'',(#7575,#7576),#1096,.F."
6334,ADVANCED_FACE,"'',(#7577,#7578),#1593,.F."
6335,ADVANCED_FACE,"'',(#7579,#7580),#1097,.F."
6336,ADVANCED_FACE,"'',(#7581,#7582),#1098,.F."
6337,ADVANCED_FACE,"'',(#7583,#7584),#1594,.F."
6338,ADVANCED_FACE,"'',(#2662),#6893,.F."
6339,ADVANCED_FACE,"'',(#2663),#6894,.F."
6340,ADVANCED_FACE,"'',(#2664),#6895,.F."
6341,ADVANCED_FACE,"'',(#2665),#6896,.F."
6342,ADVANCED_FACE,"'',(#7585,#7586,#7587,#7588,#7589,#7590),#6897,.T."
6343,ADVANCED_FACE,"'',(#2666),#6898,.F."
6344,ADVANCED_FACE,"'',(#2667),#6899,.F."
6345,ADVANCED_FACE,"'',(#2668),#6900,.F."
6346,ADVANCED_FACE,"'',(#2669),#6901,.F."
6347,ADVANCED_FACE,"'',(#2670),#6902,.T."
6348,ADVANCED_FACE,"'',(#7591,#7592,#7593,#7594,#7595,#7596),#6903,.T."
6349,ADVANCED_FACE,"'',(#2671),#6904,.F."
6350,ADVANCED_FACE,"'',(#2672),#6905,.F."
6351,ADVANCED_FACE,"'',(#2673),#6906,.F."
6352,ADVANCED_FACE,"'',(#2674),#6907,.F."
6353,ADVANCED_FACE,"'',(#2675),#6908,.T."
6354,ADVANCED_FACE,"'',(#2676),#6909,.F."
6355,ADVANCED_FACE,"'',(#2677),#6910,.F."
6356,ADVANCED_FACE,"'',(#2678),#6911,.F."
6357,ADVANCED_FACE,"'',(#2679),#6912,.F."
6358,ADVANCED_FACE,"'',(#2680),#1595,.F."
6359,ADVANCED_FACE,"'',(#2681),#1596,.F."
6360,ADVANCED_FACE,"'',(#2682),#1597,.F."
6361,ADVANCED_FACE,"'',(#2683),#1598,.F."
6362,ADVANCED_FACE,"'',(#2684),#1599,.F."
6363,ADVANCED_FACE,"'',(#2685),#1600,.F."
6364,ADVANCED_FACE,"'',(#2686),#1601,.F."
6365,ADVANCED_FACE,"'',(#2687),#1602,.F."
6366,ADVANCED_FACE,"'',(#7597,#7598),#1099,.F."
6367,ADVANCED_FACE,"'',(#7599,#7600),#1100,.F."
6368,ADVANCED_FACE,"'',(#7601,#7602),#1603,.F."
6369,ADVANCED_FACE,"'',(#7603,#7604),#1101,.F."
6370,ADVANCED_FACE,"'',(#7605,#7606),#1102,.F."
6371,ADVANCED_FACE,"'',(#7607,#7608),#1604,.F."
6372,ADVANCED_FACE,"'',(#7609,#7610),#1103,.F."
6373,ADVANCED_FACE,"'',(#7611,#7612),#1104,.F."
6374,ADVANCED_FACE,"'',(#7613,#7614),#1605,.F."
6375,ADVANCED_FACE,"'',(#7615,#7616),#1105,.F."
6376,ADVANCED_FACE,"'',(#7617,#7618),#1106,.F."
6377,ADVANCED_FACE,"'',(#7619,#7620),#1606,.F."
6378,ADVANCED_FACE,"'',(#2688),#1607,.F."
6379,ADVANCED_FACE,"'',(#2689),#1608,.F."
6380,ADVANCED_FACE,"'',(#2690),#1609,.F."
6381,ADVANCED_FACE,"'',(#2691),#1610,.F."
6382,ADVANCED_FACE,"'',(#2692),#1611,.F."
6383,ADVANCED_FACE,"'',(#2693),#1612,.F."
6384,ADVANCED_FACE,"'',(#2694),#1613,.F."
6385,ADVANCED_FACE,"'',(#2695),#1614,.F."
6386,ADVANCED_FACE,"'',(#7621,#7622),#1107,.F."
6387,ADVANCED_FACE,"'',(#7623,#7624),#1108,.F."
6388,ADVANCED_FACE,"'',(#7625,#7626),#1615,.F."
6389,ADVANCED_FACE,"'',(#7627,#7628),#1109,.F."
6390,ADVANCED_FACE,"'',(#7629,#7630),#1110,.F."
6391,ADVANCED_FACE,"'',(#7631,#7632),#1616,.F."
6392,ADVANCED_FACE,"'',(#7633,#7634),#1111,.F."
6393,ADVANCED_FACE,"'',(#7635,#7636),#1112,.F."
6394,ADVANCED_FACE,"'',(#7637,#7638),#1617,.F."
6395,ADVANCED_FACE,"'',(#7639,#7640),#1113,.F."
6396,ADVANCED_FACE,"'',(#7641,#7642),#1114,.F."
6397,ADVANCED_FACE,"'',(#7643,#7644),#1618,.F."
6398,ADVANCED_FACE,"'',(#2696),#1115,.F."
6399,ADVANCED_FACE,"'',(#2697),#6913,.T."
6400,ADVANCED_FACE,"'',(#2698),#6914,.T."
6401,ADVANCED_FACE,"'',(#2699),#1116,.F."
6402,ADVANCED_FACE,"'',(#2700),#1117,.F."
6403,ADVANCED_FACE,"'',(#2701),#6915,.T."
6404,ADVANCED_FACE,"'',(#2702),#6916,.T."
6405,ADVANCED_FACE,"'',(#2703),#1118,.F."
6406,ADVANCED_FACE,"'',(#2704),#6917,.T."
6407,ADVANCED_FACE,"'',(#2705),#6918,.T."
6408,ADVANCED_FACE,"'',(#2706),#6919,.F."
6409,ADVANCED_FACE,"'',(#2707),#6920,.T."
6410,ADVANCED_FACE,"'',(#2708),#6921,.T."
6411,ADVANCED_FACE,"'',(#2709),#6922,.T."
6412,ADVANCED_FACE,"'',(#2710),#6923,.F."
6413,ADVANCED_FACE,"'',(#2711),#6924,.T."
6414,ADVANCED_FACE,"'',(#2712),#6925,.F."
6415,ADVANCED_FACE,"'',(#2713),#6926,.F."
6416,ADVANCED_FACE,"'',(#2714),#6927,.T."
6417,ADVANCED_FACE,"'',(#2715),#6928,.T."
6418,ADVANCED_FACE,"'',(#2716),#6929,.F."
6419,ADVANCED_FACE,"'',(#2717),#6930,.T."
6420,ADVANCED_FACE,"'',(#2718),#6931,.F."
6421,ADVANCED_FACE,"'',(#2719),#6932,.T."
6422,ADVANCED_FACE,"'',(#2720),#6933,.F."
6423,ADVANCED_FACE,"'',(#2721),#6934,.F."
6424,ADVANCED_FACE,"'',(#2722),#6935,.T."
6425,ADVANCED_FACE,"'',(#2723),#6936,.F."
6426,ADVANCED_FACE,"'',(#2724),#6937,.T."
6427,ADVANCED_FACE,"'',(#2725),#6938,.T."
6428,ADVANCED_FACE,"'',(#2726),#6939,.T."
6429,ADVANCED_FACE,"'',(#2727),#6940,.F."
6430,ADVANCED_FACE,"'',(#2728),#1119,.F."
6431,ADVANCED_FACE,"'',(#2729),#6941,.F."
6432,ADVANCED_FACE,"'',(#2730),#6942,.T."
6433,ADVANCED_FACE,"'',(#2731),#6943,.T."
6434,ADVANCED_FACE,"'',(#2732),#6944,.T."
6435,ADVANCED_FACE,"'',(#2733),#1120,.F."
6436,ADVANCED_FACE,"'',(#2734),#6945,.T."
6437,ADVANCED_FACE,"'',(#2735),#6946,.T."
6438,ADVANCED_FACE,"'',(#2736),#6947,.T."
6439,ADVANCED_FACE,"'',(#2737),#6948,.T."
6440,ADVANCED_FACE,"'',(#2738),#6949,.T."
6441,ADVANCED_FACE,"'',(#2739),#6950,.F."
6442,ADVANCED_FACE,"'',(#2740),#1121,.F."
6443,ADVANCED_FACE,"'',(#2741),#6951,.F."
6444,ADVANCED_FACE,"'',(#2742),#6952,.T."
6445,ADVANCED_FACE,"'',(#2743),#6953,.T."
6446,ADVANCED_FACE,"'',(#2744),#6954,.T."
6447,ADVANCED_FACE,"'',(#2745),#6955,.F."
6448,ADVANCED_FACE,"'',(#2746),#6956,.F."
6449,ADVANCED_FACE,"'',(#2747),#6957,.T."
6450,ADVANCED_FACE,"'',(#2748),#6958,.F."
6451,ADVANCED_FACE,"'',(#2749),#6959,.T."
6452,ADVANCED_FACE,"'',(#2750),#1122,.F."
6453,ADVANCED_FACE,"'',(#2751),#6960,.F."
6454,ADVANCED_FACE,"'',(#2752),#6961,.T."
6455,ADVANCED_FACE,"'',(#2753),#6962,.T."
6456,ADVANCED_FACE,"'',(#2754),#6963,.T."
6457,ADVANCED_FACE,"'',(#2755),#6964,.F."
6458,ADVANCED_FACE,"'',(#2756),#6965,.F."
6459,ADVANCED_FACE,"'',(#2757),#6966,.T."
6460,ADVANCED_FACE,"'',(#2758),#6967,.T."
6461,ADVANCED_FACE,"'',(#2759),#6968,.T."
6462,ADVANCED_FACE,"'',(#2760),#6969,.T."
6463,ADVANCED_FACE,"'',(#2761),#6970,.F."
6464,ADVANCED_FACE,"'',(#2762),#6971,.F."
6465,ADVANCED_FACE,"'',(#2763),#6972,.T."
6466,ADVANCED_FACE,"'',(#2764),#6973,.T."
6467,ADVANCED_FACE,"'',(#2765),#6974,.T."
6468,ADVANCED_FACE,"'',(#2766),#6975,.F."
6469,ADVANCED_FACE,"'',(#2767),#6976,.T."
6470,ADVANCED_FACE,"'',(#2768),#6977,.F."
6471,ADVANCED_FACE,"'',(#2769),#1123,.F."
6472,ADVANCED_FACE,"'',(#2770),#1124,.F."
6473,ADVANCED_FACE,"'',(#2771),#6978,.F."
6474,ADVANCED_FACE,"'',(#2772),#6979,.F."
6475,ADVANCED_FACE,"'',(#2773),#1125,.F."
6476,ADVANCED_FACE,"'',(#2774),#1126,.F."
6477,ADVANCED_FACE,"'',(#2775),#6980,.F."
6478,ADVANCED_FACE,"'',(#2776),#6981,.T."
6479,ADVANCED_FACE,"'',(#2777),#1127,.F."
6480,ADVANCED_FACE,"'',(#2778),#1128,.F."
6481,ADVANCED_FACE,"'',(#2779),#6982,.T."
6482,ADVANCED_FACE,"'',(#2780),#6983,.T."
6483,ADVANCED_FACE,"'',(#2781),#1129,.F."
6484,ADVANCED_FACE,"'',(#2782),#1130,.F."
6485,ADVANCED_FACE,"'',(#2783),#6984,.T."
6486,ADVANCED_FACE,"'',(#2784),#6985,.F."
6487,ADVANCED_FACE,"'',(#2785),#1131,.F."
6488,ADVANCED_FACE,"'',(#2786),#1132,.F."
6489,ADVANCED_FACE,"'',(#2787),#6986,.F."
6490,ADVANCED_FACE,"'',(#2788),#6987,.F."
6491,ADVANCED_FACE,"'',(#2789),#1133,.F."
6492,ADVANCED_FACE,"'',(#2790),#1134,.F."
6493,ADVANCED_FACE,"'',(#2791),#6988,.F."
6494,ADVANCED_FACE,"'',(#7645,#7646),#1135,.F."
6495,ADVANCED_FACE,"'',(#7647,#7648),#1136,.F."
6496,ADVANCED_FACE,"'',(#7649,#7650),#1619,.F."
6497,ADVANCED_FACE,"'',(#7651,#7652),#1137,.F."
6498,ADVANCED_FACE,"'',(#7653,#7654),#1620,.F."
6499,ADVANCED_FACE,"'',(#7655,#7656),#1138,.F."
6500,ADVANCED_FACE,"'',(#7657,#7658),#1139,.F."
6501,ADVANCED_FACE,"'',(#7659,#7660),#1621,.F."
6502,ADVANCED_FACE,"'',(#7661,#7662),#1140,.F."
6503,ADVANCED_FACE,"'',(#7663,#7664),#1141,.F."
6504,ADVANCED_FACE,"'',(#7665,#7666),#1622,.F."
6505,ADVANCED_FACE,"'',(#7667,#7668),#1142,.F."
6506,ADVANCED_FACE,"'',(#7669,#7670),#1143,.F."
6507,ADVANCED_FACE,"'',(#7671,#7672),#1623,.F."
6508,ADVANCED_FACE,"'',(#7673,#7674),#1144,.F."
6509,ADVANCED_FACE,"'',(#7675,#7676),#1145,.F."
6510,ADVANCED_FACE,"'',(#7677,#7678),#1624,.F."
6511,ADVANCED_FACE,"'',(#7679,#7680),#1146,.F."
6512,ADVANCED_FACE,"'',(#7681,#7682),#1147,.F."
6513,ADVANCED_FACE,"'',(#7683,#7684),#1625,.F."
6514,ADVANCED_FACE,"'',(#7685,#7686),#1148,.F."
6515,PLANE,"'',#19824"
6516,PLANE,"'',#19856"
6517,PLANE,"'',#19872"
6518,PLANE,"'',#19888"
6519,PLANE,"'',#19904"
6520,PLANE,"'',#19920"
6521,PLANE,"'',#19921"
6522,PLANE,"'',#19922"
6523,PLANE,"'',#19986"
6524,PLANE,"'',#19989"
6525,PLANE,"'',#19996"
6526,PLANE,"'',#20003"
6527,PLANE,"'',#20049"
6528,PLANE,"'',#20052"
6529,PLANE,"'',#20053"
6530,PLANE,"'',#20054"
6531,PLANE,"'',#20055"
6532,PLANE,"'',#20056"
6533,PLANE,"'',#20172"
6534,PLANE,"'',#20220"
6535,PLANE,"'',#20223"
6536,PLANE,"'',#20229"
6537,PLANE,"'',#20235"
6538,PLANE,"'',#20241"
6539,PLANE,"'',#20247"
6540,PLANE,"'',#20250"
6541,PLANE,"'',#20254"
6542,PLANE,"'',#20255"
6543,PLANE,"'',#20256"
6544,PLANE,"'',#20257"
6545,PLANE,"'',#20258"
6546,PLANE,"'',#20259"
6547,PLANE,"'',#20260"
6548,PLANE,"'',#20261"
6549,PLANE,"'',#20262"
6550,PLANE,"'',#20263"
6551,PLANE,"'',#20264"
6552,PLANE,"'',#20265"
6553,PLANE,"'',#20266"
6554,PLANE,"'',#20267"
6555,PLANE,"'',#20268"
6556,PLANE,"'',#20269"
6557,PLANE,"'',#20270"
6558,PLANE,"'',#20271"
6559,PLANE,"'',#20272"
6560,PLANE,"'',#20273"
6561,PLANE,"'',#20302"
6562,PLANE,"'',#20303"
6563,PLANE,"'',#20304"
6564,PLANE,"'',#20305"
6565,PLANE,"'',#20306"
6566,PLANE,"'',#20307"
6567,PLANE,"'',#20308"
6568,PLANE,"'',#20309"
6569,PLANE,"'',#20311"
6570,PLANE,"'',#20315"
6571,PLANE,"'',#20319"
6572,PLANE,"'',#20323"
6573,PLANE,"'',#20327"
6574,PLANE,"'',#20337"
6575,PLANE,"'',#20338"
6576,PLANE,"'',#20350"
6577,PLANE,"'',#20351"
6578,PLANE,"'',#20363"
6579,PLANE,"'',#20364"
6580,PLANE,"'',#20376"
6581,PLANE,"'',#20377"
6582,PLANE,"'',#20389"
6583,PLANE,"'',#20390"
6584,PLANE,"'',#20423"
6585,PLANE,"'',#20432"
6586,PLANE,"'',#20459"
6587,PLANE,"'',#20468"
6588,PLANE,"'',#20483"
6589,PLANE,"'',#20498"
6590,PLANE,"'',#20525"
6591,PLANE,"'',#20526"
6592,PLANE,"'',#20528"
6593,PLANE,"'',#20535"
6594,PLANE,"'',#20539"
6595,PLANE,"'',#20540"
6596,PLANE,"'',#20545"
6597,PLANE,"'',#20546"
6598,PLANE,"'',#20547"
6599,PLANE,"'',#20553"
6600,PLANE,"'',#20554"
6601,PLANE,"'',#20566"
6602,PLANE,"'',#20567"
6603,PLANE,"'',#20575"
6604,PLANE,"'',#20578"
6605,PLANE,"'',#20581"
6606,PLANE,"'',#20584"
6607,PLANE,"'',#20586"
6608,PLANE,"'',#20587"
6609,PLANE,"'',#20592"
6610,PLANE,"'',#20593"
6611,PLANE,"'',#20594"
6612,PLANE,"'',#20595"
6613,PLANE,"'',#20596"
6614,PLANE,"'',#20597"
6615,PLANE,"'',#20598"
6616,PLANE,"'',#20599"
6617,PLANE,"'',#20600"
6618,PLANE,"'',#20601"
6619,PLANE,"'',#20602"
6620,PLANE,"'',#20603"
6621,PLANE,"'',#20604"
6622,PLANE,"'',#20609"
6623,PLANE,"'',#20614"
6624,PLANE,"'',#20615"
6625,PLANE,"'',#20616"
6626,PLANE,"'',#20617"
6627,PLANE,"'',#20643"
6628,PLANE,"'',#20660"
6629,PLANE,"'',#20679"
6630,PLANE,"'',#20680"
6631,PLANE,"'',#20681"
6632,PLANE,"'',#20686"
6633,PLANE,"'',#20687"
6634,PLANE,"'',#20688"
6635,PLANE,"'',#20689"
6636,PLANE,"'',#20690"
6637,PLANE,"'',#20691"
6638,PLANE,"'',#20692"
6639,PLANE,"'',#20693"
6640,PLANE,"'',#20694"
6641,PLANE,"'',#20695"
6642,PLANE,"'',#20696"
6643,PLANE,"'',#20697"
6644,PLANE,"'',#20698"
6645,PLANE,"'',#20703"
6646,PLANE,"'',#20708"
6647,PLANE,"'',#20709"
6648,PLANE,"'',#20710"
6649,PLANE,"'',#20711"
6650,PLANE,"'',#20737"
6651,PLANE,"'',#20754"
6652,PLANE,"'',#20773"
6653,PLANE,"'',#20774"
6654,PLANE,"'',#20775"
6655,PLANE,"'',#20780"
6656,PLANE,"'',#20781"
6657,PLANE,"'',#20782"
6658,PLANE,"'',#20783"
6659,PLANE,"'',#20784"
6660,PLANE,"'',#20785"
6661,PLANE,"'',#20786"
6662,PLANE,"'',#20787"
6663,PLANE,"'',#20788"
6664,PLANE,"'',#20789"
6665,PLANE,"'',#20790"
6666,PLANE,"'',#20791"
6667,PLANE,"'',#20792"
6668,PLANE,"'',#20797"
6669,PLANE,"'',#20802"
6670,PLANE,"'',#20803"
6671,PLANE,"'',#20804"
6672,PLANE,"'',#20805"
6673,PLANE,"'',#20831"
6674,PLANE,"'',#20848"
6675,PLANE,"'',#20867"
6676,PLANE,"'',#20868"
6677,PLANE,"'',#20869"
6678,PLANE,"'',#20874"
6679,PLANE,"'',#20875"
6680,PLANE,"'',#20876"
6681,PLANE,"'',#20877"
6682,PLANE,"'',#20878"
6683,PLANE,"'',#20879"
6684,PLANE,"'',#20880"
6685,PLANE,"'',#20881"
6686,PLANE,"'',#20882"
6687,PLANE,"'',#20883"
6688,PLANE,"'',#20884"
6689,PLANE,"'',#20885"
6690,PLANE,"'',#20886"
6691,PLANE,"'',#20891"
6692,PLANE,"'',#20896"
6693,PLANE,"'',#20897"
6694,PLANE,"'',#20898"
6695,PLANE,"'',#20899"
6696,PLANE,"'',#20925"
6697,PLANE,"'',#20942"
6698,PLANE,"'',#20961"
6699,PLANE,"'',#20962"
6700,PLANE,"'',#20963"
6701,PLANE,"'',#20964"
6702,PLANE,"'',#20965"
6703,PLANE,"'',#20966"
6704,PLANE,"'',#20967"
6705,PLANE,"'',#20968"
6706,PLANE,"'',#20969"
6707,PLANE,"'',#20970"
6708,PLANE,"'',#20975"
6709,PLANE,"'',#20976"
6710,PLANE,"'',#20977"
6711,PLANE,"'',#20978"
6712,PLANE,"'',#20979"
6713,PLANE,"'',#20980"
6714,PLANE,"'',#20981"
6715,PLANE,"'',#20982"
6716,PLANE,"'',#20983"
6717,PLANE,"'',#20984"
6718,PLANE,"'',#20985"
6719,PLANE,"'',#20986"
6720,PLANE,"'',#20987"
6721,PLANE,"'',#20992"
6722,PLANE,"'',#20997"
6723,PLANE,"'',#20998"
6724,PLANE,"'',#20999"
6725,PLANE,"'',#21000"
6726,PLANE,"'',#21026"
6727,PLANE,"'',#21043"
6728,PLANE,"'',#21062"
6729,PLANE,"'',#21063"
6730,PLANE,"'',#21064"
6731,PLANE,"'',#21069"
6732,PLANE,"'',#21070"
6733,PLANE,"'',#21071"
6734,PLANE,"'',#21072"
6735,PLANE,"'',#21073"
6736,PLANE,"'',#21074"
6737,PLANE,"'',#21075"
6738,PLANE,"'',#21076"
6739,PLANE,"'',#21077"
6740,PLANE,"'',#21078"
6741,PLANE,"'',#21079"
6742,PLANE,"'',#21080"
6743,PLANE,"'',#21081"
6744,PLANE,"'',#21086"
6745,PLANE,"'',#21091"
6746,PLANE,"'',#21092"
6747,PLANE,"'',#21093"
6748,PLANE,"'',#21094"
6749,PLANE,"'',#21120"
6750,PLANE,"'',#21137"
6751,PLANE,"'',#21156"
6752,PLANE,"'',#21165"
6753,PLANE,"'',#21166"
6754,PLANE,"'',#21171"
6755,PLANE,"'',#21172"
6756,PLANE,"'',#21173"
6757,PLANE,"'',#21174"
6758,PLANE,"'',#21175"
6759,PLANE,"'',#21176"
6760,PLANE,"'',#21177"
6761,PLANE,"'',#21178"
6762,PLANE,"'',#21179"
6763,PLANE,"'',#21180"
6764,PLANE,"'',#21181"
6765,PLANE,"'',#21182"
6766,PLANE,"'',#21183"
6767,PLANE,"'',#21202"
6768,PLANE,"'',#21221"
6769,PLANE,"'',#21222"
6770,PLANE,"'',#21223"
6771,PLANE,"'',#21224"
6772,PLANE,"'',#21225"
6773,PLANE,"'',#21226"
6774,PLANE,"'',#21227"
6775,PLANE,"'',#21228"
6776,PLANE,"'',#21229"
6777,PLANE,"'',#21230"
6778,PLANE,"'',#21231"
6779,PLANE,"'',#21232"
6780,PLANE,"'',#21233"
6781,PLANE,"'',#21234"
6782,PLANE,"'',#21235"
6783,PLANE,"'',#21236"
6784,PLANE,"'',#21237"
6785,PLANE,"'',#21238"
6786,PLANE,"'',#21239"
6787,PLANE,"'',#21245"
6788,PLANE,"'',#21246"
6789,PLANE,"'',#21247"
6790,PLANE,"'',#21254"
6791,PLANE,"'',#21259"
6792,PLANE,"'',#21260"
6793,PLANE,"'',#21261"
6794,PLANE,"'',#21266"
6795,PLANE,"'',#21267"
6796,PLANE,"'',#21272"
6797,PLANE,"'',#21273"
6798,PLANE,"'',#21278"
6799,PLANE,"'',#21279"
6800,PLANE,"'',#21280"
6801,PLANE,"'',#21285"
6802,PLANE,"'',#21286"
6803,PLANE,"'',#21291"
6804,PLANE,"'',#21294"
6805,PLANE,"'',#21297"
6806,PLANE,"'',#21300"
6807,PLANE,"'',#21303"
6808,PLANE,"'',#21306"
6809,PLANE,"'',#21309"
6810,PLANE,"'',#21312"
6811,PLANE,"'',#21315"
6812,PLANE,"'',#21318"
6813,PLANE,"'',#21323"
6814,PLANE,"'',#21326"
6815,PLANE,"'',#21327"
6816,PLANE,"'',#21329"
6817,PLANE,"'',#21330"
6818,PLANE,"'',#21331"
6819,PLANE,"'',#21332"
6820,PLANE,"'',#21333"
6821,PLANE,"'',#21334"
6822,PLANE,"'',#21335"
6823,PLANE,"'',#21336"
6824,PLANE,"'',#21337"
6825,PLANE,"'',#21338"
6826,PLANE,"'',#21360"
6827,PLANE,"'',#21361"
6828,PLANE,"'',#21362"
6829,PLANE,"'',#21363"
6830,PLANE,"'',#21364"
6831,PLANE,"'',#21365"
6832,PLANE,"'',#21366"
6833,PLANE,"'',#21367"
6834,PLANE,"'',#21368"
6835,PLANE,"'',#21389"
6836,PLANE,"'',#21390"
6837,PLANE,"'',#21391"
6838,PLANE,"'',#21392"
6839,PLANE,"'',#21393"
6840,PLANE,"'',#21394"
6841,PLANE,"'',#21395"
6842,PLANE,"'',#21396"
6843,PLANE,"'',#21397"
6844,PLANE,"'',#21418"
6845,PLANE,"'',#21419"
6846,PLANE,"'',#21420"
6847,PLANE,"'',#21421"
6848,PLANE,"'',#21422"
6849,PLANE,"'',#21423"
6850,PLANE,"'',#21424"
6851,PLANE,"'',#21425"
6852,PLANE,"'',#21426"
6853,PLANE,"'',#21544"
6854,PLANE,"'',#21547"
6855,PLANE,"'',#21548"
6856,PLANE,"'',#21551"
6857,PLANE,"'',#21552"
6858,PLANE,"'',#21555"
6859,PLANE,"'',#21558"
6860,PLANE,"'',#21559"
6861,PLANE,"'',#21562"
6862,PLANE,"'',#21563"
6863,PLANE,"'',#21566"
6864,PLANE,"'',#21567"
6865,PLANE,"'',#21570"
6866,PLANE,"'',#21571"
6867,PLANE,"'',#21574"
6868,PLANE,"'',#21577"
6869,PLANE,"'',#21578"
6870,PLANE,"'',#21581"
6871,PLANE,"'',#21583"
6872,PLANE,"'',#21584"
6873,PLANE,"'',#21587"
6874,PLANE,"'',#21588"
6875,PLANE,"'',#21591"
6876,PLANE,"'',#21592"
6877,PLANE,"'',#21596"
6878,PLANE,"'',#21597"
6879,PLANE,"'',#21600"
6880,PLANE,"'',#21601"
6881,PLANE,"'',#21604"
6882,PLANE,"'',#21605"
6883,PLANE,"'',#21608"
6884,PLANE,"'',#21609"
6885,PLANE,"'',#21612"
6886,PLANE,"'',#21613"
6887,PLANE,"'',#21617"
6888,PLANE,"'',#21618"
6889,PLANE,"'',#21627"
6890,PLANE,"'',#21638"
6891,PLANE,"'',#21649"
6892,PLANE,"'',#21660"
6893,PLANE,"'',#21706"
6894,PLANE,"'',#21707"
6895,PLANE,"'',#21708"
6896,PLANE,"'',#21709"
6897,PLANE,"'',#21722"
6898,PLANE,"'',#21723"
6899,PLANE,"'',#21724"
6900,PLANE,"'',#21725"
6901,PLANE,"'',#21726"
6902,PLANE,"'',#21731"
6903,PLANE,"'',#21744"
6904,PLANE,"'',#21745"
6905,PLANE,"'',#21746"
6906,PLANE,"'',#21747"
6907,PLANE,"'',#21748"
6908,PLANE,"'',#21753"
6909,PLANE,"'',#21754"
6910,PLANE,"'',#21755"
6911,PLANE,"'',#21756"
6912,PLANE,"'',#21757"
6913,PLANE,"'',#21831"
6914,PLANE,"'',#21832"
6915,PLANE,"'',#21835"
6916,PLANE,"'',#21836"
6917,PLANE,"'',#21838"
6918,PLANE,"'',#21839"
6919,PLANE,"'',#21840"
6920,PLANE,"'',#21841"
6921,PLANE,"'',#21842"
6922,PLANE,"'',#21843"
6923,PLANE,"'',#21844"
6924,PLANE,"'',#21845"
6925,PLANE,"'',#21846"
6926,PLANE,"'',#21847"
6927,PLANE,"'',#21848"
6928,PLANE,"'',#21849"
6929,PLANE,"'',#21850"
6930,PLANE,"'',#21851"
6931,PLANE,"'',#21852"
6932,PLANE,"'',#21853"
6933,PLANE,"'',#21854"
6934,PLANE,"'',#21855"
6935,PLANE,"'',#21856"
6936,PLANE,"'',#21857"
6937,PLANE,"'',#21858"
6938,PLANE,"'',#21859"
6939,PLANE,"'',#21860"
6940,PLANE,"'',#21861"
6941,PLANE,"'',#21863"
6942,PLANE,"'',#21864"
6943,PLANE,"'',#21865"
6944,PLANE,"'',#21866"
6945,PLANE,"'',#21868"
6946,PLANE,"'',#21869"
6947,PLANE,"'',#21870"
6948,PLANE,"'',#21871"
6949,PLANE,"'',#21872"
6950,PLANE,"'',#21873"
6951,PLANE,"'',#21875"
6952,PLANE,"'',#21876"
6953,PLANE,"'',#21877"
6954,PLANE,"'',#21878"
6955,PLANE,"'',#21879"
6956,PLANE,"'',#21880"
6957,PLANE,"'',#21881"
6958,PLANE,"'',#21882"
6959,PLANE,"'',#21883"
6960,PLANE,"'',#21885"
6961,PLANE,"'',#21886"
6962,PLANE,"'',#21887"
6963,PLANE,"'',#21888"
6964,PLANE,"'',#21889"
6965,PLANE,"'',#21890"
6966,PLANE,"'',#21891"
6967,PLANE,"'',#21892"
6968,PLANE,"'',#21893"
6969,PLANE,"'',#21894"
6970,PLANE,"'',#21895"
6971,PLANE,"'',#21896"
6972,PLANE,"'',#21897"
6973,PLANE,"'',#21898"
6974,PLANE,"'',#21899"
6975,PLANE,"'',#21900"
6976,PLANE,"'',#21901"
6977,PLANE,"'',#21902"
6978,PLANE,"'',#21905"
6979,PLANE,"'',#21906"
6980,PLANE,"'',#21909"
6981,PLANE,"'',#21910"
6982,PLANE,"'',#21913"
6983,PLANE,"'',#21914"
6984,PLANE,"'',#21917"
6985,PLANE,"'',#21918"
6986,PLANE,"'',#21921"
6987,PLANE,"'',#21922"
6988,PLANE,"'',#21925"
6989,FACE_BOUND,"'',#7687,.T."
6990,FACE_BOUND,"'',#7688,.T."
6991,FACE_BOUND,"'',#7689,.T."
6992,FACE_BOUND,"'',#7690,.T."
6993,FACE_BOUND,"'',#7691,.T."
6994,FACE_BOUND,"'',#7692,.T."
6995,FACE_BOUND,"'',#7693,.T."
6996,FACE_BOUND,"'',#7694,.T."
6997,FACE_BOUND,"'',#7695,.T."
6998,FACE_BOUND,"'',#7696,.T."
6999,FACE_BOUND,"'',#7697,.T."
7000,FACE_BOUND,"'',#7698,.T."
7001,FACE_BOUND,"'',#7699,.T."
7002,FACE_BOUND,"'',#7700,.T."
7003,FACE_BOUND,"'',#7701,.T."
7004,FACE_BOUND,"'',#7702,.T."
7005,FACE_BOUND,"'',#7703,.T."
7006,FACE_BOUND,"'',#7704,.T."
7007,FACE_BOUND,"'',#7705,.T."
7008,FACE_BOUND,"'',#7706,.T."
7009,FACE_BOUND,"'',#7707,.T."
7010,FACE_BOUND,"'',#7708,.T."
7011,FACE_BOUND,"'',#7709,.T."
7012,FACE_BOUND,"'',#7710,.T."
7013,FACE_BOUND,"'',#7711,.T."
7014,FACE_BOUND,"'',#7712,.T."
7015,FACE_BOUND,"'',#7713,.T."
7016,FACE_BOUND,"'',#7714,.T."
7017,FACE_BOUND,"'',#7715,.T."
7018,FACE_BOUND,"'',#7716,.T."
7019,FACE_BOUND,"'',#7717,.T."
7020,FACE_BOUND,"'',#7718,.T."
7021,FACE_BOUND,"'',#7719,.T."
7022,FACE_BOUND,"'',#7720,.T."
7023,FACE_BOUND,"'',#7721,.T."
7024,FACE_BOUND,"'',#7722,.T."
7025,FACE_BOUND,"'',#7723,.T."
7026,FACE_BOUND,"'',#7724,.T."
7027,FACE_BOUND,"'',#7725,.T."
7028,FACE_BOUND,"'',#7726,.T."
7029,FACE_BOUND,"'',#7727,.T."
7030,FACE_BOUND,"'',#7728,.T."
7031,FACE_BOUND,"'',#7729,.T."
7032,FACE_BOUND,"'',#7730,.T."
7033,FACE_BOUND,"'',#7731,.T."
7034,FACE_BOUND,"'',#7732,.T."
7035,FACE_BOUND,"'',#7733,.T."
7036,FACE_BOUND,"'',#7734,.T."
7037,FACE_BOUND,"'',#7735,.T."
7038,FACE_BOUND,"'',#7736,.T."
7039,FACE_BOUND,"'',#7737,.T."
7040,FACE_BOUND,"'',#7738,.T."
7041,FACE_BOUND,"'',#7739,.T."
7042,FACE_BOUND,"'',#7740,.T."
7043,FACE_BOUND,"'',#7743,.T."
7044,FACE_BOUND,"'',#7744,.T."
7045,FACE_BOUND,"'',#7745,.T."
7046,FACE_BOUND,"'',#7746,.T."
7047,FACE_BOUND,"'',#7747,.T."
7048,FACE_BOUND,"'',#7748,.T."
7049,FACE_BOUND,"'',#7749,.T."
7050,FACE_BOUND,"'',#7750,.T."
7051,FACE_BOUND,"'',#7751,.T."
7052,FACE_BOUND,"'',#7752,.T."
7053,FACE_BOUND,"'',#7753,.T."
7054,FACE_BOUND,"'',#7754,.T."
7055,FACE_BOUND,"'',#7755,.T."
7056,FACE_BOUND,"'',#7756,.T."
7057,FACE_BOUND,"'',#7757,.T."
7058,FACE_BOUND,"'',#7758,.T."
7059,FACE_BOUND,"'',#7759,.T."
7060,FACE_BOUND,"'',#7760,.T."
7061,FACE_BOUND,"'',#7761,.T."
7062,FACE_BOUND,"'',#7762,.T."
7063,FACE_BOUND,"'',#7763,.T."
7064,FACE_BOUND,"'',#7764,.T."
7065,FACE_BOUND,"'',#7765,.T."
7066,FACE_BOUND,"'',#7766,.T."
7067,FACE_BOUND,"'',#7767,.T."
7068,FACE_BOUND,"'',#7768,.T."
7069,FACE_BOUND,"'',#7769,.T."
7070,FACE_BOUND,"'',#7770,.T."
7071,FACE_BOUND,"'',#7771,.T."
7072,FACE_BOUND,"'',#7772,.T."
7073,FACE_BOUND,"'',#7773,.T."
7074,FACE_BOUND,"'',#7774,.T."
7075,FACE_BOUND,"'',#7775,.T."
7076,FACE_BOUND,"'',#7776,.T."
7077,FACE_BOUND,"'',#7777,.T."
7078,FACE_BOUND,"'',#7778,.T."
7079,FACE_BOUND,"'',#7779,.T."
7080,FACE_BOUND,"'',#7780,.T."
7081,FACE_BOUND,"'',#7781,.T."
7082,FACE_BOUND,"'',#7782,.T."
7083,FACE_BOUND,"'',#7783,.T."
7084,FACE_BOUND,"'',#7784,.T."
7085,FACE_BOUND,"'',#7785,.T."
7086,FACE_BOUND,"'',#7786,.T."
7087,FACE_BOUND,"'',#7787,.T."
7088,FACE_BOUND,"'',#7788,.T."
7089,FACE_BOUND,"'',#7789,.T."
7090,FACE_BOUND,"'',#7790,.T."
7091,FACE_BOUND,"'',#7791,.T."
7092,FACE_BOUND,"'',#7792,.T."
7093,FACE_BOUND,"'',#7793,.T."
7094,FACE_BOUND,"'',#7794,.T."
7095,FACE_BOUND,"'',#7795,.T."
7096,FACE_BOUND,"'',#7796,.T."
7097,FACE_BOUND,"'',#7797,.T."
7098,FACE_BOUND,"'',#7802,.T."
7099,FACE_BOUND,"'',#7803,.T."
7100,FACE_BOUND,"'',#7804,.T."
7101,FACE_BOUND,"'',#7805,.T."
7102,FACE_BOUND,"'',#7806,.T."
7103,FACE_BOUND,"'',#7807,.T."
7104,FACE_BOUND,"'',#7808,.T."
7105,FACE_BOUND,"'',#7809,.T."
7106,FACE_BOUND,"'',#7810,.T."
7107,FACE_BOUND,"'',#7811,.T."
7108,FACE_BOUND,"'',#7812,.T."
7109,FACE_BOUND,"'',#7813,.T."
7110,FACE_BOUND,"'',#7814,.T."
7111,FACE_BOUND,"'',#7815,.T."
7112,FACE_BOUND,"'',#7816,.T."
7113,FACE_BOUND,"'',#7817,.T."
7114,FACE_BOUND,"'',#7818,.T."
7115,FACE_BOUND,"'',#7819,.T."
7116,FACE_BOUND,"'',#7820,.T."
7117,FACE_BOUND,"'',#7821,.T."
7118,FACE_BOUND,"'',#7822,.T."
7119,FACE_BOUND,"'',#7823,.T."
7120,FACE_BOUND,"'',#7824,.T."
7121,FACE_BOUND,"'',#7825,.T."
7122,FACE_BOUND,"'',#7826,.T."
7123,FACE_BOUND,"'',#7827,.T."
7124,FACE_BOUND,"'',#7828,.T."
7125,FACE_BOUND,"'',#7829,.T."
7126,FACE_BOUND,"'',#7830,.T."
7127,FACE_BOUND,"'',#7831,.T."
7128,FACE_BOUND,"'',#7832,.T."
7129,FACE_BOUND,"'',#7833,.T."
7130,FACE_BOUND,"'',#7834,.T."
7131,FACE_BOUND,"'',#7835,.T."
7132,FACE_BOUND,"'',#7836,.T."
7133,FACE_BOUND,"'',#7837,.T."
7134,FACE_BOUND,"'',#7838,.T."
7135,FACE_BOUND,"'',#7839,.T."
7136,FACE_BOUND,"'',#7840,.T."
7137,FACE_BOUND,"'',#7841,.T."
7138,FACE_BOUND,"'',#7842,.T."
7139,FACE_BOUND,"'',#7843,.T."
7140,FACE_BOUND,"'',#7844,.T."
7141,FACE_BOUND,"'',#7845,.T."
7142,FACE_BOUND,"'',#7846,.T."
7143,FACE_BOUND,"'',#7847,.T."
7144,FACE_BOUND,"'',#7848,.T."
7145,FACE_BOUND,"'',#7849,.T."
7146,FACE_BOUND,"'',#7850,.T."
7147,FACE_BOUND,"'',#7851,.T."
7148,FACE_BOUND,"'',#7852,.T."
7149,FACE_BOUND,"'',#7853,.T."
7150,FACE_BOUND,"'',#7854,.T."
7151,FACE_BOUND,"'',#7855,.T."
7152,FACE_BOUND,"'',#7856,.T."
7153,FACE_BOUND,"'',#7857,.T."
7154,FACE_BOUND,"'',#7858,.T."
7155,FACE_BOUND,"'',#7879,.T."
7156,FACE_BOUND,"'',#7880,.T."
7157,FACE_BOUND,"'',#7881,.T."
7158,FACE_BOUND,"'',#7882,.T."
7159,FACE_BOUND,"'',#7883,.T."
7160,FACE_BOUND,"'',#7884,.T."
7161,FACE_BOUND,"'',#7885,.T."
7162,FACE_BOUND,"'',#7886,.T."
7163,FACE_BOUND,"'',#7887,.T."
7164,FACE_BOUND,"'',#7888,.T."
7165,FACE_BOUND,"'',#7889,.T."
7166,FACE_BOUND,"'',#7890,.T."
7167,FACE_BOUND,"'',#7891,.T."
7168,FACE_BOUND,"'',#7892,.T."
7169,FACE_BOUND,"'',#7893,.T."
7170,FACE_BOUND,"'',#7894,.T."
7171,FACE_BOUND,"'',#7895,.T."
7172,FACE_BOUND,"'',#7896,.T."
7173,FACE_BOUND,"'',#7897,.T."
7174,FACE_BOUND,"'',#1149,.T."
7175,FACE_BOUND,"'',#7898,.T."
7176,FACE_BOUND,"'',#7899,.T."
7177,FACE_BOUND,"'',#7900,.T."
7178,FACE_BOUND,"'',#1150,.T."
7179,FACE_BOUND,"'',#7901,.T."
7180,FACE_BOUND,"'',#7902,.T."
7181,FACE_BOUND,"'',#7903,.T."
7182,FACE_BOUND,"'',#1151,.T."
7183,FACE_BOUND,"'',#7904,.T."
7184,FACE_BOUND,"'',#7905,.T."
7185,FACE_BOUND,"'',#7906,.T."
7186,FACE_BOUND,"'',#1152,.T."
7187,FACE_BOUND,"'',#7914,.T."
7188,FACE_BOUND,"'',#7915,.T."
7189,FACE_BOUND,"'',#7916,.T."
7190,FACE_BOUND,"'',#7917,.T."
7191,FACE_BOUND,"'',#7918,.T."
7192,FACE_BOUND,"'',#7919,.T."
7193,FACE_BOUND,"'',#7920,.T."
7194,FACE_BOUND,"'',#7921,.T."
7195,FACE_BOUND,"'',#7922,.T."
7196,FACE_BOUND,"'',#7923,.T."
7197,FACE_BOUND,"'',#7924,.T."
7198,FACE_BOUND,"'',#7925,.T."
7199,FACE_BOUND,"'',#7926,.T."
7200,FACE_BOUND,"'',#7927,.T."
7201,FACE_BOUND,"'',#7928,.T."
7202,FACE_BOUND,"'',#7929,.T."
7203,FACE_BOUND,"'',#7930,.T."
7204,FACE_BOUND,"'',#7931,.T."
7205,FACE_BOUND,"'',#7932,.T."
7206,FACE_BOUND,"'',#7933,.T."
7207,FACE_BOUND,"'',#7934,.T."
7208,FACE_BOUND,"'',#7935,.T."
7209,FACE_BOUND,"'',#7936,.T."
7210,FACE_BOUND,"'',#7937,.T."
7211,FACE_BOUND,"'',#7938,.T."
7212,FACE_BOUND,"'',#7939,.T."
7213,FACE_BOUND,"'',#7940,.T."
7214,FACE_BOUND,"'',#7941,.T."
7215,FACE_BOUND,"'',#7942,.T."
7216,FACE_BOUND,"'',#1153,.T."
7217,FACE_BOUND,"'',#7943,.T."
7218,FACE_BOUND,"'',#7950,.T."
7219,FACE_BOUND,"'',#7951,.T."
7220,FACE_BOUND,"'',#7952,.T."
7221,FACE_BOUND,"'',#1154,.T."
7222,FACE_BOUND,"'',#7953,.T."
7223,FACE_BOUND,"'',#7960,.T."
7224,FACE_BOUND,"'',#7961,.T."
7225,FACE_BOUND,"'',#7962,.T."
7226,FACE_BOUND,"'',#1155,.T."
7227,FACE_BOUND,"'',#7963,.T."
7228,FACE_BOUND,"'',#7970,.T."
7229,FACE_BOUND,"'',#7971,.T."
7230,FACE_BOUND,"'',#7972,.T."
7231,FACE_BOUND,"'',#1156,.T."
7232,FACE_BOUND,"'',#7973,.T."
7233,FACE_BOUND,"'',#7980,.T."
7234,FACE_BOUND,"'',#7981,.T."
7235,FACE_BOUND,"'',#7982,.T."
7236,FACE_BOUND,"'',#1157,.T."
7237,FACE_BOUND,"'',#7983,.T."
7238,FACE_BOUND,"'',#8002,.T."
7239,FACE_BOUND,"'',#8003,.T."
7240,FACE_BOUND,"'',#8025,.T."
7241,FACE_BOUND,"'',#8026,.T."
7242,FACE_BOUND,"'',#8067,.T."
7243,FACE_BOUND,"'',#8068,.T."
7244,FACE_BOUND,"'',#8070,.T."
7245,FACE_BOUND,"'',#8071,.T."
7246,FACE_BOUND,"'',#8072,.T."
7247,FACE_BOUND,"'',#8073,.T."
7248,FACE_BOUND,"'',#8074,.T."
7249,FACE_BOUND,"'',#8076,.T."
7250,FACE_BOUND,"'',#8077,.T."
7251,FACE_BOUND,"'',#8085,.T."
7252,FACE_BOUND,"'',#8086,.T."
7253,FACE_BOUND,"'',#8087,.T."
7254,FACE_BOUND,"'',#1158,.T."
7255,FACE_BOUND,"'',#8088,.T."
7256,FACE_BOUND,"'',#8095,.T."
7257,FACE_BOUND,"'',#8096,.T."
7258,FACE_BOUND,"'',#8097,.T."
7259,FACE_BOUND,"'',#1159,.T."
7260,FACE_BOUND,"'',#8098,.T."
7261,FACE_BOUND,"'',#8105,.T."
7262,FACE_BOUND,"'',#8106,.T."
7263,FACE_BOUND,"'',#8107,.T."
7264,FACE_BOUND,"'',#8108,.T."
7265,FACE_BOUND,"'',#8109,.T."
7266,FACE_BOUND,"'',#8110,.T."
7267,FACE_BOUND,"'',#8111,.T."
7268,FACE_BOUND,"'',#8112,.T."
7269,FACE_BOUND,"'',#8113,.T."
7270,FACE_BOUND,"'',#8114,.T."
7271,FACE_BOUND,"'',#8115,.T."
7272,FACE_BOUND,"'',#8116,.T."
7273,FACE_BOUND,"'',#8117,.T."
7274,FACE_BOUND,"'',#8118,.T."
7275,FACE_BOUND,"'',#8119,.T."
7276,FACE_BOUND,"'',#8120,.T."
7277,FACE_BOUND,"'',#8147,.T."
7278,FACE_BOUND,"'',#8148,.T."
7279,FACE_BOUND,"'',#8204,.T."
7280,FACE_BOUND,"'',#8205,.T."
7281,FACE_BOUND,"'',#8261,.T."
7282,FACE_BOUND,"'',#8262,.T."
7283,FACE_BOUND,"'',#8318,.T."
7284,FACE_BOUND,"'',#8319,.T."
7285,FACE_BOUND,"'',#8382,.T."
7286,FACE_BOUND,"'',#8383,.T."
7287,FACE_BOUND,"'',#8439,.T."
7288,FACE_BOUND,"'',#8440,.T."
7289,FACE_BOUND,"'',#8470,.T."
7290,FACE_BOUND,"'',#8471,.T."
7291,FACE_BOUND,"'',#8472,.T."
7292,FACE_BOUND,"'',#8473,.T."
7293,FACE_BOUND,"'',#8474,.T."
7294,FACE_BOUND,"'',#8475,.T."
7295,FACE_BOUND,"'',#8476,.T."
7296,FACE_BOUND,"'',#8477,.T."
7297,FACE_BOUND,"'',#8478,.T."
7298,FACE_BOUND,"'',#8479,.T."
7299,FACE_BOUND,"'',#8480,.T."
7300,FACE_BOUND,"'',#8481,.T."
7301,FACE_BOUND,"'',#8482,.T."
7302,FACE_BOUND,"'',#8483,.T."
7303,FACE_BOUND,"'',#8484,.T."
7304,FACE_BOUND,"'',#8485,.T."
7305,FACE_BOUND,"'',#8525,.T."
7306,FACE_BOUND,"'',#8526,.T."
7307,FACE_BOUND,"'',#8542,.T."
7308,FACE_BOUND,"'',#8543,.T."
7309,FACE_BOUND,"'',#8544,.T."
7310,FACE_BOUND,"'',#8545,.T."
7311,FACE_BOUND,"'',#8546,.T."
7312,FACE_BOUND,"'',#8547,.T."
7313,FACE_BOUND,"'',#8548,.T."
7314,FACE_BOUND,"'',#8549,.T."
7315,FACE_BOUND,"'',#8550,.T."
7316,FACE_BOUND,"'',#8551,.T."
7317,FACE_BOUND,"'',#8558,.T."
7318,FACE_BOUND,"'',#8559,.T."
7319,FACE_BOUND,"'',#8562,.T."
7320,FACE_BOUND,"'',#8563,.T."
7321,FACE_BOUND,"'',#8564,.T."
7322,FACE_BOUND,"'',#8565,.T."
7323,FACE_BOUND,"'',#8566,.T."
7324,FACE_BOUND,"'',#8568,.T."
7325,FACE_BOUND,"'',#8569,.T."
7326,FACE_BOUND,"'',#8570,.T."
7327,FACE_BOUND,"'',#8571,.T."
7328,FACE_BOUND,"'',#8572,.T."
7329,FACE_BOUND,"'',#8574,.T."
7330,FACE_BOUND,"'',#8575,.T."
7331,FACE_BOUND,"'',#8578,.T."
7332,FACE_BOUND,"'',#8579,.T."
7333,FACE_BOUND,"'',#8580,.T."
7334,FACE_BOUND,"'',#8581,.T."
7335,FACE_BOUND,"'',#8582,.T."
7336,FACE_BOUND,"'',#8584,.T."
7337,FACE_BOUND,"'',#8585,.T."
7338,FACE_BOUND,"'',#8586,.T."
7339,FACE_BOUND,"'',#8587,.T."
7340,FACE_BOUND,"'',#8588,.T."
7341,FACE_BOUND,"'',#8589,.T."
7342,FACE_BOUND,"'',#8590,.T."
7343,FACE_BOUND,"'',#8592,.T."
7344,FACE_BOUND,"'',#8593,.T."
7345,FACE_BOUND,"'',#8595,.T."
7346,FACE_BOUND,"'',#8596,.T."
7347,FACE_BOUND,"'',#8598,.T."
7348,FACE_BOUND,"'',#8599,.T."
7349,FACE_BOUND,"'',#8601,.T."
7350,FACE_BOUND,"'',#8602,.T."
7351,FACE_BOUND,"'',#8604,.T."
7352,FACE_BOUND,"'',#8605,.T."
7353,FACE_BOUND,"'',#8607,.T."
7354,FACE_BOUND,"'',#8608,.T."
7355,FACE_BOUND,"'',#8610,.T."
7356,FACE_BOUND,"'',#8611,.T."
7357,FACE_BOUND,"'',#8613,.T."
7358,FACE_BOUND,"'',#8614,.T."
7359,FACE_BOUND,"'',#8615,.T."
7360,FACE_BOUND,"'',#8616,.T."
7361,FACE_BOUND,"'',#8617,.T."
7362,FACE_BOUND,"'',#8618,.T."
7363,FACE_BOUND,"'',#8619,.T."
7364,FACE_BOUND,"'',#8620,.T."
7365,FACE_BOUND,"'',#8621,.T."
7366,FACE_BOUND,"'',#8622,.T."
7367,FACE_BOUND,"'',#8623,.T."
7368,FACE_BOUND,"'',#8624,.T."
7369,FACE_BOUND,"'',#8705,.T."
7370,FACE_BOUND,"'',#8706,.T."
7371,FACE_BOUND,"'',#8707,.T."
7372,FACE_BOUND,"'',#8708,.T."
7373,FACE_BOUND,"'',#8709,.T."
7374,FACE_BOUND,"'',#8710,.T."
7375,FACE_BOUND,"'',#8711,.T."
7376,FACE_BOUND,"'',#8712,.T."
7377,FACE_BOUND,"'',#8713,.T."
7378,FACE_BOUND,"'',#8714,.T."
7379,FACE_BOUND,"'',#8715,.T."
7380,FACE_BOUND,"'',#8716,.T."
7381,FACE_BOUND,"'',#8717,.T."
7382,FACE_BOUND,"'',#8718,.T."
7383,FACE_BOUND,"'',#8719,.T."
7384,FACE_BOUND,"'',#8720,.T."
7385,FACE_BOUND,"'',#8721,.T."
7386,FACE_BOUND,"'',#8722,.T."
7387,FACE_BOUND,"'',#8723,.T."
7388,FACE_BOUND,"'',#8724,.T."
7389,FACE_BOUND,"'',#8725,.T."
7390,FACE_BOUND,"'',#8726,.T."
7391,FACE_BOUND,"'',#8727,.T."
7392,FACE_BOUND,"'',#8728,.T."
7393,FACE_BOUND,"'',#8729,.T."
7394,FACE_BOUND,"'',#8730,.T."
7395,FACE_BOUND,"'',#8731,.T."
7396,FACE_BOUND,"'',#8732,.T."
7397,FACE_BOUND,"'',#8733,.T."
7398,FACE_BOUND,"'',#8734,.T."
7399,FACE_BOUND,"'',#8735,.T."
7400,FACE_BOUND,"'',#8736,.T."
7401,FACE_BOUND,"'',#8737,.T."
7402,FACE_BOUND,"'',#8738,.T."
7403,FACE_BOUND,"'',#8739,.T."
7404,FACE_BOUND,"'',#8740,.T."
7405,FACE_BOUND,"'',#8741,.T."
7406,FACE_BOUND,"'',#8742,.T."
7407,FACE_BOUND,"'',#8743,.T."
7408,FACE_BOUND,"'',#8744,.T."
7409,FACE_BOUND,"'',#8745,.T."
7410,FACE_BOUND,"'',#8746,.T."
7411,FACE_BOUND,"'',#8747,.T."
7412,FACE_BOUND,"'',#8748,.T."
7413,FACE_BOUND,"'',#8749,.T."
7414,FACE_BOUND,"'',#8750,.T."
7415,FACE_BOUND,"'',#8751,.T."
7416,FACE_BOUND,"'',#8752,.T."
7417,FACE_BOUND,"'',#8753,.T."
7418,FACE_BOUND,"'',#8754,.T."
7419,FACE_BOUND,"'',#8755,.T."
7420,FACE_BOUND,"'',#8756,.T."
7421,FACE_BOUND,"'',#8757,.T."
7422,FACE_BOUND,"'',#8758,.T."
7423,FACE_BOUND,"'',#8759,.T."
7424,FACE_BOUND,"'',#8760,.T."
7425,FACE_BOUND,"'',#8761,.T."
7426,FACE_BOUND,"'',#8762,.T."
7427,FACE_BOUND,"'',#8763,.T."
7428,FACE_BOUND,"'',#8764,.T."
7429,FACE_BOUND,"'',#8765,.T."
7430,FACE_BOUND,"'',#8766,.T."
7431,FACE_BOUND,"'',#8767,.T."
7432,FACE_BOUND,"'',#8768,.T."
7433,FACE_BOUND,"'',#8769,.T."
7434,FACE_BOUND,"'',#8770,.T."
7435,FACE_BOUND,"'',#8771,.T."
7436,FACE_BOUND,"'',#8772,.T."
7437,FACE_BOUND,"'',#8773,.T."
7438,FACE_BOUND,"'',#8774,.T."
7439,FACE_BOUND,"'',#8775,.T."
7440,FACE_BOUND,"'',#8776,.T."
7441,FACE_BOUND,"'',#8777,.T."
7442,FACE_BOUND,"'',#8778,.T."
7443,FACE_BOUND,"'',#8779,.T."
7444,FACE_BOUND,"'',#8780,.T."
7445,FACE_BOUND,"'',#8781,.T."
7446,FACE_BOUND,"'',#8782,.T."
7447,FACE_BOUND,"'',#8783,.T."
7448,FACE_BOUND,"'',#8784,.T."
7449,FACE_BOUND,"'',#8785,.T."
7450,FACE_BOUND,"'',#8786,.T."
7451,FACE_BOUND,"'',#8787,.T."
7452,FACE_BOUND,"'',#8788,.T."
7453,FACE_BOUND,"'',#8789,.T."
7454,FACE_BOUND,"'',#8790,.T."
7455,FACE_BOUND,"'',#8791,.T."
7456,FACE_BOUND,"'',#8792,.T."
7457,FACE_BOUND,"'',#8793,.T."
7458,FACE_BOUND,"'',#8794,.T."
7459,FACE_BOUND,"'',#8795,.T."
7460,FACE_BOUND,"'',#8796,.T."
7461,FACE_BOUND,"'',#8797,.T."
7462,FACE_BOUND,"'',#8798,.T."
7463,FACE_BOUND,"'',#8799,.T."
7464,FACE_BOUND,"'',#8800,.T."
7465,FACE_BOUND,"'',#8801,.T."
7466,FACE_BOUND,"'',#8802,.T."
7467,FACE_BOUND,"'',#8803,.T."
7468,FACE_BOUND,"'',#8804,.T."
7469,FACE_BOUND,"'',#8805,.T."
7470,FACE_BOUND,"'',#8806,.T."
7471,FACE_BOUND,"'',#8807,.T."
7472,FACE_BOUND,"'',#8808,.T."
7473,FACE_BOUND,"'',#8809,.T."
7474,FACE_BOUND,"'',#8810,.T."
7475,FACE_BOUND,"'',#8811,.T."
7476,FACE_BOUND,"'',#8812,.T."
7477,FACE_BOUND,"'',#8813,.T."
7478,FACE_BOUND,"'',#8814,.T."
7479,FACE_BOUND,"'',#8815,.T."
7480,FACE_BOUND,"'',#8816,.T."
7481,FACE_BOUND,"'',#8817,.T."
7482,FACE_BOUND,"'',#8818,.T."
7483,FACE_BOUND,"'',#8819,.T."
7484,FACE_BOUND,"'',#8820,.T."
7485,FACE_BOUND,"'',#8897,.T."
7486,FACE_BOUND,"'',#8898,.T."
7487,FACE_BOUND,"'',#8899,.T."
7488,FACE_BOUND,"'',#8900,.T."
7489,FACE_BOUND,"'',#8901,.T."
7490,FACE_BOUND,"'',#8902,.T."
7491,FACE_BOUND,"'',#8903,.T."
7492,FACE_BOUND,"'',#8904,.T."
7493,FACE_BOUND,"'',#8905,.T."
7494,FACE_BOUND,"'',#8906,.T."
7495,FACE_BOUND,"'',#8907,.T."
7496,FACE_BOUND,"'',#8908,.T."
7497,FACE_BOUND,"'',#8909,.T."
7498,FACE_BOUND,"'',#8910,.T."
7499,FACE_BOUND,"'',#8911,.T."
7500,FACE_BOUND,"'',#8912,.T."
7501,FACE_BOUND,"'',#8913,.T."
7502,FACE_BOUND,"'',#8914,.T."
7503,FACE_BOUND,"'',#8915,.T."
7504,FACE_BOUND,"'',#8916,.T."
7505,FACE_BOUND,"'',#8917,.T."
7506,FACE_BOUND,"'',#8918,.T."
7507,FACE_BOUND,"'',#8919,.T."
7508,FACE_BOUND,"'',#8920,.T."
7509,FACE_BOUND,"'',#8921,.T."
7510,FACE_BOUND,"'',#8922,.T."
7511,FACE_BOUND,"'',#8923,.T."
7512,FACE_BOUND,"'',#8924,.T."
7513,FACE_BOUND,"'',#8925,.T."
7514,FACE_BOUND,"'',#8926,.T."
7515,FACE_BOUND,"'',#8927,.T."
7516,FACE_BOUND,"'',#8928,.T."
7517,FACE_BOUND,"'',#8929,.T."
7518,FACE_BOUND,"'',#8930,.T."
7519,FACE_BOUND,"'',#8931,.T."
7520,FACE_BOUND,"'',#8932,.T."
7521,FACE_BOUND,"'',#8933,.T."
7522,FACE_BOUND,"'',#8934,.T."
7523,FACE_BOUND,"'',#8935,.T."
7524,FACE_BOUND,"'',#8936,.T."
7525,FACE_BOUND,"'',#8937,.T."
7526,FACE_BOUND,"'',#8938,.T."
7527,FACE_BOUND,"'',#8939,.T."
7528,FACE_BOUND,"'',#8940,.T."
7529,FACE_BOUND,"'',#8941,.T."
7530,FACE_BOUND,"'',#8942,.T."
7531,FACE_BOUND,"'',#8943,.T."
7532,FACE_BOUND,"'',#8944,.T."
7533,FACE_BOUND,"'',#8945,.T."
7534,FACE_BOUND,"'',#8946,.T."
7535,FACE_BOUND,"'',#8947,.T."
7536,FACE_BOUND,"'',#8948,.T."
7537,FACE_BOUND,"'',#8949,.T."
7538,FACE_BOUND,"'',#8950,.T."
7539,FACE_BOUND,"'',#8951,.T."
7540,FACE_BOUND,"'',#1160,.T."
7541,FACE_BOUND,"'',#8952,.T."
7542,FACE_BOUND,"'',#8953,.T."
7543,FACE_BOUND,"'',#8954,.T."
7544,FACE_BOUND,"'',#8955,.T."
7545,FACE_BOUND,"'',#8956,.T."
7546,FACE_BOUND,"'',#1161,.T."
7547,FACE_BOUND,"'',#8957,.T."
7548,FACE_BOUND,"'',#8958,.T."
7549,FACE_BOUND,"'',#8959,.T."
7550,FACE_BOUND,"'',#8960,.T."
7551,FACE_BOUND,"'',#8961,.T."
7552,FACE_BOUND,"'',#1162,.T."
7553,FACE_BOUND,"'',#8962,.T."
7554,FACE_BOUND,"'',#8963,.T."
7555,FACE_BOUND,"'',#8964,.T."
7556,FACE_BOUND,"'',#8965,.T."
7557,FACE_BOUND,"'',#8966,.T."
7558,FACE_BOUND,"'',#1163,.T."
7559,FACE_BOUND,"'',#8967,.T."
7560,FACE_BOUND,"'',#8968,.T."
7561,FACE_BOUND,"'',#8969,.T."
7562,FACE_BOUND,"'',#8970,.T."
7563,FACE_BOUND,"'',#8971,.T."
7564,FACE_BOUND,"'',#1164,.T."
7565,FACE_BOUND,"'',#8972,.T."
7566,FACE_BOUND,"'',#8973,.T."
7567,FACE_BOUND,"'',#8974,.T."
7568,FACE_BOUND,"'',#8975,.T."
7569,FACE_BOUND,"'',#8976,.T."
7570,FACE_BOUND,"'',#1165,.T."
7571,FACE_BOUND,"'',#8977,.T."
7572,FACE_BOUND,"'',#8978,.T."
7573,FACE_BOUND,"'',#8979,.T."
7574,FACE_BOUND,"'',#8980,.T."
7575,FACE_BOUND,"'',#8981,.T."
7576,FACE_BOUND,"'',#1166,.T."
7577,FACE_BOUND,"'',#8982,.T."
7578,FACE_BOUND,"'',#8983,.T."
7579,FACE_BOUND,"'',#8984,.T."
7580,FACE_BOUND,"'',#8985,.T."
7581,FACE_BOUND,"'',#8986,.T."
7582,FACE_BOUND,"'',#1167,.T."
7583,FACE_BOUND,"'',#8987,.T."
7584,FACE_BOUND,"'',#8988,.T."
7585,FACE_BOUND,"'',#8993,.T."
7586,FACE_BOUND,"'',#8994,.T."
7587,FACE_BOUND,"'',#8995,.T."
7588,FACE_BOUND,"'',#8996,.T."
7589,FACE_BOUND,"'',#8997,.T."
7590,FACE_BOUND,"'',#8998,.T."
7591,FACE_BOUND,"'',#9004,.T."
7592,FACE_BOUND,"'',#9005,.T."
7593,FACE_BOUND,"'',#9006,.T."
7594,FACE_BOUND,"'',#9007,.T."
7595,FACE_BOUND,"'',#9008,.T."
7596,FACE_BOUND,"'',#9009,.T."
7597,FACE_BOUND,"'',#9027,.T."
7598,FACE_BOUND,"'',#9028,.T."
7599,FACE_BOUND,"'',#9029,.T."
7600,FACE_BOUND,"'',#1168,.T."
7601,FACE_BOUND,"'',#9030,.T."
7602,FACE_BOUND,"'',#9031,.T."
7603,FACE_BOUND,"'',#9032,.T."
7604,FACE_BOUND,"'',#9033,.T."
7605,FACE_BOUND,"'',#9034,.T."
7606,FACE_BOUND,"'',#1169,.T."
7607,FACE_BOUND,"'',#9035,.T."
7608,FACE_BOUND,"'',#9036,.T."
7609,FACE_BOUND,"'',#9037,.T."
7610,FACE_BOUND,"'',#9038,.T."
7611,FACE_BOUND,"'',#9039,.T."
7612,FACE_BOUND,"'',#1170,.T."
7613,FACE_BOUND,"'',#9040,.T."
7614,FACE_BOUND,"'',#9041,.T."
7615,FACE_BOUND,"'',#9042,.T."
7616,FACE_BOUND,"'',#9043,.T."
7617,FACE_BOUND,"'',#9044,.T."
7618,FACE_BOUND,"'',#1171,.T."
7619,FACE_BOUND,"'',#9045,.T."
7620,FACE_BOUND,"'',#9046,.T."
7621,FACE_BOUND,"'',#9055,.T."
7622,FACE_BOUND,"'',#9056,.T."
7623,FACE_BOUND,"'',#9057,.T."
7624,FACE_BOUND,"'',#1172,.T."
7625,FACE_BOUND,"'',#9058,.T."
7626,FACE_BOUND,"'',#9059,.T."
7627,FACE_BOUND,"'',#9060,.T."
7628,FACE_BOUND,"'',#9061,.T."
7629,FACE_BOUND,"'',#9062,.T."
7630,FACE_BOUND,"'',#1173,.T."
7631,FACE_BOUND,"'',#9063,.T."
7632,FACE_BOUND,"'',#9064,.T."
7633,FACE_BOUND,"'',#9065,.T."
7634,FACE_BOUND,"'',#9066,.T."
7635,FACE_BOUND,"'',#9067,.T."
7636,FACE_BOUND,"'',#1174,.T."
7637,FACE_BOUND,"'',#9068,.T."
7638,FACE_BOUND,"'',#9069,.T."
7639,FACE_BOUND,"'',#9070,.T."
7640,FACE_BOUND,"'',#9071,.T."
7641,FACE_BOUND,"'',#9072,.T."
7642,FACE_BOUND,"'',#1175,.T."
7643,FACE_BOUND,"'',#9073,.T."
7644,FACE_BOUND,"'',#9074,.T."
7645,FACE_BOUND,"'',#9171,.T."
7646,FACE_BOUND,"'',#9172,.T."
7647,FACE_BOUND,"'',#9173,.T."
7648,FACE_BOUND,"'',#1176,.T."
7649,FACE_BOUND,"'',#9174,.T."
7650,FACE_BOUND,"'',#9175,.T."
7651,FACE_BOUND,"'',#9176,.T."
7652,FACE_BOUND,"'',#1177,.T."
7653,FACE_BOUND,"'',#9177,.T."
7654,FACE_BOUND,"'',#9178,.T."
7655,FACE_BOUND,"'',#9179,.T."
7656,FACE_BOUND,"'',#9180,.T."
7657,FACE_BOUND,"'',#9181,.T."
7658,FACE_BOUND,"'',#1178,.T."
7659,FACE_BOUND,"'',#9182,.T."
7660,FACE_BOUND,"'',#9183,.T."
7661,FACE_BOUND,"'',#9184,.T."
7662,FACE_BOUND,"'',#9185,.T."
7663,FACE_BOUND,"'',#9186,.T."
7664,FACE_BOUND,"'',#1179,.T."
7665,FACE_BOUND,"'',#9187,.T."
7666,FACE_BOUND,"'',#9188,.T."
7667,FACE_BOUND,"'',#9189,.T."
7668,FACE_BOUND,"'',#9190,.T."
7669,FACE_BOUND,"'',#9191,.T."
7670,FACE_BOUND,"'',#1180,.T."
7671,FACE_BOUND,"'',#9192,.T."
7672,FACE_BOUND,"'',#9193,.T."
7673,FACE_BOUND,"'',#9194,.T."
7674,FACE_BOUND,"'',#9195,.T."
7675,FACE_BOUND,"'',#9196,.T."
7676,FACE_BOUND,"'',#1181,.T."
7677,FACE_BOUND,"'',#9197,.T."
7678,FACE_BOUND,"'',#9198,.T."
7679,FACE_BOUND,"'',#9199,.T."
7680,FACE_BOUND,"'',#9200,.T."
7681,FACE_BOUND,"'',#9201,.T."
7682,FACE_BOUND,"'',#1182,.T."
7683,FACE_BOUND,"'',#9202,.T."
7684,FACE_BOUND,"'',#9203,.T."
7685,FACE_BOUND,"'',#9204,.T."
7686,FACE_BOUND,"'',#9205,.T."
7687,EDGE_LOOP,"'',(#9206)"
7688,EDGE_LOOP,"'',(#9207)"
7689,EDGE_LOOP,"'',(#9208)"
7690,EDGE_LOOP,"'',(#9209)"
7691,EDGE_LOOP,"'',(#9210)"
7692,EDGE_LOOP,"'',(#9211)"
7693,EDGE_LOOP,"'',(#9212)"
7694,EDGE_LOOP,"'',(#9213)"
7695,EDGE_LOOP,"'',(#9214)"
7696,EDGE_LOOP,"'',(#9215)"
7697,EDGE_LOOP,"'',(#9216)"
7698,EDGE_LOOP,"'',(#9217)"
7699,EDGE_LOOP,"'',(#9218)"
7700,EDGE_LOOP,"'',(#9219)"
7701,EDGE_LOOP,"'',(#9220)"
7702,EDGE_LOOP,"'',(#9221)"
7703,EDGE_LOOP,"'',(#9222)"
7704,EDGE_LOOP,"'',(#9223)"
7705,EDGE_LOOP,"'',(#9224)"
7706,EDGE_LOOP,"'',(#9225)"
7707,EDGE_LOOP,"'',(#9226)"
7708,EDGE_LOOP,"'',(#9227)"
7709,EDGE_LOOP,"'',(#9228)"
7710,EDGE_LOOP,"'',(#9229)"
7711,EDGE_LOOP,"'',(#9230)"
7712,EDGE_LOOP,"'',(#9231)"
7714,EDGE_LOOP,"'',(#9242)"
7715,EDGE_LOOP,"'',(#9243)"
7716,EDGE_LOOP,"'',(#9244)"
7717,EDGE_LOOP,"'',(#9245)"
7718,EDGE_LOOP,"'',(#9246)"
7719,EDGE_LOOP,"'',(#9247)"
7720,EDGE_LOOP,"'',(#9248)"
7721,EDGE_LOOP,"'',(#9249)"
7723,EDGE_LOOP,"'',(#9269)"
7724,EDGE_LOOP,"'',(#9270)"
7725,EDGE_LOOP,"'',(#9271)"
7726,EDGE_LOOP,"'',(#9272)"
7727,EDGE_LOOP,"'',(#9273)"
7729,EDGE_LOOP,"'',(#9293)"
7730,EDGE_LOOP,"'',(#9294)"
7731,EDGE_LOOP,"'',(#9295)"
7732,EDGE_LOOP,"'',(#9296)"
7733,EDGE_LOOP,"'',(#9297)"
7735,EDGE_LOOP,"'',(#9317)"
7736,EDGE_LOOP,"'',(#9318)"
7737,EDGE_LOOP,"'',(#9319)"
7738,EDGE_LOOP,"'',(#9320)"
7739,EDGE_LOOP,"'',(#9321)"
7742,EDGE_LOOP,"'',(#9353,#9354,#9355,#9356)"
7743,EDGE_LOOP,"'',(#9357)"
7744,EDGE_LOOP,"'',(#9358)"
7745,EDGE_LOOP,"'',(#9359)"
7746,EDGE_LOOP,"'',(#9360)"
7747,EDGE_LOOP,"'',(#9361)"
7748,EDGE_LOOP,"'',(#9362)"
7749,EDGE_LOOP,"'',(#9363)"
7750,EDGE_LOOP,"'',(#9364)"
7751,EDGE_LOOP,"'',(#9365)"
7752,EDGE_LOOP,"'',(#9366)"
7757,EDGE_LOOP,"'',(#9443)"
7758,EDGE_LOOP,"'',(#9444)"
7759,EDGE_LOOP,"'',(#9445)"
7760,EDGE_LOOP,"'',(#9446)"
7761,EDGE_LOOP,"'',(#9447)"
7762,EDGE_LOOP,"'',(#9448)"
7763,EDGE_LOOP,"'',(#9449)"
7764,EDGE_LOOP,"'',(#9450)"
7765,EDGE_LOOP,"'',(#9451)"
7766,EDGE_LOOP,"'',(#9452,#9453,#9454,#9455)"
7767,EDGE_LOOP,"'',(#9456)"
7768,EDGE_LOOP,"'',(#9457)"
7769,EDGE_LOOP,"'',(#9458)"
7770,EDGE_LOOP,"'',(#9459)"
7771,EDGE_LOOP,"'',(#9460)"
7772,EDGE_LOOP,"'',(#9461)"
7773,EDGE_LOOP,"'',(#9462)"
7774,EDGE_LOOP,"'',(#9463)"
7775,EDGE_LOOP,"'',(#9464)"
7776,EDGE_LOOP,"'',(#9465)"
7778,EDGE_LOOP,"'',(#9484)"
7779,EDGE_LOOP,"'',(#9485)"
7780,EDGE_LOOP,"'',(#9486)"
7781,EDGE_LOOP,"'',(#9487)"
7783,EDGE_LOOP,"'',(#9500)"
7784,EDGE_LOOP,"'',(#9501,#9502,#9503,#9504,#9505,#9506,#9507,#9508,#9509)"
7787,EDGE_LOOP,"'',(#9544,#9545,#9546,#9547)"
7788,EDGE_LOOP,"'',(#9548)"
7789,EDGE_LOOP,"'',(#9549,#9550,#9551,#9552)"
7790,EDGE_LOOP,"'',(#9553)"
7792,EDGE_LOOP,"'',(#9569,#9570,#9571,#9572,#9573,#9574,#9575,#9576,#9577)"
7795,EDGE_LOOP,"'',(#9613)"
7796,EDGE_LOOP,"'',(#9614)"
7798,EDGE_LOOP,"'',(#9631,#9632,#9633,#9634)"
7799,EDGE_LOOP,"'',(#9635,#9636,#9637,#9638)"
7800,EDGE_LOOP,"'',(#9639,#9640,#9641,#9642)"
7801,EDGE_LOOP,"'',(#9643,#9644,#9645,#9646)"
7802,EDGE_LOOP,"'',(#9647)"
7803,EDGE_LOOP,"'',(#9648,#9649)"
7804,EDGE_LOOP,"'',(#9650)"
7805,EDGE_LOOP,"'',(#9651,#9652,#9653,#9654,#9655,#9656,#9657,#9658)"
7809,EDGE_LOOP,"'',(#9715,#9716,#9717,#9718,#9719,#9720,#9721,#9722,#9723)"
7812,EDGE_LOOP,"'',(#9751)"
7813,EDGE_LOOP,"'',(#9752,#9753,#9754,#9755)"
7814,EDGE_LOOP,"'',(#9756)"
7815,EDGE_LOOP,"'',(#9757,#9758,#9759,#9760)"
7816,EDGE_LOOP,"'',(#9761)"
7817,EDGE_LOOP,"'',(#9762,#9763,#9764,#9765)"
7822,EDGE_LOOP,"'',(#9842,#9843,#9844,#9845,#9846,#9847,#9848,#9849,#9850)"
7824,EDGE_LOOP,"'',(#9862,#9863,#9864,#9865,#9866,#9867,#9868,#9869)"
7825,EDGE_LOOP,"'',(#9870,#9871,#9872,#9873,#9874,#9875,#9876,#9877,#9878)"
7828,EDGE_LOOP,"'',(#9913)"
7829,EDGE_LOOP,"'',(#9914)"
7830,EDGE_LOOP,"'',(#9915,#9916,#9917,#9918)"
7831,EDGE_LOOP,"'',(#9919)"
7832,EDGE_LOOP,"'',(#9920,#9921,#9922,#9923)"
7833,EDGE_LOOP,"'',(#9924,#9925,#9926,#9927)"
7835,EDGE_LOOP,"'',(#9943,#9944,#9945,#9946,#9947,#9948,#9949,#9950,#9951)"
7837,EDGE_LOOP,"'',(#9971)"
7838,EDGE_LOOP,"'',(#9972)"
7839,EDGE_LOOP,"'',(#9973)"
7840,EDGE_LOOP,"'',(#9974)"
7841,EDGE_LOOP,"'',(#9975)"
7842,EDGE_LOOP,"'',(#9976)"
7843,EDGE_LOOP,"'',(#9977)"
7844,EDGE_LOOP,"'',(#9978)"
7845,EDGE_LOOP,"'',(#9979)"
7846,EDGE_LOOP,"'',(#9980)"
7847,EDGE_LOOP,"'',(#9981)"
7848,EDGE_LOOP,"'',(#9982)"
7849,EDGE_LOOP,"'',(#9983)"
7850,EDGE_LOOP,"'',(#9984)"
7851,EDGE_LOOP,"'',(#9985)"
7852,EDGE_LOOP,"'',(#9986)"
7853,EDGE_LOOP,"'',(#9987)"
7854,EDGE_LOOP,"'',(#9988)"
7855,EDGE_LOOP,"'',(#9989)"
7856,EDGE_LOOP,"'',(#9990)"
7857,EDGE_LOOP,"'',(#9991)"
7858,EDGE_LOOP,"'',(#9992)"
7859,EDGE_LOOP,"'',(#9993,#9994,#9995,#9996)"
7860,EDGE_LOOP,"'',(#9997,#9998,#9999,#10000)"
7861,EDGE_LOOP,"'',(#10001,#10002,#10003,#10004)"
7862,EDGE_LOOP,"'',(#10005,#10006,#10007,#10008)"
7863,EDGE_LOOP,"'',(#10009,#10010,#10011,#10012)"
7864,EDGE_LOOP,"'',(#10013,#10014,#10015,#10016)"
7865,EDGE_LOOP,"'',(#10017,#10018,#10019,#10020)"
7866,EDGE_LOOP,"'',(#10021,#10022,#10023,#10024)"
7867,EDGE_LOOP,"'',(#10025,#10026,#10027)"
7868,EDGE_LOOP,"'',(#10028,#10029,#10030)"
7869,EDGE_LOOP,"'',(#10031,#10032,#10033,#10034)"
7870,EDGE_LOOP,"'',(#10035,#10036,#10037,#10038)"
7871,EDGE_LOOP,"'',(#10039,#10040,#10041,#10042)"
7872,EDGE_LOOP,"'',(#10043,#10044,#10045)"
7873,EDGE_LOOP,"'',(#10046,#10047,#10048)"
7874,EDGE_LOOP,"'',(#10049,#10050,#10051,#10052)"
7875,EDGE_LOOP,"'',(#10053,#10054,#10055,#10056)"
7876,EDGE_LOOP,"'',(#10057,#10058,#10059,#10060)"
7877,EDGE_LOOP,"'',(#10061,#10062,#10063)"
7878,EDGE_LOOP,"'',(#10064,#10065,#10066)"
7879,EDGE_LOOP,"'',(#10067)"
7880,EDGE_LOOP,"'',(#10068)"
7881,EDGE_LOOP,"'',(#10069)"
7882,EDGE_LOOP,"'',(#10070)"
7883,EDGE_LOOP,"'',(#10071)"
7884,EDGE_LOOP,"'',(#10072)"
7885,EDGE_LOOP,"'',(#10073)"
7886,EDGE_LOOP,"'',(#10074)"
7887,EDGE_LOOP,"'',(#10075)"
7888,EDGE_LOOP,"'',(#10076)"
7889,EDGE_LOOP,"'',(#10077)"
7890,EDGE_LOOP,"'',(#10078)"
7891,EDGE_LOOP,"'',(#10079)"
7892,EDGE_LOOP,"'',(#10080)"
7893,EDGE_LOOP,"'',(#10081)"
7894,EDGE_LOOP,"'',(#10082)"
7895,EDGE_LOOP,"'',(#10083)"
7896,EDGE_LOOP,"'',(#10084)"
7897,EDGE_LOOP,"'',(#10085)"
7898,EDGE_LOOP,"'',(#10086)"
7899,EDGE_LOOP,"'',(#10087)"
7900,EDGE_LOOP,"'',(#10088)"
7901,EDGE_LOOP,"'',(#10089)"
7902,EDGE_LOOP,"'',(#10090)"
7903,EDGE_LOOP,"'',(#10091)"
7904,EDGE_LOOP,"'',(#10092)"
7905,EDGE_LOOP,"'',(#10093)"
7906,EDGE_LOOP,"'',(#10094)"
7907,EDGE_LOOP,"'',(#10095,#10096,#10097,#10098,#10099,#10100)"
7908,EDGE_LOOP,"'',(#10101,#10102,#10103,#10104)"
7909,EDGE_LOOP,"'',(#10105,#10106,#10107,#10108,#10109,#10110)"
7910,EDGE_LOOP,"'',(#10111,#10112,#10113,#10114)"
7911,EDGE_LOOP,"'',(#10115,#10116,#10117,#10118,#10119,#10120)"
7912,EDGE_LOOP,"'',(#10121,#10122,#10123,#10124)"
7914,EDGE_LOOP,"'',(#10139,#10140,#10141,#10142)"
7915,EDGE_LOOP,"'',(#10143,#10144,#10145,#10146,#10147,#10148)"
7916,EDGE_LOOP,"'',(#10149)"
7917,EDGE_LOOP,"'',(#10150)"
7918,EDGE_LOOP,"'',(#10151)"
7919,EDGE_LOOP,"'',(#10152)"
7920,EDGE_LOOP,"'',(#10153)"
7921,EDGE_LOOP,"'',(#10154)"
7922,EDGE_LOOP,"'',(#10155)"
7923,EDGE_LOOP,"'',(#10156)"
7924,EDGE_LOOP,"'',(#10157)"
7925,EDGE_LOOP,"'',(#10158)"
7926,EDGE_LOOP,"'',(#10159)"
7927,EDGE_LOOP,"'',(#10160)"
7928,EDGE_LOOP,"'',(#10161)"
7929,EDGE_LOOP,"'',(#10162)"
7930,EDGE_LOOP,"'',(#10163)"
7931,EDGE_LOOP,"'',(#10164)"
7932,EDGE_LOOP,"'',(#10165)"
7933,EDGE_LOOP,"'',(#10166)"
7934,EDGE_LOOP,"'',(#10167)"
7935,EDGE_LOOP,"'',(#10168)"
7936,EDGE_LOOP,"'',(#10169)"
7937,EDGE_LOOP,"'',(#10170)"
7938,EDGE_LOOP,"'',(#10171)"
7939,EDGE_LOOP,"'',(#10172)"
7940,EDGE_LOOP,"'',(#10173)"
7941,EDGE_LOOP,"'',(#10174,#10175,#10176,#10177)"
7942,EDGE_LOOP,"'',(#10178)"
7943,EDGE_LOOP,"'',(#10179)"
7944,EDGE_LOOP,"'',(#10180,#10181,#10182,#10183,#10184,#10185)"
7945,EDGE_LOOP,"'',(#10186,#10187,#10188,#10189,#10190,#10191)"
7946,EDGE_LOOP,"'',(#10192,#10193,#10194,#10195)"
7947,EDGE_LOOP,"'',(#10196,#10197,#10198,#10199)"
7948,EDGE_LOOP,"'',(#10200,#10201,#10202,#10203)"
7949,EDGE_LOOP,"'',(#10204,#10205,#10206,#10207)"
7950,EDGE_LOOP,"'',(#10208)"
7951,EDGE_LOOP,"'',(#10209,#10210,#10211,#10212)"
7952,EDGE_LOOP,"'',(#10213)"
7953,EDGE_LOOP,"'',(#10214)"
7954,EDGE_LOOP,"'',(#10215,#10216,#10217,#10218,#10219,#10220)"
7955,EDGE_LOOP,"'',(#10221,#10222,#10223,#10224,#10225,#10226)"
7956,EDGE_LOOP,"'',(#10227,#10228,#10229,#10230)"
7957,EDGE_LOOP,"'',(#10231,#10232,#10233,#10234)"
7958,EDGE_LOOP,"'',(#10235,#10236,#10237,#10238)"
7959,EDGE_LOOP,"'',(#10239,#10240,#10241,#10242)"
7960,EDGE_LOOP,"'',(#10243)"
7961,EDGE_LOOP,"'',(#10244,#10245,#10246,#10247)"
7962,EDGE_LOOP,"'',(#10248)"
7963,EDGE_LOOP,"'',(#10249)"
7964,EDGE_LOOP,"'',(#10250,#10251,#10252,#10253,#10254,#10255)"
7965,EDGE_LOOP,"'',(#10256,#10257,#10258,#10259,#10260,#10261)"
7966,EDGE_LOOP,"'',(#10262,#10263,#10264,#10265)"
7967,EDGE_LOOP,"'',(#10266,#10267,#10268,#10269)"
7968,EDGE_LOOP,"'',(#10270,#10271,#10272,#10273)"
7969,EDGE_LOOP,"'',(#10274,#10275,#10276,#10277)"
7970,EDGE_LOOP,"'',(#10278)"
7971,EDGE_LOOP,"'',(#10279,#10280,#10281,#10282)"
7972,EDGE_LOOP,"'',(#10283)"
7973,EDGE_LOOP,"'',(#10284)"
7974,EDGE_LOOP,"'',(#10285,#10286,#10287,#10288,#10289,#10290)"
7975,EDGE_LOOP,"'',(#10291,#10292,#10293,#10294,#10295,#10296)"
7976,EDGE_LOOP,"'',(#10297,#10298,#10299,#10300)"
7977,EDGE_LOOP,"'',(#10301,#10302,#10303,#10304)"
7978,EDGE_LOOP,"'',(#10305,#10306,#10307,#10308)"
7979,EDGE_LOOP,"'',(#10309,#10310,#10311,#10312)"
7980,EDGE_LOOP,"'',(#10313)"
7981,EDGE_LOOP,"'',(#10314,#10315,#10316,#10317)"
7982,EDGE_LOOP,"'',(#10318)"
7983,EDGE_LOOP,"'',(#10319)"
7984,EDGE_LOOP,"'',(#10320,#10321,#10322,#10323,#10324,#10325)"
7985,EDGE_LOOP,"'',(#10326,#10327,#10328,#10329,#10330,#10331)"
7986,EDGE_LOOP,"'',(#10332,#10333,#10334,#10335)"
7987,EDGE_LOOP,"'',(#10336,#10337,#10338,#10339)"
7988,EDGE_LOOP,"'',(#10340,#10341,#10342,#10343)"
7989,EDGE_LOOP,"'',(#10344,#10345,#10346,#10347)"
7990,EDGE_LOOP,"'',(#10348,#10349,#10350,#10351)"
7991,EDGE_LOOP,"'',(#10352,#10353,#10354,#10355)"
7992,EDGE_LOOP,"'',(#10356,#10357,#10358,#10359)"
7993,EDGE_LOOP,"'',(#10360,#10361,#10362,#10363)"
7994,EDGE_LOOP,"'',(#10364,#10365,#10366,#10367)"
7995,EDGE_LOOP,"'',(#10368,#10369,#10370,#10371)"
7996,EDGE_LOOP,"'',(#10372,#10373,#10374,#10375)"
7997,EDGE_LOOP,"'',(#10376,#10377,#10378,#10379)"
7998,EDGE_LOOP,"'',(#10380,#10381,#10382,#10383)"
7999,EDGE_LOOP,"'',(#10384,#10385,#10386,#10387)"
8000,EDGE_LOOP,"'',(#10388,#10389,#10390,#10391)"
8001,EDGE_LOOP,"'',(#10392,#10393,#10394,#10395)"
8003,EDGE_LOOP,"'',(#10408,#10409,#10410,#10411,#10412,#10413,#10414,#10415)"
8004,EDGE_LOOP,"'',(#10416,#10417,#10418,#10419)"
8005,EDGE_LOOP,"'',(#10420,#10421,#10422,#10423)"
8006,EDGE_LOOP,"'',(#10424,#10425,#10426,#10427)"
8007,EDGE_LOOP,"'',(#10428,#10429,#10430,#10431)"
8008,EDGE_LOOP,"'',(#10432,#10433,#10434,#10435)"
8009,EDGE_LOOP,"'',(#10436,#10437,#10438,#10439)"
8010,EDGE_LOOP,"'',(#10440,#10441,#10442,#10443)"
8011,EDGE_LOOP,"'',(#10444,#10445,#10446,#10447)"
8012,EDGE_LOOP,"'',(#10448,#10449,#10450,#10451,#10452,#10453,#10454,#10455)"
8013,EDGE_LOOP,"'',(#10456,#10457,#10458,#10459)"
8014,EDGE_LOOP,"'',(#10460,#10461,#10462,#10463)"
8015,EDGE_LOOP,"'',(#10464,#10465,#10466,#10467)"
8016,EDGE_LOOP,"'',(#10468,#10469,#10470,#10471)"
8017,EDGE_LOOP,"'',(#10472,#10473,#10474,#10475)"
8018,EDGE_LOOP,"'',(#10476,#10477,#10478,#10479)"
8019,EDGE_LOOP,"'',(#10480,#10481,#10482,#10483)"
8020,EDGE_LOOP,"'',(#10484,#10485,#10486,#10487)"
8021,EDGE_LOOP,"'',(#10488,#10489,#10490,#10491)"
8022,EDGE_LOOP,"'',(#10492,#10493,#10494,#10495)"
8023,EDGE_LOOP,"'',(#10496,#10497,#10498,#10499)"
8024,EDGE_LOOP,"'',(#10500,#10501,#10502,#10503)"
8026,EDGE_LOOP,"'',(#10516,#10517,#10518,#10519,#10520,#10521,#10522,#10523)"
8027,EDGE_LOOP,"'',(#10524,#10525,#10526,#10527)"
8028,EDGE_LOOP,"'',(#10528,#10529,#10530,#10531)"
8029,EDGE_LOOP,"'',(#10532,#10533,#10534,#10535)"
8030,EDGE_LOOP,"'',(#10536,#10537,#10538,#10539)"
8031,EDGE_LOOP,"'',(#10540,#10541,#10542,#10543)"
8032,EDGE_LOOP,"'',(#10544,#10545,#10546,#10547)"
8033,EDGE_LOOP,"'',(#10548,#10549,#10550,#10551)"
8034,EDGE_LOOP,"'',(#10552,#10553,#10554,#10555)"
8035,EDGE_LOOP,"'',(#10556,#10557,#10558,#10559,#10560,#10561,#10562,#10563)"
8036,EDGE_LOOP,"'',(#10564,#10565,#10566,#10567)"
8037,EDGE_LOOP,"'',(#10568,#10569,#10570,#10571)"
8038,EDGE_LOOP,"'',(#10572,#10573,#10574,#10575)"
8039,EDGE_LOOP,"'',(#10576,#10577,#10578,#10579)"
8040,EDGE_LOOP,"'',(#10580,#10581,#10582,#10583)"
8041,EDGE_LOOP,"'',(#10584,#10585,#10586,#10587)"
8042,EDGE_LOOP,"'',(#10588,#10589,#10590,#10591)"
8043,EDGE_LOOP,"'',(#10592,#10593,#10594,#10595)"
8044,EDGE_LOOP,"'',(#10596,#10597,#10598,#10599)"
8045,EDGE_LOOP,"'',(#10600,#10601,#10602,#10603)"
8046,EDGE_LOOP,"'',(#10604,#10605,#10606,#10607)"
8047,EDGE_LOOP,"'',(#10608,#10609,#10610,#10611)"
8048,EDGE_LOOP,"'',(#10612,#10613,#10614,#10615)"
8049,EDGE_LOOP,"'',(#10616,#10617,#10618,#10619)"
8050,EDGE_LOOP,"'',(#10620,#10621,#10622,#10623)"
8051,EDGE_LOOP,"'',(#10624,#10625,#10626,#10627)"
8052,EDGE_LOOP,"'',(#10628,#10629,#10630,#10631)"
8053,EDGE_LOOP,"'',(#10632,#10633,#10634,#10635)"
8054,EDGE_LOOP,"'',(#10636,#10637,#10638,#10639)"
8055,EDGE_LOOP,"'',(#10640,#10641,#10642,#10643)"
8056,EDGE_LOOP,"'',(#10644,#10645,#10646,#10647)"
8057,EDGE_LOOP,"'',(#10648,#10649,#10650,#10651)"
8058,EDGE_LOOP,"'',(#10652,#10653,#10654,#10655)"
8059,EDGE_LOOP,"'',(#10656,#10657,#10658,#10659)"
8060,EDGE_LOOP,"'',(#10660,#10661,#10662,#10663)"
8061,EDGE_LOOP,"'',(#10664,#10665,#10666,#10667)"
8062,EDGE_LOOP,"'',(#10668,#10669,#10670,#10671)"
8063,EDGE_LOOP,"'',(#10672,#10673,#10674,#10675)"
8064,EDGE_LOOP,"'',(#10676,#10677,#10678,#10679)"
8065,EDGE_LOOP,"'',(#10680,#10681,#10682,#10683)"
8067,EDGE_LOOP,"'',(#10714)"
8068,EDGE_LOOP,"'',(#10715,#10716)"
8069,EDGE_LOOP,"'',(#10717)"
8070,EDGE_LOOP,"'',(#10718)"
8071,EDGE_LOOP,"'',(#10719,#10720)"
8072,EDGE_LOOP,"'',(#10721,#10722)"
8073,EDGE_LOOP,"'',(#10723)"
8074,EDGE_LOOP,"'',(#10724)"
8075,EDGE_LOOP,"'',(#10725)"
8076,EDGE_LOOP,"'',(#10726)"
8077,EDGE_LOOP,"'',(#10727,#10728)"
8078,EDGE_LOOP,"'',(#10729,#10730,#10731,#10732,#10733,#10734,#10735)"
8079,EDGE_LOOP,"'',(#10736,#10737,#10738,#10739,#10740,#10741,#10742)"
8080,EDGE_LOOP,"'',(#10743,#10744,#10745,#10746)"
8081,EDGE_LOOP,"'',(#10747,#10748,#10749,#10750)"
8082,EDGE_LOOP,"'',(#10751,#10752,#10753)"
8083,EDGE_LOOP,"'',(#10754,#10755,#10756)"
8084,EDGE_LOOP,"'',(#10757,#10758,#10759,#10760)"
8085,EDGE_LOOP,"'',(#10761,#10762,#10763,#10764)"
8086,EDGE_LOOP,"'',(#10765)"
8087,EDGE_LOOP,"'',(#10766)"
8088,EDGE_LOOP,"'',(#10767)"
8089,EDGE_LOOP,"'',(#10768,#10769,#10770,#10771,#10772,#10773)"
8090,EDGE_LOOP,"'',(#10774,#10775,#10776,#10777,#10778,#10779)"
8091,EDGE_LOOP,"'',(#10780,#10781,#10782,#10783)"
8092,EDGE_LOOP,"'',(#10784,#10785,#10786,#10787)"
8093,EDGE_LOOP,"'',(#10788,#10789,#10790,#10791)"
8094,EDGE_LOOP,"'',(#10792,#10793,#10794,#10795)"
8095,EDGE_LOOP,"'',(#10796,#10797,#10798,#10799)"
8096,EDGE_LOOP,"'',(#10800)"
8097,EDGE_LOOP,"'',(#10801)"
8098,EDGE_LOOP,"'',(#10802)"
8099,EDGE_LOOP,"'',(#10803,#10804,#10805,#10806,#10807,#10808)"
8100,EDGE_LOOP,"'',(#10809,#10810,#10811,#10812,#10813,#10814)"
8101,EDGE_LOOP,"'',(#10815,#10816,#10817,#10818)"
8102,EDGE_LOOP,"'',(#10819,#10820,#10821,#10822)"
8103,EDGE_LOOP,"'',(#10823,#10824,#10825,#10826)"
8104,EDGE_LOOP,"'',(#10827,#10828,#10829,#10830)"
8105,EDGE_LOOP,"'',(#10831)"
8106,EDGE_LOOP,"'',(#10832)"
8107,EDGE_LOOP,"'',(#10833)"
8108,EDGE_LOOP,"'',(#10834)"
8109,EDGE_LOOP,"'',(#10835)"
8110,EDGE_LOOP,"'',(#10836)"
8111,EDGE_LOOP,"'',(#10837)"
8112,EDGE_LOOP,"'',(#10838)"
8113,EDGE_LOOP,"'',(#10839)"
8114,EDGE_LOOP,"'',(#10840)"
8115,EDGE_LOOP,"'',(#10841)"
8116,EDGE_LOOP,"'',(#10842)"
8117,EDGE_LOOP,"'',(#10843)"
8118,EDGE_LOOP,"'',(#10844)"
8119,EDGE_LOOP,"'',(#10845)"
8120,EDGE_LOOP,"'',(#10846)"
8121,EDGE_LOOP,"'',(#10847,#10848,#10849,#10850)"
8122,EDGE_LOOP,"'',(#10851,#10852,#10853,#10854)"
8123,EDGE_LOOP,"'',(#10855,#10856,#10857,#10858)"
8124,EDGE_LOOP,"'',(#10859,#10860,#10861,#10862)"
8125,EDGE_LOOP,"'',(#10863,#10864,#10865,#10866)"
8126,EDGE_LOOP,"'',(#10867,#10868,#10869,#10870)"
8127,EDGE_LOOP,"'',(#10871,#10872,#10873,#10874)"
8128,EDGE_LOOP,"'',(#10875,#10876,#10877,#10878)"
8129,EDGE_LOOP,"'',(#10879,#10880,#10881,#10882)"
8130,EDGE_LOOP,"'',(#10883,#10884,#10885,#10886)"
8131,EDGE_LOOP,"'',(#10887,#10888,#10889,#10890)"
8132,EDGE_LOOP,"'',(#10891,#10892,#10893,#10894)"
8133,EDGE_LOOP,"'',(#10895,#10896,#10897,#10898)"
8134,EDGE_LOOP,"'',(#10899,#10900,#10901,#10902)"
8135,EDGE_LOOP,"'',(#10903,#10904,#10905,#10906)"
8137,EDGE_LOOP,"'',(#10922,#10923,#10924,#10925)"
8138,EDGE_LOOP,"'',(#10926,#10927,#10928,#10929)"
8139,EDGE_LOOP,"'',(#10930,#10931,#10932,#10933)"
8140,EDGE_LOOP,"'',(#10934,#10935,#10936,#10937)"
8141,EDGE_LOOP,"'',(#10938,#10939,#10940,#10941)"
8142,EDGE_LOOP,"'',(#10942,#10943,#10944,#10945)"
8143,EDGE_LOOP,"'',(#10946,#10947,#10948,#10949)"
8144,EDGE_LOOP,"'',(#10950,#10951,#10952,#10953)"
8145,EDGE_LOOP,"'',(#10954,#10955,#10956,#10957)"
8149,EDGE_LOOP,"'',(#10995,#10996,#10997,#10998)"
8150,EDGE_LOOP,"'',(#10999,#11000,#11001,#11002)"
8151,EDGE_LOOP,"'',(#11003,#11004,#11005,#11006)"
8152,EDGE_LOOP,"'',(#11007,#11008,#11009,#11010)"
8153,EDGE_LOOP,"'',(#11011,#11012,#11013,#11014)"
8154,EDGE_LOOP,"'',(#11015,#11016,#11017,#11018)"
8155,EDGE_LOOP,"'',(#11019,#11020,#11021,#11022)"
8156,EDGE_LOOP,"'',(#11023,#11024,#11025,#11026)"
8157,EDGE_LOOP,"'',(#11027,#11028,#11029,#11030)"
8158,EDGE_LOOP,"'',(#11031,#11032,#11033,#11034)"
8159,EDGE_LOOP,"'',(#11035,#11036,#11037,#11038)"
8160,EDGE_LOOP,"'',(#11039,#11040,#11041,#11042)"
8161,EDGE_LOOP,"'',(#11043,#11044,#11045,#11046)"
8162,EDGE_LOOP,"'',(#11047,#11048,#11049,#11050)"
8163,EDGE_LOOP,"'',(#11051,#11052,#11053,#11054)"
8164,EDGE_LOOP,"'',(#11055,#11056,#11057,#11058)"
8165,EDGE_LOOP,"'',(#11059,#11060,#11061,#11062)"
8166,EDGE_LOOP,"'',(#11063,#11064,#11065,#11066)"
8167,EDGE_LOOP,"'',(#11067,#11068,#11069,#11070)"
8168,EDGE_LOOP,"'',(#11071,#11072,#11073,#11074)"
8169,EDGE_LOOP,"'',(#11075,#11076,#11077,#11078)"
8170,EDGE_LOOP,"'',(#11079,#11080,#11081,#11082)"
8171,EDGE_LOOP,"'',(#11083,#11084,#11085,#11086)"
8172,EDGE_LOOP,"'',(#11087,#11088,#11089,#11090)"
8173,EDGE_LOOP,"'',(#11091,#11092,#11093,#11094)"
8174,EDGE_LOOP,"'',(#11095,#11096,#11097,#11098)"
8175,EDGE_LOOP,"'',(#11099,#11100,#11101,#11102)"
8176,EDGE_LOOP,"'',(#11103,#11104,#11105,#11106)"
8178,EDGE_LOOP,"'',(#11116,#11117,#11118,#11119)"
8179,EDGE_LOOP,"'',(#11120,#11121,#11122,#11123)"
8180,EDGE_LOOP,"'',(#11124,#11125,#11126,#11127)"
8181,EDGE_LOOP,"'',(#11128,#11129,#11130,#11131)"
8182,EDGE_LOOP,"'',(#11132,#11133,#11134,#11135)"
8183,EDGE_LOOP,"'',(#11136,#11137,#11138,#11139)"
8184,EDGE_LOOP,"'',(#11140,#11141,#11142,#11143)"
8185,EDGE_LOOP,"'',(#11144,#11145,#11146,#11147)"
8186,EDGE_LOOP,"'',(#11148,#11149,#11150,#11151)"
8187,EDGE_LOOP,"'',(#11152,#11153,#11154,#11155)"
8188,EDGE_LOOP,"'',(#11156,#11157,#11158,#11159)"
8189,EDGE_LOOP,"'',(#11160,#11161,#11162,#11163)"
8190,EDGE_LOOP,"'',(#11164,#11165,#11166,#11167)"
8191,EDGE_LOOP,"'',(#11168,#11169,#11170,#11171)"
8192,EDGE_LOOP,"'',(#11172,#11173,#11174,#11175)"
8194,EDGE_LOOP,"'',(#11191,#11192,#11193,#11194)"
8195,EDGE_LOOP,"'',(#11195,#11196,#11197,#11198)"
8196,EDGE_LOOP,"'',(#11199,#11200,#11201,#11202)"
8197,EDGE_LOOP,"'',(#11203,#11204,#11205,#11206)"
8198,EDGE_LOOP,"'',(#11207,#11208,#11209,#11210)"
8199,EDGE_LOOP,"'',(#11211,#11212,#11213,#11214)"
8200,EDGE_LOOP,"'',(#11215,#11216,#11217,#11218)"
8201,EDGE_LOOP,"'',(#11219,#11220,#11221,#11222)"
8202,EDGE_LOOP,"'',(#11223,#11224,#11225,#11226)"
8206,EDGE_LOOP,"'',(#11264,#11265,#11266,#11267)"
8207,EDGE_LOOP,"'',(#11268,#11269,#11270,#11271)"
8208,EDGE_LOOP,"'',(#11272,#11273,#11274,#11275)"
8209,EDGE_LOOP,"'',(#11276,#11277,#11278,#11279)"
8210,EDGE_LOOP,"'',(#11280,#11281,#11282,#11283)"
8211,EDGE_LOOP,"'',(#11284,#11285,#11286,#11287)"
8212,EDGE_LOOP,"'',(#11288,#11289,#11290,#11291)"
8213,EDGE_LOOP,"'',(#11292,#11293,#11294,#11295)"
8214,EDGE_LOOP,"'',(#11296,#11297,#11298,#11299)"
8215,EDGE_LOOP,"'',(#11300,#11301,#11302,#11303)"
8216,EDGE_LOOP,"'',(#11304,#11305,#11306,#11307)"
8217,EDGE_LOOP,"'',(#11308,#11309,#11310,#11311)"
8218,EDGE_LOOP,"'',(#11312,#11313,#11314,#11315)"
8219,EDGE_LOOP,"'',(#11316,#11317,#11318,#11319)"
8220,EDGE_LOOP,"'',(#11320,#11321,#11322,#11323)"
8221,EDGE_LOOP,"'',(#11324,#11325,#11326,#11327)"
8222,EDGE_LOOP,"'',(#11328,#11329,#11330,#11331)"
8223,EDGE_LOOP,"'',(#11332,#11333,#11334,#11335)"
8224,EDGE_LOOP,"'',(#11336,#11337,#11338,#11339)"
8225,EDGE_LOOP,"'',(#11340,#11341,#11342,#11343)"
8226,EDGE_LOOP,"'',(#11344,#11345,#11346,#11347)"
8227,EDGE_LOOP,"'',(#11348,#11349,#11350,#11351)"
8228,EDGE_LOOP,"'',(#11352,#11353,#11354,#11355)"
8229,EDGE_LOOP,"'',(#11356,#11357,#11358,#11359)"
8230,EDGE_LOOP,"'',(#11360,#11361,#11362,#11363)"
8231,EDGE_LOOP,"'',(#11364,#11365,#11366,#11367)"
8232,EDGE_LOOP,"'',(#11368,#11369,#11370,#11371)"
8233,EDGE_LOOP,"'',(#11372,#11373,#11374,#11375)"
8235,EDGE_LOOP,"'',(#11385,#11386,#11387,#11388)"
8236,EDGE_LOOP,"'',(#11389,#11390,#11391,#11392)"
8237,EDGE_LOOP,"'',(#11393,#11394,#11395,#11396)"
8238,EDGE_LOOP,"'',(#11397,#11398,#11399,#11400)"
8239,EDGE_LOOP,"'',(#11401,#11402,#11403,#11404)"
8240,EDGE_LOOP,"'',(#11405,#11406,#11407,#11408)"
8241,EDGE_LOOP,"'',(#11409,#11410,#11411,#11412)"
8242,EDGE_LOOP,"'',(#11413,#11414,#11415,#11416)"
8243,EDGE_LOOP,"'',(#11417,#11418,#11419,#11420)"
8244,EDGE_LOOP,"'',(#11421,#11422,#11423,#11424)"
8245,EDGE_LOOP,"'',(#11425,#11426,#11427,#11428)"
8246,EDGE_LOOP,"'',(#11429,#11430,#11431,#11432)"
8247,EDGE_LOOP,"'',(#11433,#11434,#11435,#11436)"
8248,EDGE_LOOP,"'',(#11437,#11438,#11439,#11440)"
8249,EDGE_LOOP,"'',(#11441,#11442,#11443,#11444)"
8251,EDGE_LOOP,"'',(#11460,#11461,#11462,#11463)"
8252,EDGE_LOOP,"'',(#11464,#11465,#11466,#11467)"
8253,EDGE_LOOP,"'',(#11468,#11469,#11470,#11471)"
8254,EDGE_LOOP,"'',(#11472,#11473,#11474,#11475)"
8255,EDGE_LOOP,"'',(#11476,#11477,#11478,#11479)"
8256,EDGE_LOOP,"'',(#11480,#11481,#11482,#11483)"
8257,EDGE_LOOP,"'',(#11484,#11485,#11486,#11487)"
8258,EDGE_LOOP,"'',(#11488,#11489,#11490,#11491)"
8259,EDGE_LOOP,"'',(#11492,#11493,#11494,#11495)"
8263,EDGE_LOOP,"'',(#11533,#11534,#11535,#11536)"
8264,EDGE_LOOP,"'',(#11537,#11538,#11539,#11540)"
8265,EDGE_LOOP,"'',(#11541,#11542,#11543,#11544)"
8266,EDGE_LOOP,"'',(#11545,#11546,#11547,#11548)"
8267,EDGE_LOOP,"'',(#11549,#11550,#11551,#11552)"
8268,EDGE_LOOP,"'',(#11553,#11554,#11555,#11556)"
8269,EDGE_LOOP,"'',(#11557,#11558,#11559,#11560)"
8270,EDGE_LOOP,"'',(#11561,#11562,#11563,#11564)"
8271,EDGE_LOOP,"'',(#11565,#11566,#11567,#11568)"
8272,EDGE_LOOP,"'',(#11569,#11570,#11571,#11572)"
8273,EDGE_LOOP,"'',(#11573,#11574,#11575,#11576)"
8274,EDGE_LOOP,"'',(#11577,#11578,#11579,#11580)"
8275,EDGE_LOOP,"'',(#11581,#11582,#11583,#11584)"
8276,EDGE_LOOP,"'',(#11585,#11586,#11587,#11588)"
8277,EDGE_LOOP,"'',(#11589,#11590,#11591,#11592)"
8278,EDGE_LOOP,"'',(#11593,#11594,#11595,#11596)"
8279,EDGE_LOOP,"'',(#11597,#11598,#11599,#11600)"
8280,EDGE_LOOP,"'',(#11601,#11602,#11603,#11604)"
8281,EDGE_LOOP,"'',(#11605,#11606,#11607,#11608)"
8282,EDGE_LOOP,"'',(#11609,#11610,#11611,#11612)"
8283,EDGE_LOOP,"'',(#11613,#11614,#11615,#11616)"
8284,EDGE_LOOP,"'',(#11617,#11618,#11619,#11620)"
8285,EDGE_LOOP,"'',(#11621,#11622,#11623,#11624)"
8286,EDGE_LOOP,"'',(#11625,#11626,#11627,#11628)"
8287,EDGE_LOOP,"'',(#11629,#11630,#11631,#11632)"
8288,EDGE_LOOP,"'',(#11633,#11634,#11635,#11636)"
8289,EDGE_LOOP,"'',(#11637,#11638,#11639,#11640)"
8290,EDGE_LOOP,"'',(#11641,#11642,#11643,#11644)"
8292,EDGE_LOOP,"'',(#11654,#11655,#11656,#11657)"
8293,EDGE_LOOP,"'',(#11658,#11659,#11660,#11661)"
8294,EDGE_LOOP,"'',(#11662,#11663,#11664,#11665)"
8295,EDGE_LOOP,"'',(#11666,#11667,#11668,#11669)"
8296,EDGE_LOOP,"'',(#11670,#11671,#11672,#11673)"
8297,EDGE_LOOP,"'',(#11674,#11675,#11676,#11677)"
8298,EDGE_LOOP,"'',(#11678,#11679,#11680,#11681)"
8299,EDGE_LOOP,"'',(#11682,#11683,#11684,#11685)"
8300,EDGE_LOOP,"'',(#11686,#11687,#11688,#11689)"
8301,EDGE_LOOP,"'',(#11690,#11691,#11692,#11693)"
8302,EDGE_LOOP,"'',(#11694,#11695,#11696,#11697)"
8303,EDGE_LOOP,"'',(#11698,#11699,#11700,#11701)"
8304,EDGE_LOOP,"'',(#11702,#11703,#11704,#11705)"
8305,EDGE_LOOP,"'',(#11706,#11707,#11708,#11709)"
8306,EDGE_LOOP,"'',(#11710,#11711,#11712,#11713)"
8308,EDGE_LOOP,"'',(#11729,#11730,#11731,#11732)"
8309,EDGE_LOOP,"'',(#11733,#11734,#11735,#11736)"
8310,EDGE_LOOP,"'',(#11737,#11738,#11739,#11740)"
8311,EDGE_LOOP,"'',(#11741,#11742,#11743,#11744)"
8312,EDGE_LOOP,"'',(#11745,#11746,#11747,#11748)"
8313,EDGE_LOOP,"'',(#11749,#11750,#11751,#11752)"
8314,EDGE_LOOP,"'',(#11753,#11754,#11755,#11756)"
8315,EDGE_LOOP,"'',(#11757,#11758,#11759,#11760)"
8316,EDGE_LOOP,"'',(#11761,#11762,#11763,#11764)"
8320,EDGE_LOOP,"'',(#11802,#11803,#11804,#11805)"
8321,EDGE_LOOP,"'',(#11806,#11807,#11808,#11809)"
8322,EDGE_LOOP,"'',(#11810,#11811,#11812,#11813)"
8323,EDGE_LOOP,"'',(#11814,#11815,#11816,#11817)"
8324,EDGE_LOOP,"'',(#11818,#11819,#11820,#11821)"
8325,EDGE_LOOP,"'',(#11822,#11823,#11824,#11825)"
8326,EDGE_LOOP,"'',(#11826,#11827,#11828,#11829)"
8327,EDGE_LOOP,"'',(#11830,#11831,#11832,#11833)"
8328,EDGE_LOOP,"'',(#11834,#11835,#11836,#11837)"
8329,EDGE_LOOP,"'',(#11838,#11839,#11840,#11841)"
8330,EDGE_LOOP,"'',(#11842,#11843,#11844,#11845)"
8331,EDGE_LOOP,"'',(#11846,#11847,#11848,#11849)"
8332,EDGE_LOOP,"'',(#11850,#11851,#11852,#11853)"
8333,EDGE_LOOP,"'',(#11854,#11855,#11856,#11857)"
8334,EDGE_LOOP,"'',(#11858,#11859,#11860,#11861)"
8335,EDGE_LOOP,"'',(#11862,#11863,#11864,#11865)"
8336,EDGE_LOOP,"'',(#11866,#11867,#11868,#11869)"
8337,EDGE_LOOP,"'',(#11870,#11871,#11872,#11873)"
8338,EDGE_LOOP,"'',(#11874,#11875,#11876,#11877)"
8339,EDGE_LOOP,"'',(#11878,#11879,#11880,#11881)"
8340,EDGE_LOOP,"'',(#11882,#11883,#11884,#11885)"
8341,EDGE_LOOP,"'',(#11886,#11887,#11888,#11889)"
8342,EDGE_LOOP,"'',(#11890,#11891,#11892,#11893)"
8343,EDGE_LOOP,"'',(#11894,#11895,#11896,#11897)"
8344,EDGE_LOOP,"'',(#11898,#11899,#11900,#11901)"
8345,EDGE_LOOP,"'',(#11902,#11903,#11904,#11905)"
8346,EDGE_LOOP,"'',(#11906,#11907,#11908,#11909)"
8347,EDGE_LOOP,"'',(#11910,#11911,#11912,#11913)"
8349,EDGE_LOOP,"'',(#11923,#11924,#11925,#11926)"
8350,EDGE_LOOP,"'',(#11927,#11928,#11929,#11930)"
8351,EDGE_LOOP,"'',(#11931,#11932,#11933,#11934)"
8352,EDGE_LOOP,"'',(#11935,#11936,#11937,#11938)"
8353,EDGE_LOOP,"'',(#11939,#11940,#11941,#11942)"
8354,EDGE_LOOP,"'',(#11943,#11944,#11945,#11946)"
8355,EDGE_LOOP,"'',(#11947,#11948,#11949,#11950,#11951,#11952)"
8356,EDGE_LOOP,"'',(#11953,#11954,#11955,#11956)"
8357,EDGE_LOOP,"'',(#11957,#11958,#11959,#11960)"
8358,EDGE_LOOP,"'',(#11961,#11962,#11963,#11964)"
8359,EDGE_LOOP,"'',(#11965,#11966,#11967,#11968)"
8360,EDGE_LOOP,"'',(#11969,#11970,#11971,#11972)"
8361,EDGE_LOOP,"'',(#11973,#11974,#11975,#11976)"
8362,EDGE_LOOP,"'',(#11977,#11978,#11979,#11980)"
8363,EDGE_LOOP,"'',(#11981,#11982,#11983,#11984)"
8364,EDGE_LOOP,"'',(#11985,#11986,#11987,#11988)"
8365,EDGE_LOOP,"'',(#11989,#11990,#11991,#11992)"
8366,EDGE_LOOP,"'',(#11993,#11994,#11995,#11996)"
8367,EDGE_LOOP,"'',(#11997,#11998,#11999,#12000)"
8368,EDGE_LOOP,"'',(#12001,#12002,#12003,#12004)"
8369,EDGE_LOOP,"'',(#12005,#12006,#12007,#12008)"
8370,EDGE_LOOP,"'',(#12009,#12010,#12011,#12012)"
8372,EDGE_LOOP,"'',(#12028,#12029,#12030,#12031)"
8373,EDGE_LOOP,"'',(#12032,#12033,#12034,#12035)"
8374,EDGE_LOOP,"'',(#12036,#12037,#12038,#12039)"
8375,EDGE_LOOP,"'',(#12040,#12041,#12042,#12043)"
8376,EDGE_LOOP,"'',(#12044,#12045,#12046,#12047)"
8377,EDGE_LOOP,"'',(#12048,#12049,#12050,#12051)"
8378,EDGE_LOOP,"'',(#12052,#12053,#12054,#12055)"
8379,EDGE_LOOP,"'',(#12056,#12057,#12058,#12059)"
8380,EDGE_LOOP,"'',(#12060,#12061,#12062,#12063)"
8384,EDGE_LOOP,"'',(#12101,#12102,#12103,#12104)"
8385,EDGE_LOOP,"'',(#12105,#12106,#12107,#12108)"
8386,EDGE_LOOP,"'',(#12109,#12110,#12111,#12112)"
8387,EDGE_LOOP,"'',(#12113,#12114,#12115,#12116)"
8388,EDGE_LOOP,"'',(#12117,#12118,#12119,#12120)"
8389,EDGE_LOOP,"'',(#12121,#12122,#12123,#12124)"
8390,EDGE_LOOP,"'',(#12125,#12126,#12127,#12128)"
8391,EDGE_LOOP,"'',(#12129,#12130,#12131,#12132)"
8392,EDGE_LOOP,"'',(#12133,#12134,#12135,#12136)"
8393,EDGE_LOOP,"'',(#12137,#12138,#12139,#12140)"
8394,EDGE_LOOP,"'',(#12141,#12142,#12143,#12144)"
8395,EDGE_LOOP,"'',(#12145,#12146,#12147,#12148)"
8396,EDGE_LOOP,"'',(#12149,#12150,#12151,#12152)"
8397,EDGE_LOOP,"'',(#12153,#12154,#12155,#12156)"
8398,EDGE_LOOP,"'',(#12157,#12158,#12159,#12160)"
8399,EDGE_LOOP,"'',(#12161,#12162,#12163,#12164)"
8400,EDGE_LOOP,"'',(#12165,#12166,#12167,#12168)"
8401,EDGE_LOOP,"'',(#12169,#12170,#12171,#12172)"
8402,EDGE_LOOP,"'',(#12173,#12174,#12175,#12176)"
8403,EDGE_LOOP,"'',(#12177,#12178,#12179,#12180)"
8404,EDGE_LOOP,"'',(#12181,#12182,#12183,#12184)"
8405,EDGE_LOOP,"'',(#12185,#12186,#12187,#12188)"
8406,EDGE_LOOP,"'',(#12189,#12190,#12191,#12192)"
8407,EDGE_LOOP,"'',(#12193,#12194,#12195,#12196)"
8408,EDGE_LOOP,"'',(#12197,#12198,#12199,#12200)"
8409,EDGE_LOOP,"'',(#12201,#12202,#12203,#12204)"
8410,EDGE_LOOP,"'',(#12205,#12206,#12207,#12208)"
8411,EDGE_LOOP,"'',(#12209,#12210,#12211,#12212)"
8413,EDGE_LOOP,"'',(#12222,#12223,#12224,#12225)"
8414,EDGE_LOOP,"'',(#12226,#12227,#12228,#12229)"
8415,EDGE_LOOP,"'',(#12230,#12231,#12232,#12233)"
8416,EDGE_LOOP,"'',(#12234,#12235,#12236,#12237)"
8417,EDGE_LOOP,"'',(#12238,#12239,#12240,#12241)"
8418,EDGE_LOOP,"'',(#12242,#12243,#12244,#12245)"
8419,EDGE_LOOP,"'',(#12246,#12247,#12248,#12249)"
8420,EDGE_LOOP,"'',(#12250,#12251,#12252,#12253)"
8421,EDGE_LOOP,"'',(#12254,#12255,#12256,#12257)"
8422,EDGE_LOOP,"'',(#12258,#12259,#12260,#12261)"
8423,EDGE_LOOP,"'',(#12262,#12263,#12264,#12265)"
8424,EDGE_LOOP,"'',(#12266,#12267,#12268,#12269)"
8425,EDGE_LOOP,"'',(#12270,#12271,#12272,#12273)"
8426,EDGE_LOOP,"'',(#12274,#12275,#12276,#12277)"
8427,EDGE_LOOP,"'',(#12278,#12279,#12280,#12281)"
8429,EDGE_LOOP,"'',(#12297,#12298,#12299,#12300)"
8430,EDGE_LOOP,"'',(#12301,#12302,#12303,#12304)"
8431,EDGE_LOOP,"'',(#12305,#12306,#12307,#12308)"
8432,EDGE_LOOP,"'',(#12309,#12310,#12311,#12312)"
8433,EDGE_LOOP,"'',(#12313,#12314,#12315,#12316)"
8434,EDGE_LOOP,"'',(#12317,#12318,#12319,#12320)"
8435,EDGE_LOOP,"'',(#12321,#12322,#12323,#12324)"
8436,EDGE_LOOP,"'',(#12325,#12326,#12327,#12328)"
8437,EDGE_LOOP,"'',(#12329,#12330,#12331,#12332)"
8441,EDGE_LOOP,"'',(#12370,#12371,#12372,#12373)"
8442,EDGE_LOOP,"'',(#12374,#12375,#12376,#12377)"
8443,EDGE_LOOP,"'',(#12378,#12379,#12380,#12381)"
8444,EDGE_LOOP,"'',(#12382,#12383,#12384,#12385)"
8445,EDGE_LOOP,"'',(#12386,#12387,#12388,#12389)"
8446,EDGE_LOOP,"'',(#12390,#12391,#12392,#12393)"
8447,EDGE_LOOP,"'',(#12394,#12395,#12396,#12397)"
8448,EDGE_LOOP,"'',(#12398,#12399,#12400,#12401)"
8449,EDGE_LOOP,"'',(#12402,#12403,#12404,#12405)"
8450,EDGE_LOOP,"'',(#12406,#12407,#12408,#12409)"
8451,EDGE_LOOP,"'',(#12410,#12411,#12412,#12413)"
8452,EDGE_LOOP,"'',(#12414,#12415,#12416,#12417)"
8453,EDGE_LOOP,"'',(#12418,#12419,#12420,#12421)"
8454,EDGE_LOOP,"'',(#12422,#12423,#12424,#12425)"
8455,EDGE_LOOP,"'',(#12426,#12427,#12428,#12429)"
8456,EDGE_LOOP,"'',(#12430,#12431,#12432,#12433)"
8457,EDGE_LOOP,"'',(#12434,#12435,#12436,#12437)"
8458,EDGE_LOOP,"'',(#12438,#12439,#12440,#12441)"
8459,EDGE_LOOP,"'',(#12442,#12443,#12444,#12445)"
8460,EDGE_LOOP,"'',(#12446,#12447,#12448,#12449)"
8461,EDGE_LOOP,"'',(#12450,#12451,#12452,#12453)"
8462,EDGE_LOOP,"'',(#12454,#12455,#12456,#12457)"
8463,EDGE_LOOP,"'',(#12458,#12459,#12460,#12461)"
8464,EDGE_LOOP,"'',(#12462,#12463,#12464,#12465)"
8465,EDGE_LOOP,"'',(#12466,#12467,#12468,#12469)"
8466,EDGE_LOOP,"'',(#12470,#12471,#12472,#12473)"
8467,EDGE_LOOP,"'',(#12474,#12475,#12476,#12477)"
8468,EDGE_LOOP,"'',(#12478,#12479,#12480,#12481)"
8470,EDGE_LOOP,"'',(#12491)"
8471,EDGE_LOOP,"'',(#12492)"
8472,EDGE_LOOP,"'',(#12493)"
8473,EDGE_LOOP,"'',(#12494)"
8474,EDGE_LOOP,"'',(#12495)"
8475,EDGE_LOOP,"'',(#12496)"
8476,EDGE_LOOP,"'',(#12497)"
8477,EDGE_LOOP,"'',(#12498)"
8478,EDGE_LOOP,"'',(#12499)"
8479,EDGE_LOOP,"'',(#12500)"
8480,EDGE_LOOP,"'',(#12501)"
8481,EDGE_LOOP,"'',(#12502)"
8482,EDGE_LOOP,"'',(#12503)"
8483,EDGE_LOOP,"'',(#12504)"
8484,EDGE_LOOP,"'',(#12505)"
8485,EDGE_LOOP,"'',(#12506)"
8486,EDGE_LOOP,"'',(#12507,#12508,#12509,#12510)"
8487,EDGE_LOOP,"'',(#12511,#12512,#12513,#12514)"
8488,EDGE_LOOP,"'',(#12515,#12516,#12517,#12518)"
8489,EDGE_LOOP,"'',(#12519,#12520,#12521,#12522)"
8490,EDGE_LOOP,"'',(#12523,#12524,#12525,#12526)"
8491,EDGE_LOOP,"'',(#12527,#12528,#12529,#12530)"
8492,EDGE_LOOP,"'',(#12531,#12532,#12533,#12534)"
8493,EDGE_LOOP,"'',(#12535,#12536,#12537,#12538)"
8494,EDGE_LOOP,"'',(#12539,#12540,#12541,#12542)"
8495,EDGE_LOOP,"'',(#12543,#12544,#12545,#12546)"
8496,EDGE_LOOP,"'',(#12547,#12548,#12549,#12550)"
8497,EDGE_LOOP,"'',(#12551,#12552,#12553,#12554)"
8498,EDGE_LOOP,"'',(#12555,#12556,#12557,#12558)"
8499,EDGE_LOOP,"'',(#12559,#12560,#12561,#12562)"
8500,EDGE_LOOP,"'',(#12563,#12564,#12565,#12566)"
8502,EDGE_LOOP,"'',(#12582,#12583,#12584,#12585)"
8503,EDGE_LOOP,"'',(#12586,#12587,#12588,#12589)"
8504,EDGE_LOOP,"'',(#12590,#12591,#12592,#12593)"
8505,EDGE_LOOP,"'',(#12594,#12595,#12596,#12597)"
8506,EDGE_LOOP,"'',(#12598,#12599,#12600,#12601)"
8507,EDGE_LOOP,"'',(#12602,#12603,#12604,#12605)"
8508,EDGE_LOOP,"'',(#12606,#12607,#12608,#12609)"
8509,EDGE_LOOP,"'',(#12610,#12611,#12612,#12613)"
8510,EDGE_LOOP,"'',(#12614,#12615,#12616,#12617)"
8511,EDGE_LOOP,"'',(#12618,#12619,#12620,#12621)"
8512,EDGE_LOOP,"'',(#12622,#12623,#12624,#12625)"
8513,EDGE_LOOP,"'',(#12626,#12627,#12628,#12629)"
8514,EDGE_LOOP,"'',(#12630,#12631,#12632,#12633)"
8515,EDGE_LOOP,"'',(#12634,#12635,#12636,#12637)"
8516,EDGE_LOOP,"'',(#12638,#12639,#12640,#12641)"
8517,EDGE_LOOP,"'',(#12642,#12643,#12644,#12645)"
8518,EDGE_LOOP,"'',(#12646,#12647,#12648,#12649)"
8519,EDGE_LOOP,"'',(#12650,#12651,#12652,#12653)"
8520,EDGE_LOOP,"'',(#12654,#12655,#12656,#12657)"
8521,EDGE_LOOP,"'',(#12658,#12659,#12660,#12661)"
8522,EDGE_LOOP,"'',(#12662,#12663,#12664,#12665)"
8523,EDGE_LOOP,"'',(#12666,#12667,#12668,#12669)"
8525,EDGE_LOOP,"'',(#12692,#12693,#12694)"
8527,EDGE_LOOP,"'',(#12706,#12707,#12708,#12709)"
8528,EDGE_LOOP,"'',(#12710,#12711,#12712,#12713)"
8529,EDGE_LOOP,"'',(#12714,#12715,#12716,#12717)"
8530,EDGE_LOOP,"'',(#12718,#12719,#12720,#12721)"
8531,EDGE_LOOP,"'',(#12722,#12723,#12724,#12725)"
8532,EDGE_LOOP,"'',(#12726,#12727,#12728,#12729)"
8533,EDGE_LOOP,"'',(#12730,#12731,#12732,#12733)"
8534,EDGE_LOOP,"'',(#12734,#12735,#12736,#12737)"
8535,EDGE_LOOP,"'',(#12738,#12739,#12740,#12741)"
8536,EDGE_LOOP,"'',(#12742,#12743,#12744,#12745)"
8537,EDGE_LOOP,"'',(#12746,#12747,#12748,#12749)"
8538,EDGE_LOOP,"'',(#12750,#12751,#12752,#12753)"
8539,EDGE_LOOP,"'',(#12754,#12755,#12756,#12757)"
8540,EDGE_LOOP,"'',(#12758,#12759,#12760,#12761)"
8541,EDGE_LOOP,"'',(#12762,#12763,#12764)"
8542,EDGE_LOOP,"'',(#12765)"
8543,EDGE_LOOP,"'',(#12766)"
8544,EDGE_LOOP,"'',(#12767)"
8545,EDGE_LOOP,"'',(#12768)"
8546,EDGE_LOOP,"'',(#12769)"
8547,EDGE_LOOP,"'',(#12770)"
8548,EDGE_LOOP,"'',(#12771)"
8549,EDGE_LOOP,"'',(#12772)"
8550,EDGE_LOOP,"'',(#12773)"
8551,EDGE_LOOP,"'',(#12774)"
8553,EDGE_LOOP,"'',(#12787,#12788,#12789,#12790)"
8554,EDGE_LOOP,"'',(#12791,#12792,#12793,#12794)"
8555,EDGE_LOOP,"'',(#12795,#12796,#12797,#12798)"
8556,EDGE_LOOP,"'',(#12799,#12800,#12801,#12802)"
8557,EDGE_LOOP,"'',(#12803,#12804,#12805,#12806)"
8558,EDGE_LOOP,"'',(#12807,#12808,#12809,#12810,#12811,#12812,#12813,#12814)"
8559,EDGE_LOOP,"'',(#12815,#12816,#12817,#12818)"
8560,EDGE_LOOP,"'',(#12819,#12820,#12821,#12822,#12823)"
8561,EDGE_LOOP,"'',(#12824,#12825,#12826,#12827,#12828)"
8562,EDGE_LOOP,"'',(#12829)"
8563,EDGE_LOOP,"'',(#12830)"
8564,EDGE_LOOP,"'',(#12831)"
8565,EDGE_LOOP,"'',(#12832)"
8566,EDGE_LOOP,"'',(#12833,#12834,#12835,#12836)"
8567,EDGE_LOOP,"'',(#12837,#12838,#12839,#12840,#12841)"
8568,EDGE_LOOP,"'',(#12842)"
8569,EDGE_LOOP,"'',(#12843)"
8570,EDGE_LOOP,"'',(#12844)"
8571,EDGE_LOOP,"'',(#12845)"
8572,EDGE_LOOP,"'',(#12846,#12847,#12848,#12849)"
8573,EDGE_LOOP,"'',(#12850,#12851,#12852,#12853)"
8574,EDGE_LOOP,"'',(#12854,#12855,#12856,#12857,#12858,#12859,#12860,#12861)"
8575,EDGE_LOOP,"'',(#12862,#12863,#12864,#12865)"
8576,EDGE_LOOP,"'',(#12866,#12867,#12868,#12869)"
8577,EDGE_LOOP,"'',(#12870,#12871,#12872,#12873,#12874)"
8578,EDGE_LOOP,"'',(#12875)"
8579,EDGE_LOOP,"'',(#12876)"
8580,EDGE_LOOP,"'',(#12877)"
8581,EDGE_LOOP,"'',(#12878)"
8582,EDGE_LOOP,"'',(#12879,#12880,#12881,#12882)"
8583,EDGE_LOOP,"'',(#12883,#12884,#12885,#12886,#12887)"
8584,EDGE_LOOP,"'',(#12888)"
8585,EDGE_LOOP,"'',(#12889)"
8586,EDGE_LOOP,"'',(#12890)"
8587,EDGE_LOOP,"'',(#12891)"
8588,EDGE_LOOP,"'',(#12892,#12893,#12894,#12895)"
8589,EDGE_LOOP,"'',(#12896)"
8590,EDGE_LOOP,"'',(#12897)"
8591,EDGE_LOOP,"'',(#12898)"
8592,EDGE_LOOP,"'',(#12899)"
8593,EDGE_LOOP,"'',(#12900)"
8594,EDGE_LOOP,"'',(#12901)"
8595,EDGE_LOOP,"'',(#12902)"
8596,EDGE_LOOP,"'',(#12903)"
8597,EDGE_LOOP,"'',(#12904)"
8598,EDGE_LOOP,"'',(#12905)"
8599,EDGE_LOOP,"'',(#12906)"
8600,EDGE_LOOP,"'',(#12907)"
8601,EDGE_LOOP,"'',(#12908)"
8602,EDGE_LOOP,"'',(#12909)"
8603,EDGE_LOOP,"'',(#12910)"
8604,EDGE_LOOP,"'',(#12911)"
8605,EDGE_LOOP,"'',(#12912)"
8606,EDGE_LOOP,"'',(#12913)"
8607,EDGE_LOOP,"'',(#12914)"
8608,EDGE_LOOP,"'',(#12915)"
8609,EDGE_LOOP,"'',(#12916)"
8610,EDGE_LOOP,"'',(#12917)"
8611,EDGE_LOOP,"'',(#12918)"
8612,EDGE_LOOP,"'',(#12919)"
8613,EDGE_LOOP,"'',(#12920)"
8614,EDGE_LOOP,"'',(#12921)"
8615,EDGE_LOOP,"'',(#12922)"
8616,EDGE_LOOP,"'',(#12923)"
8617,EDGE_LOOP,"'',(#12924)"
8618,EDGE_LOOP,"'',(#12925)"
8619,EDGE_LOOP,"'',(#12926)"
8620,EDGE_LOOP,"'',(#12927)"
8621,EDGE_LOOP,"'',(#12928)"
8622,EDGE_LOOP,"'',(#12929)"
8623,EDGE_LOOP,"'',(#12930)"
8624,EDGE_LOOP,"'',(#12931)"
8625,EDGE_LOOP,"'',(#12932,#12933,#12934,#12935)"
8626,EDGE_LOOP,"'',(#12936,#12937,#12938,#12939)"
8627,EDGE_LOOP,"'',(#12940,#12941,#12942)"
8628,EDGE_LOOP,"'',(#12943,#12944,#12945,#12946)"
8629,EDGE_LOOP,"'',(#12947,#12948,#12949,#12950)"
8630,EDGE_LOOP,"'',(#12951,#12952,#12953,#12954)"
8631,EDGE_LOOP,"'',(#12955,#12956,#12957,#12958)"
8632,EDGE_LOOP,"'',(#12959,#12960,#12961,#12962)"
8633,EDGE_LOOP,"'',(#12963,#12964,#12965,#12966)"
8634,EDGE_LOOP,"'',(#12967,#12968,#12969,#12970)"
8635,EDGE_LOOP,"'',(#12971,#12972,#12973,#12974)"
8636,EDGE_LOOP,"'',(#12975,#12976,#12977,#12978)"
8637,EDGE_LOOP,"'',(#12979,#12980,#12981,#12982)"
8638,EDGE_LOOP,"'',(#12983,#12984,#12985,#12986)"
8639,EDGE_LOOP,"'',(#12987,#12988,#12989,#12990)"
8640,EDGE_LOOP,"'',(#12991,#12992,#12993,#12994)"
8641,EDGE_LOOP,"'',(#12995,#12996,#12997,#12998)"
8642,EDGE_LOOP,"'',(#12999,#13000,#13001,#13002)"
8643,EDGE_LOOP,"'',(#13003,#13004,#13005,#13006)"
8644,EDGE_LOOP,"'',(#13007,#13008,#13009,#13010)"
8645,EDGE_LOOP,"'',(#13011,#13012,#13013,#13014,#13015,#13016,#13017,#13018)"
8646,EDGE_LOOP,"'',(#13019,#13020,#13021,#13022)"
8647,EDGE_LOOP,"'',(#13023,#13024,#13025,#13026)"
8648,EDGE_LOOP,"'',(#13027,#13028,#13029,#13030)"
8649,EDGE_LOOP,"'',(#13031,#13032,#13033,#13034)"
8650,EDGE_LOOP,"'',(#13035,#13036,#13037,#13038)"
8651,EDGE_LOOP,"'',(#13039,#13040,#13041,#13042)"
8652,EDGE_LOOP,"'',(#13043,#13044,#13045,#13046)"
8653,EDGE_LOOP,"'',(#13047,#13048,#13049,#13050)"
8654,EDGE_LOOP,"'',(#13051,#13052,#13053,#13054)"
8655,EDGE_LOOP,"'',(#13055,#13056,#13057,#13058)"
8656,EDGE_LOOP,"'',(#13059,#13060,#13061,#13062)"
8657,EDGE_LOOP,"'',(#13063,#13064,#13065,#13066)"
8658,EDGE_LOOP,"'',(#13067,#13068,#13069,#13070)"
8659,EDGE_LOOP,"'',(#13071,#13072,#13073,#13074)"
8660,EDGE_LOOP,"'',(#13075,#13076,#13077,#13078)"
8661,EDGE_LOOP,"'',(#13079,#13080,#13081,#13082)"
8662,EDGE_LOOP,"'',(#13083,#13084,#13085,#13086)"
8663,EDGE_LOOP,"'',(#13087,#13088,#13089,#13090)"
8664,EDGE_LOOP,"'',(#13091,#13092,#13093,#13094)"
8665,EDGE_LOOP,"'',(#13095,#13096,#13097,#13098)"
8666,EDGE_LOOP,"'',(#13099,#13100,#13101,#13102)"
8667,EDGE_LOOP,"'',(#13103,#13104,#13105,#13106)"
8668,EDGE_LOOP,"'',(#13107,#13108,#13109,#13110)"
8669,EDGE_LOOP,"'',(#13111,#13112,#13113,#13114)"
8670,EDGE_LOOP,"'',(#13115,#13116,#13117,#13118)"
8671,EDGE_LOOP,"'',(#13119,#13120,#13121,#13122)"
8672,EDGE_LOOP,"'',(#13123,#13124,#13125,#13126)"
8673,EDGE_LOOP,"'',(#13127,#13128,#13129,#13130)"
8674,EDGE_LOOP,"'',(#13131,#13132,#13133,#13134)"
8675,EDGE_LOOP,"'',(#13135,#13136,#13137,#13138)"
8676,EDGE_LOOP,"'',(#13139,#13140,#13141,#13142)"
8677,EDGE_LOOP,"'',(#13143,#13144,#13145,#13146)"
8678,EDGE_LOOP,"'',(#13147,#13148,#13149,#13150)"
8679,EDGE_LOOP,"'',(#13151,#13152,#13153,#13154)"
8680,EDGE_LOOP,"'',(#13155,#13156,#13157,#13158)"
8681,EDGE_LOOP,"'',(#13159,#13160,#13161,#13162)"
8682,EDGE_LOOP,"'',(#13163,#13164,#13165,#13166)"
8683,EDGE_LOOP,"'',(#13167,#13168,#13169,#13170)"
8684,EDGE_LOOP,"'',(#13171,#13172,#13173,#13174)"
8685,EDGE_LOOP,"'',(#13175,#13176,#13177,#13178)"
8686,EDGE_LOOP,"'',(#13179,#13180,#13181,#13182)"
8687,EDGE_LOOP,"'',(#13183,#13184,#13185,#13186)"
8688,EDGE_LOOP,"'',(#13187,#13188,#13189,#13190)"
8689,EDGE_LOOP,"'',(#13191,#13192,#13193,#13194)"
8690,EDGE_LOOP,"'',(#13195,#13196,#13197,#13198)"
8691,EDGE_LOOP,"'',(#13199,#13200,#13201,#13202)"
8692,EDGE_LOOP,"'',(#13203,#13204,#13205,#13206)"
8693,EDGE_LOOP,"'',(#13207,#13208,#13209,#13210)"
8694,EDGE_LOOP,"'',(#13211,#13212,#13213,#13214)"
8695,EDGE_LOOP,"'',(#13215,#13216,#13217,#13218)"
8696,EDGE_LOOP,"'',(#13219,#13220,#13221,#13222)"
8697,EDGE_LOOP,"'',(#13223,#13224,#13225,#13226)"
8698,EDGE_LOOP,"'',(#13227,#13228,#13229,#13230)"
8699,EDGE_LOOP,"'',(#13231,#13232,#13233,#13234)"
8700,EDGE_LOOP,"'',(#13235,#13236,#13237,#13238)"
8701,EDGE_LOOP,"'',(#13239,#13240,#13241,#13242)"
8702,EDGE_LOOP,"'',(#13243,#13244,#13245,#13246)"
8703,EDGE_LOOP,"'',(#13247,#13248,#13249,#13250)"
8704,EDGE_LOOP,"'',(#13251,#13252,#13253,#13254)"
8705,EDGE_LOOP,"'',(#13255)"
8706,EDGE_LOOP,"'',(#13256)"
8707,EDGE_LOOP,"'',(#13257)"
8708,EDGE_LOOP,"'',(#13258)"
8709,EDGE_LOOP,"'',(#13259)"
8710,EDGE_LOOP,"'',(#13260)"
8711,EDGE_LOOP,"'',(#13261)"
8712,EDGE_LOOP,"'',(#13262)"
8713,EDGE_LOOP,"'',(#13263)"
8714,EDGE_LOOP,"'',(#13264)"
8715,EDGE_LOOP,"'',(#13265)"
8716,EDGE_LOOP,"'',(#13266)"
8717,EDGE_LOOP,"'',(#13267)"
8718,EDGE_LOOP,"'',(#13268)"
8719,EDGE_LOOP,"'',(#13269)"
8720,EDGE_LOOP,"'',(#13270)"
8721,EDGE_LOOP,"'',(#13271)"
8722,EDGE_LOOP,"'',(#13272)"
8723,EDGE_LOOP,"'',(#13273)"
8724,EDGE_LOOP,"'',(#13274)"
8725,EDGE_LOOP,"'',(#13275)"
8726,EDGE_LOOP,"'',(#13276)"
8727,EDGE_LOOP,"'',(#13277)"
8728,EDGE_LOOP,"'',(#13278)"
8729,EDGE_LOOP,"'',(#13279)"
8730,EDGE_LOOP,"'',(#13280)"
8731,EDGE_LOOP,"'',(#13281)"
8732,EDGE_LOOP,"'',(#13282)"
8733,EDGE_LOOP,"'',(#13283)"
8734,EDGE_LOOP,"'',(#13284)"
8735,EDGE_LOOP,"'',(#13285)"
8736,EDGE_LOOP,"'',(#13286)"
8737,EDGE_LOOP,"'',(#13287)"
8738,EDGE_LOOP,"'',(#13288)"
8739,EDGE_LOOP,"'',(#13289)"
8740,EDGE_LOOP,"'',(#13290)"
8741,EDGE_LOOP,"'',(#13291)"
8742,EDGE_LOOP,"'',(#13292)"
8743,EDGE_LOOP,"'',(#13293)"
8744,EDGE_LOOP,"'',(#13294)"
8745,EDGE_LOOP,"'',(#13295)"
8746,EDGE_LOOP,"'',(#13296)"
8747,EDGE_LOOP,"'',(#13297)"
8748,EDGE_LOOP,"'',(#13298)"
8749,EDGE_LOOP,"'',(#13299)"
8750,EDGE_LOOP,"'',(#13300)"
8751,EDGE_LOOP,"'',(#13301)"
8752,EDGE_LOOP,"'',(#13302)"
8753,EDGE_LOOP,"'',(#13303)"
8754,EDGE_LOOP,"'',(#13304)"
8755,EDGE_LOOP,"'',(#13305)"
8756,EDGE_LOOP,"'',(#13306)"
8757,EDGE_LOOP,"'',(#13307)"
8758,EDGE_LOOP,"'',(#13308)"
8759,EDGE_LOOP,"'',(#13309)"
8760,EDGE_LOOP,"'',(#13310)"
8761,EDGE_LOOP,"'',(#13311)"
8762,EDGE_LOOP,"'',(#13312)"
8763,EDGE_LOOP,"'',(#13313)"
8764,EDGE_LOOP,"'',(#13314)"
8765,EDGE_LOOP,"'',(#13315)"
8766,EDGE_LOOP,"'',(#13316)"
8767,EDGE_LOOP,"'',(#13317)"
8768,EDGE_LOOP,"'',(#13318)"
8769,EDGE_LOOP,"'',(#13319)"
8770,EDGE_LOOP,"'',(#13320)"
8771,EDGE_LOOP,"'',(#13321)"
8772,EDGE_LOOP,"'',(#13322)"
8773,EDGE_LOOP,"'',(#13323)"
8774,EDGE_LOOP,"'',(#13324)"
8775,EDGE_LOOP,"'',(#13325)"
8776,EDGE_LOOP,"'',(#13326)"
8777,EDGE_LOOP,"'',(#13327)"
8778,EDGE_LOOP,"'',(#13328)"
8779,EDGE_LOOP,"'',(#13329)"
8780,EDGE_LOOP,"'',(#13330)"
8781,EDGE_LOOP,"'',(#13331)"
8782,EDGE_LOOP,"'',(#13332)"
8783,EDGE_LOOP,"'',(#13333)"
8784,EDGE_LOOP,"'',(#13334)"
8785,EDGE_LOOP,"'',(#13335)"
8786,EDGE_LOOP,"'',(#13336)"
8787,EDGE_LOOP,"'',(#13337)"
8788,EDGE_LOOP,"'',(#13338)"
8789,EDGE_LOOP,"'',(#13339)"
8790,EDGE_LOOP,"'',(#13340)"
8791,EDGE_LOOP,"'',(#13341)"
8792,EDGE_LOOP,"'',(#13342)"
8793,EDGE_LOOP,"'',(#13343)"
8794,EDGE_LOOP,"'',(#13344)"
8795,EDGE_LOOP,"'',(#13345)"
8796,EDGE_LOOP,"'',(#13346)"
8797,EDGE_LOOP,"'',(#13347)"
8798,EDGE_LOOP,"'',(#13348)"
8799,EDGE_LOOP,"'',(#13349)"
8800,EDGE_LOOP,"'',(#13350)"
8801,EDGE_LOOP,"'',(#13351)"
8802,EDGE_LOOP,"'',(#13352)"
8803,EDGE_LOOP,"'',(#13353)"
8804,EDGE_LOOP,"'',(#13354)"
8805,EDGE_LOOP,"'',(#13355)"
8806,EDGE_LOOP,"'',(#13356)"
8807,EDGE_LOOP,"'',(#13357)"
8808,EDGE_LOOP,"'',(#13358)"
8809,EDGE_LOOP,"'',(#13359)"
8810,EDGE_LOOP,"'',(#13360)"
8811,EDGE_LOOP,"'',(#13361)"
8812,EDGE_LOOP,"'',(#13362)"
8813,EDGE_LOOP,"'',(#13363)"
8814,EDGE_LOOP,"'',(#13364)"
8815,EDGE_LOOP,"'',(#13365)"
8816,EDGE_LOOP,"'',(#13366)"
8817,EDGE_LOOP,"'',(#13367)"
8818,EDGE_LOOP,"'',(#13368)"
8819,EDGE_LOOP,"'',(#13369)"
8820,EDGE_LOOP,"'',(#13370)"
8821,EDGE_LOOP,"'',(#13371,#13372,#13373,#13374)"
8822,EDGE_LOOP,"'',(#13375,#13376,#13377,#13378)"
8823,EDGE_LOOP,"'',(#13379,#13380,#13381,#13382)"
8824,EDGE_LOOP,"'',(#13383,#13384,#13385,#13386)"
8825,EDGE_LOOP,"'',(#13387,#13388,#13389,#13390)"
8826,EDGE_LOOP,"'',(#13391,#13392,#13393,#13394)"
8827,EDGE_LOOP,"'',(#13395,#13396,#13397,#13398)"
8828,EDGE_LOOP,"'',(#13399,#13400,#13401,#13402)"
8829,EDGE_LOOP,"'',(#13403,#13404,#13405,#13406)"
8830,EDGE_LOOP,"'',(#13407,#13408,#13409,#13410)"
8831,EDGE_LOOP,"'',(#13411,#13412,#13413,#13414)"
8832,EDGE_LOOP,"'',(#13415,#13416,#13417,#13418)"
8833,EDGE_LOOP,"'',(#13419,#13420,#13421,#13422)"
8834,EDGE_LOOP,"'',(#13423,#13424,#13425,#13426)"
8835,EDGE_LOOP,"'',(#13427,#13428,#13429,#13430)"
8836,EDGE_LOOP,"'',(#13431,#13432,#13433,#13434)"
8837,EDGE_LOOP,"'',(#13435,#13436,#13437,#13438)"
8838,EDGE_LOOP,"'',(#13439,#13440,#13441,#13442)"
8839,EDGE_LOOP,"'',(#13443,#13444,#13445,#13446)"
8840,EDGE_LOOP,"'',(#13447,#13448,#13449,#13450)"
8841,EDGE_LOOP,"'',(#13451,#13452,#13453,#13454)"
8842,EDGE_LOOP,"'',(#13455,#13456,#13457,#13458)"
8843,EDGE_LOOP,"'',(#13459,#13460,#13461,#13462)"
8844,EDGE_LOOP,"'',(#13463,#13464,#13465,#13466)"
8845,EDGE_LOOP,"'',(#13467,#13468,#13469,#13470)"
8846,EDGE_LOOP,"'',(#13471,#13472,#13473,#13474)"
8847,EDGE_LOOP,"'',(#13475,#13476,#13477,#13478)"
8848,EDGE_LOOP,"'',(#13479,#13480,#13481,#13482)"
8849,EDGE_LOOP,"'',(#13483,#13484,#13485,#13486)"
8850,EDGE_LOOP,"'',(#13487,#13488,#13489,#13490)"
8851,EDGE_LOOP,"'',(#13491,#13492,#13493,#13494)"
8852,EDGE_LOOP,"'',(#13495,#13496,#13497,#13498)"
8853,EDGE_LOOP,"'',(#13499,#13500,#13501,#13502)"
8854,EDGE_LOOP,"'',(#13503,#13504,#13505,#13506)"
8855,EDGE_LOOP,"'',(#13507,#13508,#13509,#13510)"
8856,EDGE_LOOP,"'',(#13511,#13512,#13513,#13514)"
8857,EDGE_LOOP,"'',(#13515,#13516,#13517,#13518)"
8858,EDGE_LOOP,"'',(#13519,#13520,#13521,#13522)"
8859,EDGE_LOOP,"'',(#13523,#13524,#13525,#13526)"
8860,EDGE_LOOP,"'',(#13527,#13528,#13529,#13530)"
8861,EDGE_LOOP,"'',(#13531,#13532,#13533,#13534)"
8862,EDGE_LOOP,"'',(#13535,#13536,#13537,#13538)"
8863,EDGE_LOOP,"'',(#13539,#13540,#13541,#13542)"
8864,EDGE_LOOP,"'',(#13543,#13544,#13545,#13546)"
8865,EDGE_LOOP,"'',(#13547,#13548,#13549,#13550)"
8866,EDGE_LOOP,"'',(#13551,#13552,#13553,#13554)"
8867,EDGE_LOOP,"'',(#13555,#13556,#13557,#13558)"
8868,EDGE_LOOP,"'',(#13559,#13560,#13561,#13562)"
8869,EDGE_LOOP,"'',(#13563,#13564,#13565,#13566)"
8870,EDGE_LOOP,"'',(#13567,#13568,#13569,#13570)"
8871,EDGE_LOOP,"'',(#13571,#13572,#13573,#13574)"
8872,EDGE_LOOP,"'',(#13575,#13576,#13577,#13578)"
8873,EDGE_LOOP,"'',(#13579,#13580,#13581,#13582)"
8874,EDGE_LOOP,"'',(#13583,#13584,#13585,#13586)"
8875,EDGE_LOOP,"'',(#13587,#13588,#13589,#13590)"
8876,EDGE_LOOP,"'',(#13591,#13592,#13593,#13594)"
8877,EDGE_LOOP,"'',(#13595,#13596,#13597,#13598)"
8878,EDGE_LOOP,"'',(#13599,#13600,#13601,#13602)"
8879,EDGE_LOOP,"'',(#13603,#13604,#13605,#13606)"
8880,EDGE_LOOP,"'',(#13607,#13608,#13609,#13610)"
8881,EDGE_LOOP,"'',(#13611,#13612,#13613,#13614)"
8882,EDGE_LOOP,"'',(#13615,#13616,#13617,#13618)"
8883,EDGE_LOOP,"'',(#13619,#13620,#13621,#13622)"
8884,EDGE_LOOP,"'',(#13623,#13624,#13625,#13626)"
8885,EDGE_LOOP,"'',(#13627,#13628,#13629,#13630)"
8886,EDGE_LOOP,"'',(#13631,#13632,#13633,#13634)"
8887,EDGE_LOOP,"'',(#13635,#13636,#13637,#13638)"
8888,EDGE_LOOP,"'',(#13639,#13640,#13641,#13642)"
8889,EDGE_LOOP,"'',(#13643,#13644,#13645,#13646)"
8890,EDGE_LOOP,"'',(#13647,#13648,#13649,#13650)"
8891,EDGE_LOOP,"'',(#13651,#13652,#13653,#13654)"
8892,EDGE_LOOP,"'',(#13655,#13656,#13657,#13658)"
8893,EDGE_LOOP,"'',(#13659,#13660,#13661,#13662)"
8894,EDGE_LOOP,"'',(#13663,#13664,#13665,#13666)"
8895,EDGE_LOOP,"'',(#13667,#13668,#13669,#13670)"
8896,EDGE_LOOP,"'',(#13671,#13672,#13673,#13674,#13675,#13676,#13677)"
8897,EDGE_LOOP,"'',(#13678)"
8898,EDGE_LOOP,"'',(#13679)"
8899,EDGE_LOOP,"'',(#13680)"
8900,EDGE_LOOP,"'',(#13681)"
8901,EDGE_LOOP,"'',(#13682)"
8902,EDGE_LOOP,"'',(#13683)"
8903,EDGE_LOOP,"'',(#13684)"
8904,EDGE_LOOP,"'',(#13685)"
8905,EDGE_LOOP,"'',(#13686)"
8906,EDGE_LOOP,"'',(#13687)"
8907,EDGE_LOOP,"'',(#13688)"
8908,EDGE_LOOP,"'',(#13689)"
8909,EDGE_LOOP,"'',(#13690)"
8910,EDGE_LOOP,"'',(#13691)"
8911,EDGE_LOOP,"'',(#13692)"
8912,EDGE_LOOP,"'',(#13693)"
8913,EDGE_LOOP,"'',(#13694)"
8914,EDGE_LOOP,"'',(#13695)"
8915,EDGE_LOOP,"'',(#13696)"
8916,EDGE_LOOP,"'',(#13697)"
8917,EDGE_LOOP,"'',(#13698)"
8918,EDGE_LOOP,"'',(#13699)"
8919,EDGE_LOOP,"'',(#13700)"
8920,EDGE_LOOP,"'',(#13701)"
8921,EDGE_LOOP,"'',(#13702)"
8922,EDGE_LOOP,"'',(#13703)"
8923,EDGE_LOOP,"'',(#13704)"
8924,EDGE_LOOP,"'',(#13705)"
8925,EDGE_LOOP,"'',(#13706)"
8926,EDGE_LOOP,"'',(#13707)"
8927,EDGE_LOOP,"'',(#13708)"
8928,EDGE_LOOP,"'',(#13709)"
8929,EDGE_LOOP,"'',(#13710)"
8930,EDGE_LOOP,"'',(#13711)"
8931,EDGE_LOOP,"'',(#13712)"
8932,EDGE_LOOP,"'',(#13713)"
8933,EDGE_LOOP,"'',(#13714)"
8934,EDGE_LOOP,"'',(#13715)"
8935,EDGE_LOOP,"'',(#13716)"
8936,EDGE_LOOP,"'',(#13717)"
8937,EDGE_LOOP,"'',(#13718)"
8938,EDGE_LOOP,"'',(#13719)"
8939,EDGE_LOOP,"'',(#13720)"
8940,EDGE_LOOP,"'',(#13721)"
8941,EDGE_LOOP,"'',(#13722)"
8942,EDGE_LOOP,"'',(#13723)"
8943,EDGE_LOOP,"'',(#13724)"
8944,EDGE_LOOP,"'',(#13725)"
8945,EDGE_LOOP,"'',(#13726)"
8946,EDGE_LOOP,"'',(#13727)"
8947,EDGE_LOOP,"'',(#13728)"
8948,EDGE_LOOP,"'',(#13729)"
8949,EDGE_LOOP,"'',(#13730)"
8950,EDGE_LOOP,"'',(#13731)"
8951,EDGE_LOOP,"'',(#13732)"
8952,EDGE_LOOP,"'',(#13733)"
8953,EDGE_LOOP,"'',(#13734)"
8954,EDGE_LOOP,"'',(#13735)"
8955,EDGE_LOOP,"'',(#13736)"
8956,EDGE_LOOP,"'',(#13737)"
8957,EDGE_LOOP,"'',(#13738)"
8958,EDGE_LOOP,"'',(#13739)"
8959,EDGE_LOOP,"'',(#13740)"
8960,EDGE_LOOP,"'',(#13741)"
8961,EDGE_LOOP,"'',(#13742)"
8962,EDGE_LOOP,"'',(#13743)"
8963,EDGE_LOOP,"'',(#13744)"
8964,EDGE_LOOP,"'',(#13745)"
8965,EDGE_LOOP,"'',(#13746)"
8966,EDGE_LOOP,"'',(#13747)"
8967,EDGE_LOOP,"'',(#13748)"
8968,EDGE_LOOP,"'',(#13749)"
8969,EDGE_LOOP,"'',(#13750)"
8970,EDGE_LOOP,"'',(#13751)"
8971,EDGE_LOOP,"'',(#13752)"
8972,EDGE_LOOP,"'',(#13753)"
8973,EDGE_LOOP,"'',(#13754)"
8974,EDGE_LOOP,"'',(#13755)"
8975,EDGE_LOOP,"'',(#13756)"
8976,EDGE_LOOP,"'',(#13757)"
8977,EDGE_LOOP,"'',(#13758)"
8978,EDGE_LOOP,"'',(#13759)"
8979,EDGE_LOOP,"'',(#13760)"
8980,EDGE_LOOP,"'',(#13761)"
8981,EDGE_LOOP,"'',(#13762)"
8982,EDGE_LOOP,"'',(#13763)"
8983,EDGE_LOOP,"'',(#13764)"
8984,EDGE_LOOP,"'',(#13765)"
8985,EDGE_LOOP,"'',(#13766)"
8986,EDGE_LOOP,"'',(#13767)"
8987,EDGE_LOOP,"'',(#13768)"
8988,EDGE_LOOP,"'',(#13769)"
8989,EDGE_LOOP,"'',(#13770,#13771,#13772,#13773)"
8990,EDGE_LOOP,"'',(#13774,#13775,#13776,#13777)"
8991,EDGE_LOOP,"'',(#13778,#13779,#13780,#13781)"
8992,EDGE_LOOP,"'',(#13782,#13783,#13784,#13785)"
8993,EDGE_LOOP,"'',(#13786,#13787,#13788,#13789,#13790,#13791,#13792,#13793)"
8994,EDGE_LOOP,"'',(#13794)"
8995,EDGE_LOOP,"'',(#13795)"
8996,EDGE_LOOP,"'',(#13796)"
8997,EDGE_LOOP,"'',(#13797)"
8998,EDGE_LOOP,"'',(#13798,#13799,#13800,#13801,#13802,#13803,#13804,#13805)"
8999,EDGE_LOOP,"'',(#13806,#13807,#13808,#13809)"
9000,EDGE_LOOP,"'',(#13810,#13811,#13812,#13813)"
9001,EDGE_LOOP,"'',(#13814,#13815,#13816,#13817)"
9002,EDGE_LOOP,"'',(#13818,#13819,#13820,#13821)"
9003,EDGE_LOOP,"'',(#13822,#13823,#13824,#13825,#13826,#13827,#13828,#13829)"
9004,EDGE_LOOP,"'',(#13830,#13831,#13832,#13833,#13834,#13835,#13836,#13837)"
9005,EDGE_LOOP,"'',(#13838)"
9006,EDGE_LOOP,"'',(#13839)"
9007,EDGE_LOOP,"'',(#13840)"
9008,EDGE_LOOP,"'',(#13841)"
9009,EDGE_LOOP,"'',(#13842,#13843,#13844,#13845,#13846,#13847,#13848,#13849)"
9010,EDGE_LOOP,"'',(#13850,#13851,#13852,#13853)"
9011,EDGE_LOOP,"'',(#13854,#13855,#13856,#13857)"
9012,EDGE_LOOP,"'',(#13858,#13859,#13860,#13861)"
9013,EDGE_LOOP,"'',(#13862,#13863,#13864,#13865)"
9014,EDGE_LOOP,"'',(#13866,#13867,#13868,#13869,#13870,#13871,#13872,#13873)"
9015,EDGE_LOOP,"'',(#13874,#13875,#13876,#13877)"
9016,EDGE_LOOP,"'',(#13878,#13879,#13880,#13881)"
9017,EDGE_LOOP,"'',(#13882,#13883,#13884,#13885)"
9018,EDGE_LOOP,"'',(#13886,#13887,#13888,#13889)"
9019,EDGE_LOOP,"'',(#13890,#13891,#13892,#13893)"
9020,EDGE_LOOP,"'',(#13894,#13895,#13896,#13897)"
9021,EDGE_LOOP,"'',(#13898,#13899,#13900,#13901)"
9022,EDGE_LOOP,"'',(#13902,#13903,#13904,#13905)"
9023,EDGE_LOOP,"'',(#13906,#13907,#13908,#13909)"
9024,EDGE_LOOP,"'',(#13910,#13911,#13912,#13913)"
9025,EDGE_LOOP,"'',(#13914,#13915,#13916,#13917)"
9026,EDGE_LOOP,"'',(#13918,#13919,#13920,#13921)"
9027,EDGE_LOOP,"'',(#13922)"
9028,EDGE_LOOP,"'',(#13923)"
9029,EDGE_LOOP,"'',(#13924)"
9030,EDGE_LOOP,"'',(#13925)"
9031,EDGE_LOOP,"'',(#13926)"
9032,EDGE_LOOP,"'',(#13927)"
9033,EDGE_LOOP,"'',(#13928)"
9034,EDGE_LOOP,"'',(#13929)"
9035,EDGE_LOOP,"'',(#13930)"
9036,EDGE_LOOP,"'',(#13931)"
9037,EDGE_LOOP,"'',(#13932)"
9038,EDGE_LOOP,"'',(#13933)"
9039,EDGE_LOOP,"'',(#13934)"
9040,EDGE_LOOP,"'',(#13935)"
9041,EDGE_LOOP,"'',(#13936)"
9042,EDGE_LOOP,"'',(#13937)"
9043,EDGE_LOOP,"'',(#13938)"
9044,EDGE_LOOP,"'',(#13939)"
9045,EDGE_LOOP,"'',(#13940)"
9046,EDGE_LOOP,"'',(#13941)"
9047,EDGE_LOOP,"'',(#13942,#13943,#13944,#13945)"
9048,EDGE_LOOP,"'',(#13946,#13947,#13948,#13949)"
9049,EDGE_LOOP,"'',(#13950,#13951,#13952,#13953)"
9050,EDGE_LOOP,"'',(#13954,#13955,#13956,#13957)"
9051,EDGE_LOOP,"'',(#13958,#13959,#13960,#13961)"
9052,EDGE_LOOP,"'',(#13962,#13963,#13964,#13965)"
9053,EDGE_LOOP,"'',(#13966,#13967,#13968,#13969)"
9054,EDGE_LOOP,"'',(#13970,#13971,#13972,#13973)"
9055,EDGE_LOOP,"'',(#13974)"
9056,EDGE_LOOP,"'',(#13975)"
9057,EDGE_LOOP,"'',(#13976)"
9058,EDGE_LOOP,"'',(#13977)"
9059,EDGE_LOOP,"'',(#13978)"
9060,EDGE_LOOP,"'',(#13979)"
9061,EDGE_LOOP,"'',(#13980)"
9062,EDGE_LOOP,"'',(#13981)"
9063,EDGE_LOOP,"'',(#13982)"
9064,EDGE_LOOP,"'',(#13983)"
9065,EDGE_LOOP,"'',(#13984)"
9066,EDGE_LOOP,"'',(#13985)"
9067,EDGE_LOOP,"'',(#13986)"
9068,EDGE_LOOP,"'',(#13987)"
9069,EDGE_LOOP,"'',(#13988)"
9070,EDGE_LOOP,"'',(#13989)"
9071,EDGE_LOOP,"'',(#13990)"
9072,EDGE_LOOP,"'',(#13991)"
9073,EDGE_LOOP,"'',(#13992)"
9074,EDGE_LOOP,"'',(#13993)"
9075,EDGE_LOOP,"'',(#13994,#13995,#13996,#13997)"
9076,EDGE_LOOP,"'',(#13998,#13999,#14000,#14001)"
9077,EDGE_LOOP,"'',(#14002,#14003,#14004,#14005)"
9078,EDGE_LOOP,"'',(#14006,#14007,#14008,#14009)"
9079,EDGE_LOOP,"'',(#14010,#14011,#14012,#14013)"
9080,EDGE_LOOP,"'',(#14014,#14015,#14016,#14017)"
9081,EDGE_LOOP,"'',(#14018,#14019,#14020,#14021)"
9082,EDGE_LOOP,"'',(#14022,#14023,#14024,#14025)"
9083,EDGE_LOOP,"'',(#14026,#14027,#14028)"
9084,EDGE_LOOP,"'',(#14029,#14030,#14031,#14032)"
9085,EDGE_LOOP,"'',(#14033,#14034,#14035,#14036)"
9086,EDGE_LOOP,"'',(#14037,#14038,#14039,#14040)"
9087,EDGE_LOOP,"'',(#14041,#14042,#14043,#14044)"
9088,EDGE_LOOP,"'',(#14045,#14046,#14047)"
9089,EDGE_LOOP,"'',(#14048,#14049,#14050,#14051)"
9090,EDGE_LOOP,"'',(#14052,#14053,#14054,#14055)"
9091,EDGE_LOOP,"'',(#14056,#14057,#14058,#14059)"
9092,EDGE_LOOP,"'',(#14060,#14061,#14062,#14063)"
9093,EDGE_LOOP,"'',(#14064,#14065,#14066,#14067)"
9094,EDGE_LOOP,"'',(#14068,#14069,#14070)"
9095,EDGE_LOOP,"'',(#14071,#14072,#14073,#14074)"
9096,EDGE_LOOP,"'',(#14075,#14076,#14077,#14078)"
9097,EDGE_LOOP,"'',(#14079,#14080,#14081,#14082)"
9098,EDGE_LOOP,"'',(#14083,#14084,#14085,#14086)"
9099,EDGE_LOOP,"'',(#14087,#14088,#14089,#14090)"
9100,EDGE_LOOP,"'',(#14091,#14092,#14093,#14094)"
9101,EDGE_LOOP,"'',(#14095,#14096,#14097)"
9102,EDGE_LOOP,"'',(#14098,#14099,#14100,#14101)"
9103,EDGE_LOOP,"'',(#14102,#14103,#14104)"
9104,EDGE_LOOP,"'',(#14105,#14106,#14107,#14108)"
9105,EDGE_LOOP,"'',(#14109,#14110,#14111,#14112)"
9106,EDGE_LOOP,"'',(#14113,#14114,#14115,#14116)"
9107,EDGE_LOOP,"'',(#14117,#14118,#14119,#14120)"
9108,EDGE_LOOP,"'',(#14121,#14122,#14123,#14124)"
9109,EDGE_LOOP,"'',(#14125,#14126,#14127,#14128)"
9110,EDGE_LOOP,"'',(#14129,#14130,#14131,#14132)"
9111,EDGE_LOOP,"'',(#14133,#14134,#14135)"
9112,EDGE_LOOP,"'',(#14136,#14137,#14138,#14139)"
9113,EDGE_LOOP,"'',(#14140,#14141,#14142,#14143)"
9114,EDGE_LOOP,"'',(#14144,#14145,#14146,#14147)"
9115,EDGE_LOOP,"'',(#14148,#14149,#14150,#14151)"
9116,EDGE_LOOP,"'',(#14152,#14153,#14154)"
9117,EDGE_LOOP,"'',(#14155,#14156,#14157)"
9118,EDGE_LOOP,"'',(#14158,#14159,#14160,#14161)"
9119,EDGE_LOOP,"'',(#14162,#14163,#14164,#14165)"
9120,EDGE_LOOP,"'',(#14166,#14167,#14168,#14169)"
9121,EDGE_LOOP,"'',(#14170,#14171,#14172,#14173)"
9122,EDGE_LOOP,"'',(#14174,#14175,#14176,#14177)"
9123,EDGE_LOOP,"'',(#14178,#14179,#14180)"
9124,EDGE_LOOP,"'',(#14181,#14182,#14183,#14184)"
9125,EDGE_LOOP,"'',(#14185,#14186,#14187,#14188)"
9126,EDGE_LOOP,"'',(#14189,#14190,#14191,#14192)"
9127,EDGE_LOOP,"'',(#14193,#14194,#14195,#14196)"
9128,EDGE_LOOP,"'',(#14197,#14198,#14199,#14200)"
9129,EDGE_LOOP,"'',(#14201,#14202,#14203,#14204)"
9130,EDGE_LOOP,"'',(#14205,#14206,#14207,#14208)"
9131,EDGE_LOOP,"'',(#14209,#14210,#14211)"
9132,EDGE_LOOP,"'',(#14212,#14213,#14214,#14215)"
9133,EDGE_LOOP,"'',(#14216,#14217,#14218,#14219)"
9134,EDGE_LOOP,"'',(#14220,#14221,#14222,#14223)"
9135,EDGE_LOOP,"'',(#14224,#14225,#14226,#14227)"
9136,EDGE_LOOP,"'',(#14228,#14229,#14230,#14231)"
9137,EDGE_LOOP,"'',(#14232,#14233,#14234)"
9138,EDGE_LOOP,"'',(#14235,#14236,#14237)"
9139,EDGE_LOOP,"'',(#14238,#14239,#14240,#14241)"
9140,EDGE_LOOP,"'',(#14242,#14243,#14244,#14245)"
9141,EDGE_LOOP,"'',(#14246,#14247,#14248,#14249)"
9142,EDGE_LOOP,"'',(#14250,#14251,#14252,#14253)"
9143,EDGE_LOOP,"'',(#14254,#14255,#14256,#14257)"
9144,EDGE_LOOP,"'',(#14258,#14259,#14260)"
9145,EDGE_LOOP,"'',(#14261,#14262,#14263,#14264)"
9146,EDGE_LOOP,"'',(#14265,#14266,#14267,#14268)"
9147,EDGE_LOOP,"'',(#14269,#14270,#14271,#14272)"
9148,EDGE_LOOP,"'',(#14273,#14274,#14275,#14276)"
9149,EDGE_LOOP,"'',(#14277,#14278,#14279,#14280)"
9150,EDGE_LOOP,"'',(#14281,#14282,#14283,#14284)"
9151,EDGE_LOOP,"'',(#14285,#14286,#14287,#14288)"
9152,EDGE_LOOP,"'',(#14289,#14290,#14291,#14292)"
9153,EDGE_LOOP,"'',(#14293,#14294,#14295,#14296)"
9154,EDGE_LOOP,"'',(#14297,#14298,#14299,#14300)"
9155,EDGE_LOOP,"'',(#14301,#14302,#14303,#14304)"
9156,EDGE_LOOP,"'',(#14305,#14306,#14307,#14308)"
9157,EDGE_LOOP,"'',(#14309,#14310,#14311,#14312)"
9158,EDGE_LOOP,"'',(#14313,#14314,#14315,#14316)"
9159,EDGE_LOOP,"'',(#14317,#14318,#14319,#14320)"
9160,EDGE_LOOP,"'',(#14321,#14322,#14323,#14324)"
9161,EDGE_LOOP,"'',(#14325,#14326,#14327,#14328)"
9162,EDGE_LOOP,"'',(#14329,#14330,#14331,#14332)"
9163,EDGE_LOOP,"'',(#14333,#14334,#14335,#14336)"
9164,EDGE_LOOP,"'',(#14337,#14338,#14339,#14340)"
9165,EDGE_LOOP,"'',(#14341,#14342,#14343,#14344)"
9166,EDGE_LOOP,"'',(#14345,#14346,#14347,#14348)"
9167,EDGE_LOOP,"'',(#14349,#14350,#14351,#14352)"
9168,EDGE_LOOP,"'',(#14353,#14354,#14355,#14356)"
9169,EDGE_LOOP,"'',(#14357,#14358,#14359,#14360)"
9170,EDGE_LOOP,"'',(#14361,#14362,#14363,#14364)"
9171,EDGE_LOOP,"'',(#14365)"
9172,EDGE_LOOP,"'',(#14366)"
9173,EDGE_LOOP,"'',(#14367)"
9174,EDGE_LOOP,"'',(#14368)"
9175,EDGE_LOOP,"'',(#14369)"
9176,EDGE_LOOP,"'',(#14370)"
9177,EDGE_LOOP,"'',(#14371)"
9178,EDGE_LOOP,"'',(#14372)"
9179,EDGE_LOOP,"'',(#14373)"
9180,EDGE_LOOP,"'',(#14374)"
9181,EDGE_LOOP,"'',(#14375)"
9182,EDGE_LOOP,"'',(#14376)"
9183,EDGE_LOOP,"'',(#14377)"
9184,EDGE_LOOP,"'',(#14378)"
9185,EDGE_LOOP,"'',(#14379)"
9186,EDGE_LOOP,"'',(#14380)"
9187,EDGE_LOOP,"'',(#14381)"
9188,EDGE_LOOP,"'',(#14382)"
9189,EDGE_LOOP,"'',(#14383)"
9190,EDGE_LOOP,"'',(#14384)"
9191,EDGE_LOOP,"'',(#14385)"
9192,EDGE_LOOP,"'',(#14386)"
9193,EDGE_LOOP,"'',(#14387)"
9194,EDGE_LOOP,"'',(#14388)"
9195,EDGE_LOOP,"'',(#14389)"
9196,EDGE_LOOP,"'',(#14390)"
9197,EDGE_LOOP,"'',(#14391)"
9198,EDGE_LOOP,"'',(#14392)"
9199,EDGE_LOOP,"'',(#14393)"
9200,EDGE_LOOP,"'',(#14394)"
9201,EDGE_LOOP,"'',(#14395)"
9202,EDGE_LOOP,"'',(#14396)"
9203,EDGE_LOOP,"'',(#14397)"
9204,EDGE_LOOP,"'',(#14398)"
9205,EDGE_LOOP,"'',(#14399)"
9206,ORIENTED_EDGE,"'',*,*,#16200,.F."
9207,ORIENTED_EDGE,"'',*,*,#16201,.T."
9208,ORIENTED_EDGE,"'',*,*,#16202,.F."
9209,ORIENTED_EDGE,"'',*,*,#16203,.F."
9210,ORIENTED_EDGE,"'',*,*,#16204,.F."
9211,ORIENTED_EDGE,"'',*,*,#16205,.F."
9212,ORIENTED_EDGE,"'',*,*,#16206,.T."
9213,ORIENTED_EDGE,"'',*,*,#16207,.T."
9214,ORIENTED_EDGE,"'',*,*,#16208,.T."
9215,ORIENTED_EDGE,"'',*,*,#16209,.T."
9216,ORIENTED_EDGE,"'',*,*,#16210,.T."
9217,ORIENTED_EDGE,"'',*,*,#16211,.T."
9218,ORIENTED_EDGE,"'',*,*,#16212,.T."
9219,ORIENTED_EDGE,"'',*,*,#16213,.T."
9220,ORIENTED_EDGE,"'',*,*,#16214,.T."
9221,ORIENTED_EDGE,"'',*,*,#16215,.T."
9222,ORIENTED_EDGE,"'',*,*,#16216,.T."
9223,ORIENTED_EDGE,"'',*,*,#16217,.T."
9224,ORIENTED_EDGE,"'',*,*,#16218,.T."
9225,ORIENTED_EDGE,"'',*,*,#16219,.T."
9226,ORIENTED_EDGE,"'',*,*,#16220,.T."
9227,ORIENTED_EDGE,"'',*,*,#16221,.T."
9228,ORIENTED_EDGE,"'',*,*,#16222,.T."
9229,ORIENTED_EDGE,"'',*,*,#16223,.T."
9230,ORIENTED_EDGE,"'',*,*,#16224,.T."
9231,ORIENTED_EDGE,"'',*,*,#16225,.T."
9232,ORIENTED_EDGE,"'',*,*,#16226,.F."
9233,ORIENTED_EDGE,"'',*,*,#16227,.T."
9234,ORIENTED_EDGE,"'',*,*,#16228,.T."
9235,ORIENTED_EDGE,"'',*,*,#16229,.T."
9236,ORIENTED_EDGE,"'',*,*,#16230,.F."
9237,ORIENTED_EDGE,"'',*,*,#16231,.T."
9238,ORIENTED_EDGE,"'',*,*,#16232,.F."
9239,ORIENTED_EDGE,"'',*,*,#16233,.T."
9240,ORIENTED_EDGE,"'',*,*,#16234,.F."
9241,ORIENTED_EDGE,"'',*,*,#16235,.T."
9242,ORIENTED_EDGE,"'',*,*,#16236,.F."
9243,ORIENTED_EDGE,"'',*,*,#16237,.T."
9244,ORIENTED_EDGE,"'',*,*,#16238,.T."
9245,ORIENTED_EDGE,"'',*,*,#16239,.T."
9246,ORIENTED_EDGE,"'',*,*,#16240,.T."
9247,ORIENTED_EDGE,"'',*,*,#16241,.T."
9248,ORIENTED_EDGE,"'',*,*,#16242,.T."
9249,ORIENTED_EDGE,"'',*,*,#16243,.T."
9250,ORIENTED_EDGE,"'',*,*,#16244,.F."
9251,ORIENTED_EDGE,"'',*,*,#16245,.T."
9252,ORIENTED_EDGE,"'',*,*,#16246,.F."
9253,ORIENTED_EDGE,"'',*,*,#16247,.T."
9254,ORIENTED_EDGE,"'',*,*,#16248,.F."
9255,ORIENTED_EDGE,"'',*,*,#16249,.T."
9256,ORIENTED_EDGE,"'',*,*,#16250,.F."
9257,ORIENTED_EDGE,"'',*,*,#16251,.T."
9258,ORIENTED_EDGE,"'',*,*,#16252,.F."
9259,ORIENTED_EDGE,"'',*,*,#16253,.T."
9260,ORIENTED_EDGE,"'',*,*,#16254,.F."
9261,ORIENTED_EDGE,"'',*,*,#16255,.T."
9262,ORIENTED_EDGE,"'',*,*,#16256,.F."
9263,ORIENTED_EDGE,"'',*,*,#16257,.T."
9264,ORIENTED_EDGE,"'',*,*,#16258,.F."
9265,ORIENTED_EDGE,"'',*,*,#16259,.T."
9266,ORIENTED_EDGE,"'',*,*,#16260,.F."
9267,ORIENTED_EDGE,"'',*,*,#16261,.T."
9268,ORIENTED_EDGE,"'',*,*,#16262,.T."
9269,ORIENTED_EDGE,"'',*,*,#16263,.T."
9270,ORIENTED_EDGE,"'',*,*,#16264,.T."
9271,ORIENTED_EDGE,"'',*,*,#16265,.T."
9272,ORIENTED_EDGE,"'',*,*,#16266,.T."
9273,ORIENTED_EDGE,"'',*,*,#16267,.T."
9274,ORIENTED_EDGE,"'',*,*,#16268,.F."
9275,ORIENTED_EDGE,"'',*,*,#16269,.T."
9276,ORIENTED_EDGE,"'',*,*,#16270,.F."
9277,ORIENTED_EDGE,"'',*,*,#16271,.T."
9278,ORIENTED_EDGE,"'',*,*,#16272,.F."
9279,ORIENTED_EDGE,"'',*,*,#16273,.T."
9280,ORIENTED_EDGE,"'',*,*,#16274,.F."
9281,ORIENTED_EDGE,"'',*,*,#16275,.T."
9282,ORIENTED_EDGE,"'',*,*,#16276,.F."
9283,ORIENTED_EDGE,"'',*,*,#16277,.T."
9284,ORIENTED_EDGE,"'',*,*,#16278,.F."
9285,ORIENTED_EDGE,"'',*,*,#16279,.T."
9286,ORIENTED_EDGE,"'',*,*,#16280,.F."
9287,ORIENTED_EDGE,"'',*,*,#16281,.T."
9288,ORIENTED_EDGE,"'',*,*,#16282,.F."
9289,ORIENTED_EDGE,"'',*,*,#16283,.T."
9290,ORIENTED_EDGE,"'',*,*,#16284,.F."
9291,ORIENTED_EDGE,"'',*,*,#16285,.T."
9292,ORIENTED_EDGE,"'',*,*,#16286,.T."
9293,ORIENTED_EDGE,"'',*,*,#16287,.T."
9294,ORIENTED_EDGE,"'',*,*,#16288,.T."
9295,ORIENTED_EDGE,"'',*,*,#16289,.T."
9296,ORIENTED_EDGE,"'',*,*,#16290,.T."
9297,ORIENTED_EDGE,"'',*,*,#16291,.T."
9298,ORIENTED_EDGE,"'',*,*,#16292,.F."
9299,ORIENTED_EDGE,"'',*,*,#16293,.T."
9300,ORIENTED_EDGE,"'',*,*,#16294,.F."
9301,ORIENTED_EDGE,"'',*,*,#16295,.T."
9302,ORIENTED_EDGE,"'',*,*,#16296,.F."
9303,ORIENTED_EDGE,"'',*,*,#16297,.T."
9304,ORIENTED_EDGE,"'',*,*,#16298,.F."
9305,ORIENTED_EDGE,"'',*,*,#16299,.T."
9306,ORIENTED_EDGE,"'',*,*,#16300,.F."
9307,ORIENTED_EDGE,"'',*,*,#16301,.T."
9308,ORIENTED_EDGE,"'',*,*,#16302,.F."
9309,ORIENTED_EDGE,"'',*,*,#16303,.T."
9310,ORIENTED_EDGE,"'',*,*,#16304,.F."
9311,ORIENTED_EDGE,"'',*,*,#16305,.T."
9312,ORIENTED_EDGE,"'',*,*,#16306,.F."
9313,ORIENTED_EDGE,"'',*,*,#16307,.T."
9314,ORIENTED_EDGE,"'',*,*,#16308,.F."
9315,ORIENTED_EDGE,"'',*,*,#16309,.T."
9316,ORIENTED_EDGE,"'',*,*,#16310,.T."
9317,ORIENTED_EDGE,"'',*,*,#16311,.T."
9318,ORIENTED_EDGE,"'',*,*,#16312,.T."
9319,ORIENTED_EDGE,"'',*,*,#16313,.T."
9320,ORIENTED_EDGE,"'',*,*,#16314,.T."
9321,ORIENTED_EDGE,"'',*,*,#16315,.T."
9322,ORIENTED_EDGE,"'',*,*,#16316,.F."
9323,ORIENTED_EDGE,"'',*,*,#16317,.T."
9324,ORIENTED_EDGE,"'',*,*,#16318,.F."
9325,ORIENTED_EDGE,"'',*,*,#16319,.T."
9326,ORIENTED_EDGE,"'',*,*,#16320,.F."
9327,ORIENTED_EDGE,"'',*,*,#16321,.T."
9328,ORIENTED_EDGE,"'',*,*,#16322,.F."
9329,ORIENTED_EDGE,"'',*,*,#16323,.T."
9330,ORIENTED_EDGE,"'',*,*,#16324,.F."
9331,ORIENTED_EDGE,"'',*,*,#16325,.T."
9332,ORIENTED_EDGE,"'',*,*,#16326,.F."
9333,ORIENTED_EDGE,"'',*,*,#16327,.T."
9334,ORIENTED_EDGE,"'',*,*,#16328,.F."
9335,ORIENTED_EDGE,"'',*,*,#16329,.T."
9336,ORIENTED_EDGE,"'',*,*,#16330,.F."
9337,ORIENTED_EDGE,"'',*,*,#16331,.T."
9338,ORIENTED_EDGE,"'',*,*,#16332,.F."
9339,ORIENTED_EDGE,"'',*,*,#16333,.T."
9340,ORIENTED_EDGE,"'',*,*,#16334,.T."
9341,ORIENTED_EDGE,"'',*,*,#16335,.T."
9342,ORIENTED_EDGE,"'',*,*,#16336,.T."
9343,ORIENTED_EDGE,"'',*,*,#16337,.T."
9344,ORIENTED_EDGE,"'',*,*,#16338,.T."
9345,ORIENTED_EDGE,"'',*,*,#16339,.T."
9346,ORIENTED_EDGE,"'',*,*,#16340,.T."
9347,ORIENTED_EDGE,"'',*,*,#16341,.T."
9348,ORIENTED_EDGE,"'',*,*,#16342,.T."
9349,ORIENTED_EDGE,"'',*,*,#16343,.T."
9350,ORIENTED_EDGE,"'',*,*,#16344,.T."
9351,ORIENTED_EDGE,"'',*,*,#16345,.T."
9352,ORIENTED_EDGE,"'',*,*,#16226,.T."
9353,ORIENTED_EDGE,"'',*,*,#16346,.T."
9354,ORIENTED_EDGE,"'',*,*,#16347,.T."
9355,ORIENTED_EDGE,"'',*,*,#16348,.T."
9356,ORIENTED_EDGE,"'',*,*,#16230,.T."
9357,ORIENTED_EDGE,"'',*,*,#16349,.T."
9358,ORIENTED_EDGE,"'',*,*,#16350,.T."
9359,ORIENTED_EDGE,"'',*,*,#16351,.T."
9360,ORIENTED_EDGE,"'',*,*,#16352,.T."
9361,ORIENTED_EDGE,"'',*,*,#16353,.T."
9362,ORIENTED_EDGE,"'',*,*,#16354,.T."
9363,ORIENTED_EDGE,"'',*,*,#16355,.F."
9364,ORIENTED_EDGE,"'',*,*,#16356,.F."
9365,ORIENTED_EDGE,"'',*,*,#16357,.F."
9366,ORIENTED_EDGE,"'',*,*,#16358,.F."
9367,ORIENTED_EDGE,"'',*,*,#16359,.T."
9368,ORIENTED_EDGE,"'',*,*,#16360,.T."
9369,ORIENTED_EDGE,"'',*,*,#16361,.T."
9370,ORIENTED_EDGE,"'',*,*,#16362,.T."
9371,ORIENTED_EDGE,"'',*,*,#16363,.T."
9372,ORIENTED_EDGE,"'',*,*,#16364,.T."
9373,ORIENTED_EDGE,"'',*,*,#16365,.T."
9374,ORIENTED_EDGE,"'',*,*,#16366,.T."
9375,ORIENTED_EDGE,"'',*,*,#16367,.T."
9376,ORIENTED_EDGE,"'',*,*,#16368,.T."
9377,ORIENTED_EDGE,"'',*,*,#16369,.T."
9378,ORIENTED_EDGE,"'',*,*,#16370,.T."
9379,ORIENTED_EDGE,"'',*,*,#16371,.T."
9380,ORIENTED_EDGE,"'',*,*,#16372,.T."
9381,ORIENTED_EDGE,"'',*,*,#16373,.T."
9382,ORIENTED_EDGE,"'',*,*,#16374,.T."
9383,ORIENTED_EDGE,"'',*,*,#16375,.T."
9384,ORIENTED_EDGE,"'',*,*,#16376,.T."
9385,ORIENTED_EDGE,"'',*,*,#16377,.T."
9386,ORIENTED_EDGE,"'',*,*,#16378,.T."
9387,ORIENTED_EDGE,"'',*,*,#16379,.T."
9388,ORIENTED_EDGE,"'',*,*,#16380,.T."
9389,ORIENTED_EDGE,"'',*,*,#16381,.T."
9390,ORIENTED_EDGE,"'',*,*,#16382,.T."
9391,ORIENTED_EDGE,"'',*,*,#16383,.T."
9392,ORIENTED_EDGE,"'',*,*,#16384,.T."
9393,ORIENTED_EDGE,"'',*,*,#16385,.T."
9394,ORIENTED_EDGE,"'',*,*,#16386,.T."
9395,ORIENTED_EDGE,"'',*,*,#16387,.T."
9396,ORIENTED_EDGE,"'',*,*,#16388,.T."
9397,ORIENTED_EDGE,"'',*,*,#16389,.T."
9398,ORIENTED_EDGE,"'',*,*,#16390,.T."
9399,ORIENTED_EDGE,"'',*,*,#16391,.T."
9400,ORIENTED_EDGE,"'',*,*,#16392,.T."
9401,ORIENTED_EDGE,"'',*,*,#16393,.T."
9402,ORIENTED_EDGE,"'',*,*,#16394,.T."
9403,ORIENTED_EDGE,"'',*,*,#16395,.T."
9404,ORIENTED_EDGE,"'',*,*,#16396,.T."
9405,ORIENTED_EDGE,"'',*,*,#16397,.T."
9406,ORIENTED_EDGE,"'',*,*,#16398,.T."
9407,ORIENTED_EDGE,"'',*,*,#16399,.T."
9408,ORIENTED_EDGE,"'',*,*,#16400,.T."
9409,ORIENTED_EDGE,"'',*,*,#16401,.T."
9410,ORIENTED_EDGE,"'',*,*,#16402,.T."
9411,ORIENTED_EDGE,"'',*,*,#16403,.T."
9412,ORIENTED_EDGE,"'',*,*,#16404,.T."
9413,ORIENTED_EDGE,"'',*,*,#16405,.T."
9414,ORIENTED_EDGE,"'',*,*,#16406,.T."
9415,ORIENTED_EDGE,"'',*,*,#16407,.T."
9416,ORIENTED_EDGE,"'',*,*,#16408,.T."
9417,ORIENTED_EDGE,"'',*,*,#16409,.T."
9418,ORIENTED_EDGE,"'',*,*,#16410,.T."
9419,ORIENTED_EDGE,"'',*,*,#16411,.T."
9420,ORIENTED_EDGE,"'',*,*,#16412,.T."
9421,ORIENTED_EDGE,"'',*,*,#16413,.T."
9422,ORIENTED_EDGE,"'',*,*,#16414,.T."
9423,ORIENTED_EDGE,"'',*,*,#16415,.T."
9424,ORIENTED_EDGE,"'',*,*,#16416,.T."
9425,ORIENTED_EDGE,"'',*,*,#16417,.T."
9426,ORIENTED_EDGE,"'',*,*,#16418,.T."
9427,ORIENTED_EDGE,"'',*,*,#16419,.T."
9428,ORIENTED_EDGE,"'',*,*,#16420,.T."
9429,ORIENTED_EDGE,"'',*,*,#16421,.T."
9430,ORIENTED_EDGE,"'',*,*,#16422,.T."
9431,ORIENTED_EDGE,"'',*,*,#16423,.T."
9432,ORIENTED_EDGE,"'',*,*,#16424,.T."
9433,ORIENTED_EDGE,"'',*,*,#16425,.T."
9434,ORIENTED_EDGE,"'',*,*,#16426,.T."
9435,ORIENTED_EDGE,"'',*,*,#16427,.T."
9436,ORIENTED_EDGE,"'',*,*,#16428,.T."
9437,ORIENTED_EDGE,"'',*,*,#16429,.T."
9438,ORIENTED_EDGE,"'',*,*,#16430,.T."
9439,ORIENTED_EDGE,"'',*,*,#16431,.T."
9440,ORIENTED_EDGE,"'',*,*,#16432,.T."
9441,ORIENTED_EDGE,"'',*,*,#16433,.T."
9442,ORIENTED_EDGE,"'',*,*,#16434,.T."
9443,ORIENTED_EDGE,"'',*,*,#16435,.T."
9444,ORIENTED_EDGE,"'',*,*,#16436,.T."
9445,ORIENTED_EDGE,"'',*,*,#16437,.T."
9446,ORIENTED_EDGE,"'',*,*,#16438,.T."
9447,ORIENTED_EDGE,"'',*,*,#16439,.T."
9448,ORIENTED_EDGE,"'',*,*,#16440,.F."
9449,ORIENTED_EDGE,"'',*,*,#16441,.F."
9450,ORIENTED_EDGE,"'',*,*,#16442,.F."
9451,ORIENTED_EDGE,"'',*,*,#16443,.F."
9452,ORIENTED_EDGE,"'',*,*,#16444,.T."
9453,ORIENTED_EDGE,"'',*,*,#16445,.T."
9454,ORIENTED_EDGE,"'',*,*,#16446,.T."
9455,ORIENTED_EDGE,"'',*,*,#16447,.T."
9456,ORIENTED_EDGE,"'',*,*,#16448,.T."
9457,ORIENTED_EDGE,"'',*,*,#16449,.T."
9458,ORIENTED_EDGE,"'',*,*,#16450,.T."
9459,ORIENTED_EDGE,"'',*,*,#16451,.T."
9460,ORIENTED_EDGE,"'',*,*,#16452,.T."
9461,ORIENTED_EDGE,"'',*,*,#16453,.F."
9462,ORIENTED_EDGE,"'',*,*,#16454,.T."
9463,ORIENTED_EDGE,"'',*,*,#16455,.T."
9464,ORIENTED_EDGE,"'',*,*,#16456,.T."
9465,ORIENTED_EDGE,"'',*,*,#16457,.T."
9466,ORIENTED_EDGE,"'',*,*,#16458,.T."
9467,ORIENTED_EDGE,"'',*,*,#16459,.T."
9468,ORIENTED_EDGE,"'',*,*,#16460,.T."
9469,ORIENTED_EDGE,"'',*,*,#16461,.T."
9470,ORIENTED_EDGE,"'',*,*,#16462,.T."
9471,ORIENTED_EDGE,"'',*,*,#16463,.T."
9472,ORIENTED_EDGE,"'',*,*,#16464,.T."
9473,ORIENTED_EDGE,"'',*,*,#16465,.T."
9474,ORIENTED_EDGE,"'',*,*,#16466,.T."
9475,ORIENTED_EDGE,"'',*,*,#16467,.F."
9476,ORIENTED_EDGE,"'',*,*,#16468,.T."
9477,ORIENTED_EDGE,"'',*,*,#16469,.T."
9478,ORIENTED_EDGE,"'',*,*,#16470,.F."
9479,ORIENTED_EDGE,"'',*,*,#16471,.F."
9480,ORIENTED_EDGE,"'',*,*,#16472,.T."
9481,ORIENTED_EDGE,"'',*,*,#16473,.F."
9482,ORIENTED_EDGE,"'',*,*,#16474,.F."
9483,ORIENTED_EDGE,"'',*,*,#16475,.T."
9484,ORIENTED_EDGE,"'',*,*,#16476,.T."
9485,ORIENTED_EDGE,"'',*,*,#16477,.T."
9486,ORIENTED_EDGE,"'',*,*,#16478,.T."
9487,ORIENTED_EDGE,"'',*,*,#16479,.T."
9488,ORIENTED_EDGE,"'',*,*,#16480,.T."
9489,ORIENTED_EDGE,"'',*,*,#16481,.T."
9490,ORIENTED_EDGE,"'',*,*,#16482,.T."
9491,ORIENTED_EDGE,"'',*,*,#16483,.F."
9492,ORIENTED_EDGE,"'',*,*,#16484,.T."
9493,ORIENTED_EDGE,"'',*,*,#16485,.T."
9494,ORIENTED_EDGE,"'',*,*,#16486,.T."
9495,ORIENTED_EDGE,"'',*,*,#16487,.T."
9496,ORIENTED_EDGE,"'',*,*,#16488,.T."
9497,ORIENTED_EDGE,"'',*,*,#16489,.T."
9498,ORIENTED_EDGE,"'',*,*,#16490,.T."
9499,ORIENTED_EDGE,"'',*,*,#16491,.T."
9500,ORIENTED_EDGE,"'',*,*,#16492,.F."
9501,ORIENTED_EDGE,"'',*,*,#16493,.F."
9502,ORIENTED_EDGE,"'',*,*,#16494,.F."
9503,ORIENTED_EDGE,"'',*,*,#16495,.F."
9504,ORIENTED_EDGE,"'',*,*,#16496,.F."
9505,ORIENTED_EDGE,"'',*,*,#16497,.F."
9506,ORIENTED_EDGE,"'',*,*,#16498,.F."
9507,ORIENTED_EDGE,"'',*,*,#16499,.F."
9508,ORIENTED_EDGE,"'',*,*,#16500,.F."
9509,ORIENTED_EDGE,"'',*,*,#16501,.F."
9510,ORIENTED_EDGE,"'',*,*,#16502,.F."
9511,ORIENTED_EDGE,"'',*,*,#16503,.F."
9512,ORIENTED_EDGE,"'',*,*,#16504,.F."
9513,ORIENTED_EDGE,"'',*,*,#16505,.F."
9514,ORIENTED_EDGE,"'',*,*,#16506,.F."
9515,ORIENTED_EDGE,"'',*,*,#16507,.F."
9516,ORIENTED_EDGE,"'',*,*,#16508,.F."
9517,ORIENTED_EDGE,"'',*,*,#16509,.F."
9518,ORIENTED_EDGE,"'',*,*,#16510,.F."
9519,ORIENTED_EDGE,"'',*,*,#16511,.F."
9520,ORIENTED_EDGE,"'',*,*,#16512,.F."
9521,ORIENTED_EDGE,"'',*,*,#16513,.F."
9522,ORIENTED_EDGE,"'',*,*,#16514,.F."
9523,ORIENTED_EDGE,"'',*,*,#16515,.F."
9524,ORIENTED_EDGE,"'',*,*,#16516,.F."
9525,ORIENTED_EDGE,"'',*,*,#16517,.F."
9526,ORIENTED_EDGE,"'',*,*,#16518,.F."
9527,ORIENTED_EDGE,"'',*,*,#16519,.F."
9528,ORIENTED_EDGE,"'',*,*,#16520,.F."
9529,ORIENTED_EDGE,"'',*,*,#16521,.F."
9530,ORIENTED_EDGE,"'',*,*,#16522,.F."
9531,ORIENTED_EDGE,"'',*,*,#16523,.F."
9532,ORIENTED_EDGE,"'',*,*,#16524,.F."
9533,ORIENTED_EDGE,"'',*,*,#16525,.F."
9534,ORIENTED_EDGE,"'',*,*,#16526,.F."
9535,ORIENTED_EDGE,"'',*,*,#16527,.F."
9536,ORIENTED_EDGE,"'',*,*,#16528,.F."
9537,ORIENTED_EDGE,"'',*,*,#16529,.F."
9538,ORIENTED_EDGE,"'',*,*,#16530,.F."
9539,ORIENTED_EDGE,"'',*,*,#16531,.F."
9540,ORIENTED_EDGE,"'',*,*,#16532,.F."
9541,ORIENTED_EDGE,"'',*,*,#16533,.F."
9542,ORIENTED_EDGE,"'',*,*,#16534,.F."
9543,ORIENTED_EDGE,"'',*,*,#16535,.F."
9544,ORIENTED_EDGE,"'',*,*,#16536,.T."
9545,ORIENTED_EDGE,"'',*,*,#16537,.T."
9546,ORIENTED_EDGE,"'',*,*,#16538,.T."
9547,ORIENTED_EDGE,"'',*,*,#16539,.F."
9548,ORIENTED_EDGE,"'',*,*,#16540,.F."
9549,ORIENTED_EDGE,"'',*,*,#16541,.T."
9550,ORIENTED_EDGE,"'',*,*,#16542,.T."
9551,ORIENTED_EDGE,"'',*,*,#16543,.T."
9552,ORIENTED_EDGE,"'',*,*,#16544,.F."
9553,ORIENTED_EDGE,"'',*,*,#16545,.F."
9554,ORIENTED_EDGE,"'',*,*,#16546,.F."
9555,ORIENTED_EDGE,"'',*,*,#16547,.F."
9556,ORIENTED_EDGE,"'',*,*,#16548,.F."
9557,ORIENTED_EDGE,"'',*,*,#16549,.F."
9558,ORIENTED_EDGE,"'',*,*,#16550,.F."
9559,ORIENTED_EDGE,"'',*,*,#16551,.F."
9560,ORIENTED_EDGE,"'',*,*,#16552,.F."
9561,ORIENTED_EDGE,"'',*,*,#16553,.F."
9562,ORIENTED_EDGE,"'',*,*,#16554,.F."
9563,ORIENTED_EDGE,"'',*,*,#16555,.F."
9564,ORIENTED_EDGE,"'',*,*,#16556,.F."
9565,ORIENTED_EDGE,"'',*,*,#16557,.F."
9566,ORIENTED_EDGE,"'',*,*,#16558,.F."
9567,ORIENTED_EDGE,"'',*,*,#16559,.F."
9568,ORIENTED_EDGE,"'',*,*,#16560,.F."
9569,ORIENTED_EDGE,"'',*,*,#16561,.F."
9570,ORIENTED_EDGE,"'',*,*,#16562,.F."
9571,ORIENTED_EDGE,"'',*,*,#16563,.F."
9572,ORIENTED_EDGE,"'',*,*,#16564,.F."
9573,ORIENTED_EDGE,"'',*,*,#16565,.F."
9574,ORIENTED_EDGE,"'',*,*,#16566,.F."
9575,ORIENTED_EDGE,"'',*,*,#16567,.F."
9576,ORIENTED_EDGE,"'',*,*,#16568,.F."
9577,ORIENTED_EDGE,"'',*,*,#16569,.F."
9578,ORIENTED_EDGE,"'',*,*,#16570,.F."
9579,ORIENTED_EDGE,"'',*,*,#16571,.F."
9580,ORIENTED_EDGE,"'',*,*,#16572,.F."
9581,ORIENTED_EDGE,"'',*,*,#16573,.F."
9582,ORIENTED_EDGE,"'',*,*,#16574,.F."
9583,ORIENTED_EDGE,"'',*,*,#16575,.F."
9584,ORIENTED_EDGE,"'',*,*,#16576,.F."
9585,ORIENTED_EDGE,"'',*,*,#16577,.F."
9586,ORIENTED_EDGE,"'',*,*,#16578,.F."
9587,ORIENTED_EDGE,"'',*,*,#16579,.F."
9588,ORIENTED_EDGE,"'',*,*,#16580,.F."
9589,ORIENTED_EDGE,"'',*,*,#16581,.F."
9590,ORIENTED_EDGE,"'',*,*,#16582,.F."
9591,ORIENTED_EDGE,"'',*,*,#16583,.F."
9592,ORIENTED_EDGE,"'',*,*,#16584,.F."
9593,ORIENTED_EDGE,"'',*,*,#16585,.F."
9594,ORIENTED_EDGE,"'',*,*,#16586,.F."
9595,ORIENTED_EDGE,"'',*,*,#16587,.F."
9596,ORIENTED_EDGE,"'',*,*,#16588,.F."
9597,ORIENTED_EDGE,"'',*,*,#16589,.T."
9598,ORIENTED_EDGE,"'',*,*,#16590,.T."
9599,ORIENTED_EDGE,"'',*,*,#16591,.T."
9600,ORIENTED_EDGE,"'',*,*,#16592,.T."
9601,ORIENTED_EDGE,"'',*,*,#16593,.F."
9602,ORIENTED_EDGE,"'',*,*,#16594,.T."
9603,ORIENTED_EDGE,"'',*,*,#16595,.T."
9604,ORIENTED_EDGE,"'',*,*,#16596,.T."
9605,ORIENTED_EDGE,"'',*,*,#16597,.T."
9606,ORIENTED_EDGE,"'',*,*,#16598,.F."
9607,ORIENTED_EDGE,"'',*,*,#16599,.T."
9608,ORIENTED_EDGE,"'',*,*,#16600,.T."
9609,ORIENTED_EDGE,"'',*,*,#16601,.T."
9610,ORIENTED_EDGE,"'',*,*,#16602,.T."
9611,ORIENTED_EDGE,"'',*,*,#16603,.T."
9612,ORIENTED_EDGE,"'',*,*,#16604,.T."
9613,ORIENTED_EDGE,"'',*,*,#16605,.T."
9614,ORIENTED_EDGE,"'',*,*,#16606,.T."
9615,ORIENTED_EDGE,"'',*,*,#16607,.T."
9616,ORIENTED_EDGE,"'',*,*,#16608,.T."
9617,ORIENTED_EDGE,"'',*,*,#16609,.T."
9618,ORIENTED_EDGE,"'',*,*,#16610,.T."
9619,ORIENTED_EDGE,"'',*,*,#16611,.F."
9620,ORIENTED_EDGE,"'',*,*,#16612,.T."
9621,ORIENTED_EDGE,"'',*,*,#16613,.T."
9622,ORIENTED_EDGE,"'',*,*,#16614,.T."
9623,ORIENTED_EDGE,"'',*,*,#16615,.T."
9624,ORIENTED_EDGE,"'',*,*,#16616,.F."
9625,ORIENTED_EDGE,"'',*,*,#16617,.T."
9626,ORIENTED_EDGE,"'',*,*,#16618,.T."
9627,ORIENTED_EDGE,"'',*,*,#16619,.T."
9628,ORIENTED_EDGE,"'',*,*,#16620,.T."
9629,ORIENTED_EDGE,"'',*,*,#16621,.T."
9630,ORIENTED_EDGE,"'',*,*,#16622,.T."
9631,ORIENTED_EDGE,"'',*,*,#16482,.F."
9632,ORIENTED_EDGE,"'',*,*,#16623,.T."
9633,ORIENTED_EDGE,"'',*,*,#16617,.F."
9634,ORIENTED_EDGE,"'',*,*,#16624,.F."
9635,ORIENTED_EDGE,"'',*,*,#16609,.F."
9636,ORIENTED_EDGE,"'',*,*,#16625,.T."
9637,ORIENTED_EDGE,"'',*,*,#16458,.F."
9638,ORIENTED_EDGE,"'',*,*,#16626,.T."
9639,ORIENTED_EDGE,"'',*,*,#16466,.F."
9640,ORIENTED_EDGE,"'',*,*,#16627,.T."
9641,ORIENTED_EDGE,"'',*,*,#16599,.F."
9642,ORIENTED_EDGE,"'',*,*,#16628,.F."
9643,ORIENTED_EDGE,"'',*,*,#16591,.F."
9644,ORIENTED_EDGE,"'',*,*,#16629,.T."
9645,ORIENTED_EDGE,"'',*,*,#16486,.F."
9646,ORIENTED_EDGE,"'',*,*,#16630,.T."
9647,ORIENTED_EDGE,"'',*,*,#16631,.T."
9648,ORIENTED_EDGE,"'',*,*,#16632,.F."
9649,ORIENTED_EDGE,"'',*,*,#16633,.F."
9650,ORIENTED_EDGE,"'',*,*,#16452,.F."
9651,ORIENTED_EDGE,"'',*,*,#16634,.T."
9652,ORIENTED_EDGE,"'',*,*,#16635,.T."
9653,ORIENTED_EDGE,"'',*,*,#16636,.F."
9654,ORIENTED_EDGE,"'',*,*,#16637,.T."
9655,ORIENTED_EDGE,"'',*,*,#16638,.T."
9656,ORIENTED_EDGE,"'',*,*,#16639,.T."
9657,ORIENTED_EDGE,"'',*,*,#16640,.T."
9658,ORIENTED_EDGE,"'',*,*,#16641,.F."
9659,ORIENTED_EDGE,"'',*,*,#16642,.F."
9660,ORIENTED_EDGE,"'',*,*,#16643,.F."
9661,ORIENTED_EDGE,"'',*,*,#16644,.F."
9662,ORIENTED_EDGE,"'',*,*,#16645,.F."
9663,ORIENTED_EDGE,"'',*,*,#16646,.F."
9664,ORIENTED_EDGE,"'',*,*,#16647,.F."
9665,ORIENTED_EDGE,"'',*,*,#16648,.F."
9666,ORIENTED_EDGE,"'',*,*,#16649,.F."
9667,ORIENTED_EDGE,"'',*,*,#16650,.F."
9668,ORIENTED_EDGE,"'',*,*,#16651,.F."
9669,ORIENTED_EDGE,"'',*,*,#16652,.F."
9670,ORIENTED_EDGE,"'',*,*,#16653,.F."
9671,ORIENTED_EDGE,"'',*,*,#16654,.F."
9672,ORIENTED_EDGE,"'',*,*,#16655,.F."
9673,ORIENTED_EDGE,"'',*,*,#16656,.F."
9674,ORIENTED_EDGE,"'',*,*,#16657,.F."
9675,ORIENTED_EDGE,"'',*,*,#16658,.F."
9676,ORIENTED_EDGE,"'',*,*,#16659,.F."
9677,ORIENTED_EDGE,"'',*,*,#16660,.F."
9678,ORIENTED_EDGE,"'',*,*,#16661,.F."
9679,ORIENTED_EDGE,"'',*,*,#16662,.F."
9680,ORIENTED_EDGE,"'',*,*,#16663,.F."
9681,ORIENTED_EDGE,"'',*,*,#16664,.F."
9682,ORIENTED_EDGE,"'',*,*,#16665,.F."
9683,ORIENTED_EDGE,"'',*,*,#16666,.F."
9684,ORIENTED_EDGE,"'',*,*,#16667,.F."
9685,ORIENTED_EDGE,"'',*,*,#16668,.F."
9686,ORIENTED_EDGE,"'',*,*,#16669,.F."
9687,ORIENTED_EDGE,"'',*,*,#16670,.F."
9688,ORIENTED_EDGE,"'',*,*,#16671,.F."
9689,ORIENTED_EDGE,"'',*,*,#16672,.F."
9690,ORIENTED_EDGE,"'',*,*,#16673,.F."
9691,ORIENTED_EDGE,"'',*,*,#16674,.F."
9692,ORIENTED_EDGE,"'',*,*,#16675,.F."
9693,ORIENTED_EDGE,"'',*,*,#16676,.F."
9694,ORIENTED_EDGE,"'',*,*,#16677,.F."
9695,ORIENTED_EDGE,"'',*,*,#16678,.F."
9696,ORIENTED_EDGE,"'',*,*,#16679,.F."
9697,ORIENTED_EDGE,"'',*,*,#16680,.F."
9698,ORIENTED_EDGE,"'',*,*,#16681,.F."
9699,ORIENTED_EDGE,"'',*,*,#16682,.F."
9700,ORIENTED_EDGE,"'',*,*,#16683,.F."
9701,ORIENTED_EDGE,"'',*,*,#16684,.F."
9702,ORIENTED_EDGE,"'',*,*,#16685,.F."
9703,ORIENTED_EDGE,"'',*,*,#16686,.F."
9704,ORIENTED_EDGE,"'',*,*,#16687,.F."
9705,ORIENTED_EDGE,"'',*,*,#16688,.F."
9706,ORIENTED_EDGE,"'',*,*,#16689,.F."
9707,ORIENTED_EDGE,"'',*,*,#16690,.F."
9708,ORIENTED_EDGE,"'',*,*,#16691,.F."
9709,ORIENTED_EDGE,"'',*,*,#16692,.F."
9710,ORIENTED_EDGE,"'',*,*,#16693,.F."
9711,ORIENTED_EDGE,"'',*,*,#16694,.F."
9712,ORIENTED_EDGE,"'',*,*,#16695,.F."
9713,ORIENTED_EDGE,"'',*,*,#16696,.F."
9714,ORIENTED_EDGE,"'',*,*,#16697,.F."
9715,ORIENTED_EDGE,"'',*,*,#16698,.F."
9716,ORIENTED_EDGE,"'',*,*,#16699,.F."
9717,ORIENTED_EDGE,"'',*,*,#16700,.F."
9718,ORIENTED_EDGE,"'',*,*,#16701,.F."
9719,ORIENTED_EDGE,"'',*,*,#16702,.F."
9720,ORIENTED_EDGE,"'',*,*,#16703,.F."
9721,ORIENTED_EDGE,"'',*,*,#16704,.F."
9722,ORIENTED_EDGE,"'',*,*,#16705,.F."
9723,ORIENTED_EDGE,"'',*,*,#16706,.F."
9724,ORIENTED_EDGE,"'',*,*,#16707,.F."
9725,ORIENTED_EDGE,"'',*,*,#16708,.F."
9726,ORIENTED_EDGE,"'',*,*,#16709,.F."
9727,ORIENTED_EDGE,"'',*,*,#16710,.F."
9728,ORIENTED_EDGE,"'',*,*,#16711,.F."
9729,ORIENTED_EDGE,"'',*,*,#16712,.F."
9730,ORIENTED_EDGE,"'',*,*,#16713,.F."
9731,ORIENTED_EDGE,"'',*,*,#16714,.F."
9732,ORIENTED_EDGE,"'',*,*,#16715,.F."
9733,ORIENTED_EDGE,"'',*,*,#16716,.F."
9734,ORIENTED_EDGE,"'',*,*,#16717,.F."
9735,ORIENTED_EDGE,"'',*,*,#16718,.F."
9736,ORIENTED_EDGE,"'',*,*,#16719,.F."
9737,ORIENTED_EDGE,"'',*,*,#16720,.F."
9738,ORIENTED_EDGE,"'',*,*,#16721,.F."
9739,ORIENTED_EDGE,"'',*,*,#16722,.F."
9740,ORIENTED_EDGE,"'',*,*,#16723,.F."
9741,ORIENTED_EDGE,"'',*,*,#16724,.F."
9742,ORIENTED_EDGE,"'',*,*,#16725,.F."
9743,ORIENTED_EDGE,"'',*,*,#16726,.F."
9744,ORIENTED_EDGE,"'',*,*,#16727,.F."
9745,ORIENTED_EDGE,"'',*,*,#16728,.F."
9746,ORIENTED_EDGE,"'',*,*,#16729,.F."
9747,ORIENTED_EDGE,"'',*,*,#16730,.F."
9748,ORIENTED_EDGE,"'',*,*,#16731,.F."
9749,ORIENTED_EDGE,"'',*,*,#16732,.F."
9750,ORIENTED_EDGE,"'',*,*,#16733,.F."
9751,ORIENTED_EDGE,"'',*,*,#16734,.F."
9752,ORIENTED_EDGE,"'',*,*,#16735,.F."
9753,ORIENTED_EDGE,"'',*,*,#16736,.T."
9754,ORIENTED_EDGE,"'',*,*,#16737,.T."
9755,ORIENTED_EDGE,"'',*,*,#16738,.T."
9756,ORIENTED_EDGE,"'',*,*,#16739,.F."
9757,ORIENTED_EDGE,"'',*,*,#16740,.F."
9758,ORIENTED_EDGE,"'',*,*,#16741,.T."
9759,ORIENTED_EDGE,"'',*,*,#16742,.T."
9760,ORIENTED_EDGE,"'',*,*,#16743,.T."
9761,ORIENTED_EDGE,"'',*,*,#16744,.F."
9762,ORIENTED_EDGE,"'',*,*,#16745,.F."
9763,ORIENTED_EDGE,"'',*,*,#16746,.T."
9764,ORIENTED_EDGE,"'',*,*,#16747,.T."
9765,ORIENTED_EDGE,"'',*,*,#16748,.T."
9766,ORIENTED_EDGE,"'',*,*,#16749,.F."
9767,ORIENTED_EDGE,"'',*,*,#16750,.F."
9768,ORIENTED_EDGE,"'',*,*,#16751,.F."
9769,ORIENTED_EDGE,"'',*,*,#16752,.F."
9770,ORIENTED_EDGE,"'',*,*,#16753,.F."
9771,ORIENTED_EDGE,"'',*,*,#16754,.F."
9772,ORIENTED_EDGE,"'',*,*,#16755,.F."
9773,ORIENTED_EDGE,"'',*,*,#16756,.F."
9774,ORIENTED_EDGE,"'',*,*,#16757,.F."
9775,ORIENTED_EDGE,"'',*,*,#16758,.F."
9776,ORIENTED_EDGE,"'',*,*,#16759,.F."
9777,ORIENTED_EDGE,"'',*,*,#16760,.F."
9778,ORIENTED_EDGE,"'',*,*,#16761,.F."
9779,ORIENTED_EDGE,"'',*,*,#16762,.F."
9780,ORIENTED_EDGE,"'',*,*,#16763,.F."
9781,ORIENTED_EDGE,"'',*,*,#16764,.F."
9782,ORIENTED_EDGE,"'',*,*,#16765,.F."
9783,ORIENTED_EDGE,"'',*,*,#16766,.F."
9784,ORIENTED_EDGE,"'',*,*,#16767,.F."
9785,ORIENTED_EDGE,"'',*,*,#16768,.F."
9786,ORIENTED_EDGE,"'',*,*,#16769,.F."
9787,ORIENTED_EDGE,"'',*,*,#16770,.F."
9788,ORIENTED_EDGE,"'',*,*,#16771,.F."
9789,ORIENTED_EDGE,"'',*,*,#16772,.F."
9790,ORIENTED_EDGE,"'',*,*,#16773,.F."
9791,ORIENTED_EDGE,"'',*,*,#16774,.F."
9792,ORIENTED_EDGE,"'',*,*,#16775,.F."
9793,ORIENTED_EDGE,"'',*,*,#16776,.F."
9794,ORIENTED_EDGE,"'',*,*,#16777,.F."
9795,ORIENTED_EDGE,"'',*,*,#16778,.F."
9796,ORIENTED_EDGE,"'',*,*,#16779,.F."
9797,ORIENTED_EDGE,"'',*,*,#16780,.F."
9798,ORIENTED_EDGE,"'',*,*,#16781,.F."
9799,ORIENTED_EDGE,"'',*,*,#16782,.F."
9800,ORIENTED_EDGE,"'',*,*,#16783,.F."
9801,ORIENTED_EDGE,"'',*,*,#16784,.F."
9802,ORIENTED_EDGE,"'',*,*,#16785,.F."
9803,ORIENTED_EDGE,"'',*,*,#16786,.F."
9804,ORIENTED_EDGE,"'',*,*,#16787,.F."
9805,ORIENTED_EDGE,"'',*,*,#16788,.F."
9806,ORIENTED_EDGE,"'',*,*,#16789,.F."
9807,ORIENTED_EDGE,"'',*,*,#16790,.F."
9808,ORIENTED_EDGE,"'',*,*,#16791,.F."
9809,ORIENTED_EDGE,"'',*,*,#16792,.F."
9810,ORIENTED_EDGE,"'',*,*,#16793,.F."
9811,ORIENTED_EDGE,"'',*,*,#16794,.F."
9812,ORIENTED_EDGE,"'',*,*,#16795,.F."
9813,ORIENTED_EDGE,"'',*,*,#16796,.F."
9814,ORIENTED_EDGE,"'',*,*,#16797,.F."
9815,ORIENTED_EDGE,"'',*,*,#16798,.F."
9816,ORIENTED_EDGE,"'',*,*,#16799,.F."
9817,ORIENTED_EDGE,"'',*,*,#16800,.F."
9818,ORIENTED_EDGE,"'',*,*,#16801,.F."
9819,ORIENTED_EDGE,"'',*,*,#16802,.F."
9820,ORIENTED_EDGE,"'',*,*,#16803,.F."
9821,ORIENTED_EDGE,"'',*,*,#16804,.F."
9822,ORIENTED_EDGE,"'',*,*,#16805,.F."
9823,ORIENTED_EDGE,"'',*,*,#16806,.F."
9824,ORIENTED_EDGE,"'',*,*,#16807,.F."
9825,ORIENTED_EDGE,"'',*,*,#16808,.F."
9826,ORIENTED_EDGE,"'',*,*,#16809,.F."
9827,ORIENTED_EDGE,"'',*,*,#16810,.F."
9828,ORIENTED_EDGE,"'',*,*,#16811,.F."
9829,ORIENTED_EDGE,"'',*,*,#16812,.F."
9830,ORIENTED_EDGE,"'',*,*,#16813,.F."
9831,ORIENTED_EDGE,"'',*,*,#16814,.F."
9832,ORIENTED_EDGE,"'',*,*,#16815,.F."
9833,ORIENTED_EDGE,"'',*,*,#16816,.F."
9834,ORIENTED_EDGE,"'',*,*,#16817,.F."
9835,ORIENTED_EDGE,"'',*,*,#16818,.F."
9836,ORIENTED_EDGE,"'',*,*,#16819,.F."
9837,ORIENTED_EDGE,"'',*,*,#16820,.F."
9838,ORIENTED_EDGE,"'',*,*,#16821,.F."
9839,ORIENTED_EDGE,"'',*,*,#16822,.F."
9840,ORIENTED_EDGE,"'',*,*,#16823,.F."
9841,ORIENTED_EDGE,"'',*,*,#16824,.F."
9842,ORIENTED_EDGE,"'',*,*,#16825,.F."
9843,ORIENTED_EDGE,"'',*,*,#16826,.F."
9844,ORIENTED_EDGE,"'',*,*,#16827,.F."
9845,ORIENTED_EDGE,"'',*,*,#16828,.F."
9846,ORIENTED_EDGE,"'',*,*,#16829,.F."
9847,ORIENTED_EDGE,"'',*,*,#16830,.F."
9848,ORIENTED_EDGE,"'',*,*,#16831,.F."
9849,ORIENTED_EDGE,"'',*,*,#16832,.F."
9850,ORIENTED_EDGE,"'',*,*,#16833,.F."
9851,ORIENTED_EDGE,"'',*,*,#16834,.F."
9852,ORIENTED_EDGE,"'',*,*,#16835,.F."
9853,ORIENTED_EDGE,"'',*,*,#16836,.F."
9854,ORIENTED_EDGE,"'',*,*,#16837,.F."
9855,ORIENTED_EDGE,"'',*,*,#16838,.F."
9856,ORIENTED_EDGE,"'',*,*,#16839,.F."
9857,ORIENTED_EDGE,"'',*,*,#16840,.F."
9858,ORIENTED_EDGE,"'',*,*,#16841,.F."
9859,ORIENTED_EDGE,"'',*,*,#16842,.F."
9860,ORIENTED_EDGE,"'',*,*,#16843,.F."
9861,ORIENTED_EDGE,"'',*,*,#16844,.F."
9862,ORIENTED_EDGE,"'',*,*,#16845,.T."
9863,ORIENTED_EDGE,"'',*,*,#16846,.T."
9864,ORIENTED_EDGE,"'',*,*,#16847,.F."
9865,ORIENTED_EDGE,"'',*,*,#16848,.T."
9866,ORIENTED_EDGE,"'',*,*,#16849,.T."
9867,ORIENTED_EDGE,"'',*,*,#16850,.T."
9868,ORIENTED_EDGE,"'',*,*,#16851,.T."
9869,ORIENTED_EDGE,"'',*,*,#16852,.F."
9870,ORIENTED_EDGE,"'',*,*,#16853,.F."
9871,ORIENTED_EDGE,"'',*,*,#16854,.F."
9872,ORIENTED_EDGE,"'',*,*,#16855,.F."
9873,ORIENTED_EDGE,"'',*,*,#16856,.F."
9874,ORIENTED_EDGE,"'',*,*,#16857,.F."
9875,ORIENTED_EDGE,"'',*,*,#16858,.F."
9876,ORIENTED_EDGE,"'',*,*,#16859,.F."
9877,ORIENTED_EDGE,"'',*,*,#16860,.F."
9878,ORIENTED_EDGE,"'',*,*,#16861,.F."
9879,ORIENTED_EDGE,"'',*,*,#16862,.F."
9880,ORIENTED_EDGE,"'',*,*,#16863,.F."
9881,ORIENTED_EDGE,"'',*,*,#16864,.F."
9882,ORIENTED_EDGE,"'',*,*,#16865,.F."
9883,ORIENTED_EDGE,"'',*,*,#16866,.F."
9884,ORIENTED_EDGE,"'',*,*,#16867,.F."
9885,ORIENTED_EDGE,"'',*,*,#16868,.F."
9886,ORIENTED_EDGE,"'',*,*,#16869,.F."
9887,ORIENTED_EDGE,"'',*,*,#16870,.F."
9888,ORIENTED_EDGE,"'',*,*,#16871,.F."
9889,ORIENTED_EDGE,"'',*,*,#16872,.F."
9890,ORIENTED_EDGE,"'',*,*,#16873,.F."
9891,ORIENTED_EDGE,"'',*,*,#16874,.F."
9892,ORIENTED_EDGE,"'',*,*,#16875,.F."
9893,ORIENTED_EDGE,"'',*,*,#16876,.F."
9894,ORIENTED_EDGE,"'',*,*,#16877,.F."
9895,ORIENTED_EDGE,"'',*,*,#16878,.F."
9896,ORIENTED_EDGE,"'',*,*,#16879,.F."
9897,ORIENTED_EDGE,"'',*,*,#16880,.F."
9898,ORIENTED_EDGE,"'',*,*,#16881,.F."
9899,ORIENTED_EDGE,"'',*,*,#16882,.F."
9900,ORIENTED_EDGE,"'',*,*,#16883,.F."
9901,ORIENTED_EDGE,"'',*,*,#16884,.F."
9902,ORIENTED_EDGE,"'',*,*,#16885,.F."
9903,ORIENTED_EDGE,"'',*,*,#16886,.F."
9904,ORIENTED_EDGE,"'',*,*,#16887,.F."
9905,ORIENTED_EDGE,"'',*,*,#16888,.F."
9906,ORIENTED_EDGE,"'',*,*,#16889,.F."
9907,ORIENTED_EDGE,"'',*,*,#16890,.F."
9908,ORIENTED_EDGE,"'',*,*,#16891,.F."
9909,ORIENTED_EDGE,"'',*,*,#16892,.F."
9910,ORIENTED_EDGE,"'',*,*,#16893,.F."
9911,ORIENTED_EDGE,"'',*,*,#16894,.F."
9912,ORIENTED_EDGE,"'',*,*,#16895,.F."
9913,ORIENTED_EDGE,"'',*,*,#16896,.T."
9914,ORIENTED_EDGE,"'',*,*,#16897,.F."
9915,ORIENTED_EDGE,"'',*,*,#16898,.F."
9916,ORIENTED_EDGE,"'',*,*,#16899,.T."
9917,ORIENTED_EDGE,"'',*,*,#16900,.T."
9918,ORIENTED_EDGE,"'',*,*,#16901,.T."
9919,ORIENTED_EDGE,"'',*,*,#16902,.F."
9920,ORIENTED_EDGE,"'',*,*,#16903,.F."
9921,ORIENTED_EDGE,"'',*,*,#16904,.T."
9922,ORIENTED_EDGE,"'',*,*,#16905,.T."
9923,ORIENTED_EDGE,"'',*,*,#16906,.T."
9924,ORIENTED_EDGE,"'',*,*,#16907,.F."
9925,ORIENTED_EDGE,"'',*,*,#16908,.T."
9926,ORIENTED_EDGE,"'',*,*,#16909,.F."
9927,ORIENTED_EDGE,"'',*,*,#16910,.F."
9928,ORIENTED_EDGE,"'',*,*,#16911,.F."
9929,ORIENTED_EDGE,"'',*,*,#16912,.F."
9930,ORIENTED_EDGE,"'',*,*,#16913,.F."
9931,ORIENTED_EDGE,"'',*,*,#16914,.F."
9932,ORIENTED_EDGE,"'',*,*,#16915,.F."
9933,ORIENTED_EDGE,"'',*,*,#16916,.F."
9934,ORIENTED_EDGE,"'',*,*,#16917,.F."
9935,ORIENTED_EDGE,"'',*,*,#16918,.F."
9936,ORIENTED_EDGE,"'',*,*,#16919,.F."
9937,ORIENTED_EDGE,"'',*,*,#16920,.F."
9938,ORIENTED_EDGE,"'',*,*,#16921,.F."
9939,ORIENTED_EDGE,"'',*,*,#16922,.F."
9940,ORIENTED_EDGE,"'',*,*,#16923,.F."
9941,ORIENTED_EDGE,"'',*,*,#16924,.F."
9942,ORIENTED_EDGE,"'',*,*,#16925,.F."
9943,ORIENTED_EDGE,"'',*,*,#16926,.F."
9944,ORIENTED_EDGE,"'',*,*,#16927,.F."
9945,ORIENTED_EDGE,"'',*,*,#16928,.F."
9946,ORIENTED_EDGE,"'',*,*,#16929,.F."
9947,ORIENTED_EDGE,"'',*,*,#16930,.F."
9948,ORIENTED_EDGE,"'',*,*,#16931,.F."
9949,ORIENTED_EDGE,"'',*,*,#16932,.F."
9950,ORIENTED_EDGE,"'',*,*,#16933,.F."
9951,ORIENTED_EDGE,"'',*,*,#16934,.F."
9952,ORIENTED_EDGE,"'',*,*,#16935,.F."
9953,ORIENTED_EDGE,"'',*,*,#16936,.F."
9954,ORIENTED_EDGE,"'',*,*,#16937,.F."
9955,ORIENTED_EDGE,"'',*,*,#16938,.F."
9956,ORIENTED_EDGE,"'',*,*,#16939,.F."
9957,ORIENTED_EDGE,"'',*,*,#16940,.F."
9958,ORIENTED_EDGE,"'',*,*,#16941,.F."
9959,ORIENTED_EDGE,"'',*,*,#16942,.F."
9960,ORIENTED_EDGE,"'',*,*,#16943,.F."
9961,ORIENTED_EDGE,"'',*,*,#16944,.F."
9962,ORIENTED_EDGE,"'',*,*,#16945,.F."
9963,ORIENTED_EDGE,"'',*,*,#16946,.F."
9964,ORIENTED_EDGE,"'',*,*,#16947,.F."
9965,ORIENTED_EDGE,"'',*,*,#16948,.F."
9966,ORIENTED_EDGE,"'',*,*,#16949,.F."
9967,ORIENTED_EDGE,"'',*,*,#16950,.F."
9968,ORIENTED_EDGE,"'',*,*,#16951,.F."
9969,ORIENTED_EDGE,"'',*,*,#16952,.F."
9970,ORIENTED_EDGE,"'',*,*,#16953,.F."
9971,ORIENTED_EDGE,"'',*,*,#16954,.F."
9972,ORIENTED_EDGE,"'',*,*,#16955,.F."
9973,ORIENTED_EDGE,"'',*,*,#16956,.F."
9974,ORIENTED_EDGE,"'',*,*,#16957,.T."
9975,ORIENTED_EDGE,"'',*,*,#16958,.F."
9976,ORIENTED_EDGE,"'',*,*,#16959,.F."
9977,ORIENTED_EDGE,"'',*,*,#16960,.F."
9978,ORIENTED_EDGE,"'',*,*,#16961,.T."
9979,ORIENTED_EDGE,"'',*,*,#16962,.F."
9980,ORIENTED_EDGE,"'',*,*,#16963,.F."
9981,ORIENTED_EDGE,"'',*,*,#16964,.F."
9982,ORIENTED_EDGE,"'',*,*,#16965,.T."
9983,ORIENTED_EDGE,"'',*,*,#16966,.F."
9984,ORIENTED_EDGE,"'',*,*,#16967,.F."
9985,ORIENTED_EDGE,"'',*,*,#16968,.F."
9986,ORIENTED_EDGE,"'',*,*,#16969,.T."
9987,ORIENTED_EDGE,"'',*,*,#16970,.F."
9988,ORIENTED_EDGE,"'',*,*,#16971,.F."
9989,ORIENTED_EDGE,"'',*,*,#16972,.F."
9990,ORIENTED_EDGE,"'',*,*,#16973,.F."
9991,ORIENTED_EDGE,"'',*,*,#16974,.T."
9992,ORIENTED_EDGE,"'',*,*,#16975,.T."
9993,ORIENTED_EDGE,"'',*,*,#16976,.F."
9994,ORIENTED_EDGE,"'',*,*,#16845,.F."
9995,ORIENTED_EDGE,"'',*,*,#16977,.T."
9996,ORIENTED_EDGE,"'',*,*,#16468,.F."
9997,ORIENTED_EDGE,"'',*,*,#16978,.F."
9998,ORIENTED_EDGE,"'',*,*,#16634,.F."
9999,ORIENTED_EDGE,"'',*,*,#16979,.T."
10000,ORIENTED_EDGE,"'',*,*,#16484,.F."
10001,ORIENTED_EDGE,"'',*,*,#16980,.T."
10002,ORIENTED_EDGE,"'',*,*,#16849,.F."
10003,ORIENTED_EDGE,"'',*,*,#16981,.T."
10004,ORIENTED_EDGE,"'',*,*,#16444,.F."
10005,ORIENTED_EDGE,"'',*,*,#16982,.F."
10006,ORIENTED_EDGE,"'',*,*,#16638,.F."
10007,ORIENTED_EDGE,"'',*,*,#16983,.F."
10008,ORIENTED_EDGE,"'',*,*,#16446,.F."
10009,ORIENTED_EDGE,"'',*,*,#16984,.F."
10010,ORIENTED_EDGE,"'',*,*,#16474,.T."
10011,ORIENTED_EDGE,"'',*,*,#16985,.T."
10012,ORIENTED_EDGE,"'',*,*,#16986,.T."
10013,ORIENTED_EDGE,"'',*,*,#16987,.F."
10014,ORIENTED_EDGE,"'',*,*,#16988,.T."
10015,ORIENTED_EDGE,"'',*,*,#16985,.F."
10016,ORIENTED_EDGE,"'',*,*,#16473,.T."
10017,ORIENTED_EDGE,"'',*,*,#16989,.F."
10018,ORIENTED_EDGE,"'',*,*,#16471,.T."
10019,ORIENTED_EDGE,"'',*,*,#16990,.T."
10020,ORIENTED_EDGE,"'',*,*,#16991,.T."
10021,ORIENTED_EDGE,"'',*,*,#16992,.F."
10022,ORIENTED_EDGE,"'',*,*,#16993,.T."
10023,ORIENTED_EDGE,"'',*,*,#16990,.F."
10024,ORIENTED_EDGE,"'',*,*,#16470,.T."
10025,ORIENTED_EDGE,"'',*,*,#16993,.F."
10026,ORIENTED_EDGE,"'',*,*,#16994,.T."
10027,ORIENTED_EDGE,"'',*,*,#16991,.F."
10028,ORIENTED_EDGE,"'',*,*,#16988,.F."
10029,ORIENTED_EDGE,"'',*,*,#16995,.T."
10030,ORIENTED_EDGE,"'',*,*,#16986,.F."
10031,ORIENTED_EDGE,"'',*,*,#16848,.F."
10032,ORIENTED_EDGE,"'',*,*,#16996,.T."
10033,ORIENTED_EDGE,"'',*,*,#16596,.F."
10034,ORIENTED_EDGE,"'',*,*,#16997,.F."
10035,ORIENTED_EDGE,"'',*,*,#16637,.F."
10036,ORIENTED_EDGE,"'',*,*,#16998,.T."
10037,ORIENTED_EDGE,"'',*,*,#16614,.F."
10038,ORIENTED_EDGE,"'',*,*,#16999,.F."
10039,ORIENTED_EDGE,"'',*,*,#17000,.F."
10040,ORIENTED_EDGE,"'',*,*,#16639,.F."
10041,ORIENTED_EDGE,"'',*,*,#17001,.F."
10042,ORIENTED_EDGE,"'',*,*,#16594,.F."
10043,ORIENTED_EDGE,"'',*,*,#17001,.T."
10044,ORIENTED_EDGE,"'',*,*,#16982,.T."
10045,ORIENTED_EDGE,"'',*,*,#17002,.F."
10046,ORIENTED_EDGE,"'',*,*,#16983,.T."
10047,ORIENTED_EDGE,"'',*,*,#16999,.T."
10048,ORIENTED_EDGE,"'',*,*,#17003,.F."
10049,ORIENTED_EDGE,"'',*,*,#17002,.T."
10050,ORIENTED_EDGE,"'',*,*,#16445,.F."
10051,ORIENTED_EDGE,"'',*,*,#17004,.F."
10052,ORIENTED_EDGE,"'',*,*,#16595,.F."
10053,ORIENTED_EDGE,"'',*,*,#17005,.F."
10054,ORIENTED_EDGE,"'',*,*,#16850,.F."
10055,ORIENTED_EDGE,"'',*,*,#17006,.F."
10056,ORIENTED_EDGE,"'',*,*,#16612,.F."
10057,ORIENTED_EDGE,"'',*,*,#17003,.T."
10058,ORIENTED_EDGE,"'',*,*,#16613,.F."
10059,ORIENTED_EDGE,"'',*,*,#17007,.F."
10060,ORIENTED_EDGE,"'',*,*,#16447,.F."
10061,ORIENTED_EDGE,"'',*,*,#16997,.T."
10062,ORIENTED_EDGE,"'',*,*,#17004,.T."
10063,ORIENTED_EDGE,"'',*,*,#16981,.F."
10064,ORIENTED_EDGE,"'',*,*,#17007,.T."
10065,ORIENTED_EDGE,"'',*,*,#17006,.T."
10066,ORIENTED_EDGE,"'',*,*,#16980,.F."
10067,ORIENTED_EDGE,"'',*,*,#17008,.T."
10068,ORIENTED_EDGE,"'',*,*,#17009,.T."
10069,ORIENTED_EDGE,"'',*,*,#17010,.T."
10070,ORIENTED_EDGE,"'',*,*,#17011,.T."
10071,ORIENTED_EDGE,"'',*,*,#17012,.T."
10072,ORIENTED_EDGE,"'',*,*,#17013,.T."
10073,ORIENTED_EDGE,"'',*,*,#17014,.T."
10074,ORIENTED_EDGE,"'',*,*,#17015,.T."
10075,ORIENTED_EDGE,"'',*,*,#16438,.F."
10076,ORIENTED_EDGE,"'',*,*,#16959,.T."
10077,ORIENTED_EDGE,"'',*,*,#16437,.F."
10078,ORIENTED_EDGE,"'',*,*,#16963,.T."
10079,ORIENTED_EDGE,"'',*,*,#16439,.F."
10080,ORIENTED_EDGE,"'',*,*,#16955,.T."
10081,ORIENTED_EDGE,"'',*,*,#16436,.F."
10082,ORIENTED_EDGE,"'',*,*,#16967,.T."
10083,ORIENTED_EDGE,"'',*,*,#17016,.F."
10084,ORIENTED_EDGE,"'',*,*,#16440,.T."
10085,ORIENTED_EDGE,"'',*,*,#17016,.T."
10086,ORIENTED_EDGE,"'',*,*,#17017,.F."
10087,ORIENTED_EDGE,"'',*,*,#16441,.T."
10088,ORIENTED_EDGE,"'',*,*,#17017,.T."
10089,ORIENTED_EDGE,"'',*,*,#17018,.F."
10090,ORIENTED_EDGE,"'',*,*,#16442,.T."
10091,ORIENTED_EDGE,"'',*,*,#17018,.T."
10092,ORIENTED_EDGE,"'',*,*,#17019,.F."
10093,ORIENTED_EDGE,"'',*,*,#16443,.T."
10094,ORIENTED_EDGE,"'',*,*,#17019,.T."
10095,ORIENTED_EDGE,"'',*,*,#16978,.T."
10096,ORIENTED_EDGE,"'',*,*,#16483,.T."
10097,ORIENTED_EDGE,"'',*,*,#16624,.T."
10098,ORIENTED_EDGE,"'',*,*,#16616,.T."
10099,ORIENTED_EDGE,"'',*,*,#17020,.F."
10100,ORIENTED_EDGE,"'',*,*,#16635,.F."
10101,ORIENTED_EDGE,"'',*,*,#16636,.T."
10102,ORIENTED_EDGE,"'',*,*,#17020,.T."
10103,ORIENTED_EDGE,"'',*,*,#16615,.F."
10104,ORIENTED_EDGE,"'',*,*,#16998,.F."
10105,ORIENTED_EDGE,"'',*,*,#16641,.T."
10106,ORIENTED_EDGE,"'',*,*,#17021,.T."
10107,ORIENTED_EDGE,"'',*,*,#16592,.F."
10108,ORIENTED_EDGE,"'',*,*,#16630,.F."
10109,ORIENTED_EDGE,"'',*,*,#16485,.F."
10110,ORIENTED_EDGE,"'',*,*,#16979,.F."
10111,ORIENTED_EDGE,"'',*,*,#17000,.T."
10112,ORIENTED_EDGE,"'',*,*,#16593,.T."
10113,ORIENTED_EDGE,"'',*,*,#17021,.F."
10114,ORIENTED_EDGE,"'',*,*,#16640,.F."
10115,ORIENTED_EDGE,"'',*,*,#16628,.T."
10116,ORIENTED_EDGE,"'',*,*,#16598,.T."
10117,ORIENTED_EDGE,"'',*,*,#17022,.F."
10118,ORIENTED_EDGE,"'',*,*,#16846,.F."
10119,ORIENTED_EDGE,"'',*,*,#16976,.T."
10120,ORIENTED_EDGE,"'',*,*,#16467,.T."
10121,ORIENTED_EDGE,"'',*,*,#16847,.T."
10122,ORIENTED_EDGE,"'',*,*,#17022,.T."
10123,ORIENTED_EDGE,"'',*,*,#16597,.F."
10124,ORIENTED_EDGE,"'',*,*,#16996,.F."
10125,ORIENTED_EDGE,"'',*,*,#16852,.T."
10126,ORIENTED_EDGE,"'',*,*,#17023,.T."
10127,ORIENTED_EDGE,"'',*,*,#16610,.F."
10128,ORIENTED_EDGE,"'',*,*,#16626,.F."
10129,ORIENTED_EDGE,"'',*,*,#16475,.F."
10130,ORIENTED_EDGE,"'',*,*,#16984,.T."
10131,ORIENTED_EDGE,"'',*,*,#16995,.F."
10132,ORIENTED_EDGE,"'',*,*,#16987,.T."
10133,ORIENTED_EDGE,"'',*,*,#16472,.F."
10134,ORIENTED_EDGE,"'',*,*,#16989,.T."
10135,ORIENTED_EDGE,"'',*,*,#16994,.F."
10136,ORIENTED_EDGE,"'',*,*,#16992,.T."
10137,ORIENTED_EDGE,"'',*,*,#16469,.F."
10138,ORIENTED_EDGE,"'',*,*,#16977,.F."
10139,ORIENTED_EDGE,"'',*,*,#17005,.T."
10140,ORIENTED_EDGE,"'',*,*,#16611,.T."
10141,ORIENTED_EDGE,"'',*,*,#17023,.F."
10142,ORIENTED_EDGE,"'',*,*,#16851,.F."
10143,ORIENTED_EDGE,"'',*,*,#17024,.T."
10144,ORIENTED_EDGE,"'',*,*,#17025,.T."
10145,ORIENTED_EDGE,"'',*,*,#17026,.T."
10146,ORIENTED_EDGE,"'',*,*,#17027,.T."
10147,ORIENTED_EDGE,"'',*,*,#17028,.T."
10148,ORIENTED_EDGE,"'',*,*,#17029,.T."
10149,ORIENTED_EDGE,"'',*,*,#17008,.F."
10150,ORIENTED_EDGE,"'',*,*,#17030,.F."
10151,ORIENTED_EDGE,"'',*,*,#17030,.T."
10152,ORIENTED_EDGE,"'',*,*,#17031,.T."
10153,ORIENTED_EDGE,"'',*,*,#17014,.F."
10154,ORIENTED_EDGE,"'',*,*,#17032,.F."
10155,ORIENTED_EDGE,"'',*,*,#17032,.T."
10156,ORIENTED_EDGE,"'',*,*,#17033,.T."
10157,ORIENTED_EDGE,"'',*,*,#17010,.F."
10158,ORIENTED_EDGE,"'',*,*,#17034,.F."
10159,ORIENTED_EDGE,"'',*,*,#17034,.T."
10160,ORIENTED_EDGE,"'',*,*,#17035,.T."
10161,ORIENTED_EDGE,"'',*,*,#17012,.F."
10162,ORIENTED_EDGE,"'',*,*,#17036,.F."
10163,ORIENTED_EDGE,"'',*,*,#17036,.T."
10164,ORIENTED_EDGE,"'',*,*,#17037,.T."
10165,ORIENTED_EDGE,"'',*,*,#16975,.F."
10166,ORIENTED_EDGE,"'',*,*,#17038,.T."
10167,ORIENTED_EDGE,"'',*,*,#17039,.T."
10168,ORIENTED_EDGE,"'',*,*,#16200,.T."
10169,ORIENTED_EDGE,"'',*,*,#16971,.T."
10170,ORIENTED_EDGE,"'',*,*,#17038,.F."
10171,ORIENTED_EDGE,"'',*,*,#16973,.T."
10172,ORIENTED_EDGE,"'',*,*,#16201,.F."
10173,ORIENTED_EDGE,"'',*,*,#17040,.F."
10174,ORIENTED_EDGE,"'',*,*,#17041,.F."
10175,ORIENTED_EDGE,"'',*,*,#17042,.T."
10176,ORIENTED_EDGE,"'',*,*,#17043,.T."
10177,ORIENTED_EDGE,"'',*,*,#17044,.T."
10178,ORIENTED_EDGE,"'',*,*,#16744,.T."
10179,ORIENTED_EDGE,"'',*,*,#17040,.T."
10180,ORIENTED_EDGE,"'',*,*,#17045,.F."
10181,ORIENTED_EDGE,"'',*,*,#17046,.F."
10182,ORIENTED_EDGE,"'',*,*,#17044,.F."
10183,ORIENTED_EDGE,"'',*,*,#17047,.T."
10184,ORIENTED_EDGE,"'',*,*,#17048,.T."
10185,ORIENTED_EDGE,"'',*,*,#16746,.F."
10186,ORIENTED_EDGE,"'',*,*,#17049,.F."
10187,ORIENTED_EDGE,"'',*,*,#17050,.F."
10188,ORIENTED_EDGE,"'',*,*,#17042,.F."
10189,ORIENTED_EDGE,"'',*,*,#17051,.T."
10190,ORIENTED_EDGE,"'',*,*,#17052,.T."
10191,ORIENTED_EDGE,"'',*,*,#16748,.F."
10192,ORIENTED_EDGE,"'',*,*,#16745,.T."
10193,ORIENTED_EDGE,"'',*,*,#17052,.F."
10194,ORIENTED_EDGE,"'',*,*,#17053,.T."
10195,ORIENTED_EDGE,"'',*,*,#17045,.T."
10196,ORIENTED_EDGE,"'',*,*,#17046,.T."
10197,ORIENTED_EDGE,"'',*,*,#17053,.F."
10198,ORIENTED_EDGE,"'',*,*,#17051,.F."
10199,ORIENTED_EDGE,"'',*,*,#17041,.T."
10200,ORIENTED_EDGE,"'',*,*,#17048,.F."
10201,ORIENTED_EDGE,"'',*,*,#17054,.F."
10202,ORIENTED_EDGE,"'',*,*,#17049,.T."
10203,ORIENTED_EDGE,"'',*,*,#16747,.F."
10204,ORIENTED_EDGE,"'',*,*,#17043,.F."
10205,ORIENTED_EDGE,"'',*,*,#17050,.T."
10206,ORIENTED_EDGE,"'',*,*,#17054,.T."
10207,ORIENTED_EDGE,"'',*,*,#17047,.F."
10208,ORIENTED_EDGE,"'',*,*,#17055,.F."
10209,ORIENTED_EDGE,"'',*,*,#17056,.F."
10210,ORIENTED_EDGE,"'',*,*,#17057,.T."
10211,ORIENTED_EDGE,"'',*,*,#17058,.T."
10212,ORIENTED_EDGE,"'',*,*,#17059,.T."
10213,ORIENTED_EDGE,"'',*,*,#16739,.T."
10214,ORIENTED_EDGE,"'',*,*,#17055,.T."
10215,ORIENTED_EDGE,"'',*,*,#17060,.F."
10216,ORIENTED_EDGE,"'',*,*,#17061,.F."
10217,ORIENTED_EDGE,"'',*,*,#17059,.F."
10218,ORIENTED_EDGE,"'',*,*,#17062,.T."
10219,ORIENTED_EDGE,"'',*,*,#17063,.T."
10220,ORIENTED_EDGE,"'',*,*,#16741,.F."
10221,ORIENTED_EDGE,"'',*,*,#17064,.F."
10222,ORIENTED_EDGE,"'',*,*,#17065,.F."
10223,ORIENTED_EDGE,"'',*,*,#17057,.F."
10224,ORIENTED_EDGE,"'',*,*,#17066,.T."
10225,ORIENTED_EDGE,"'',*,*,#17067,.T."
10226,ORIENTED_EDGE,"'',*,*,#16743,.F."
10227,ORIENTED_EDGE,"'',*,*,#16740,.T."
10228,ORIENTED_EDGE,"'',*,*,#17067,.F."
10229,ORIENTED_EDGE,"'',*,*,#17068,.T."
10230,ORIENTED_EDGE,"'',*,*,#17060,.T."
10231,ORIENTED_EDGE,"'',*,*,#17061,.T."
10232,ORIENTED_EDGE,"'',*,*,#17068,.F."
10233,ORIENTED_EDGE,"'',*,*,#17066,.F."
10234,ORIENTED_EDGE,"'',*,*,#17056,.T."
10235,ORIENTED_EDGE,"'',*,*,#17063,.F."
10236,ORIENTED_EDGE,"'',*,*,#17069,.F."
10237,ORIENTED_EDGE,"'',*,*,#17064,.T."
10238,ORIENTED_EDGE,"'',*,*,#16742,.F."
10239,ORIENTED_EDGE,"'',*,*,#17058,.F."
10240,ORIENTED_EDGE,"'',*,*,#17065,.T."
10241,ORIENTED_EDGE,"'',*,*,#17069,.T."
10242,ORIENTED_EDGE,"'',*,*,#17062,.F."
10243,ORIENTED_EDGE,"'',*,*,#17070,.F."
10244,ORIENTED_EDGE,"'',*,*,#17071,.F."
10245,ORIENTED_EDGE,"'',*,*,#17072,.T."
10246,ORIENTED_EDGE,"'',*,*,#17073,.T."
10247,ORIENTED_EDGE,"'',*,*,#17074,.T."
10248,ORIENTED_EDGE,"'',*,*,#16902,.T."
10249,ORIENTED_EDGE,"'',*,*,#17070,.T."
10250,ORIENTED_EDGE,"'',*,*,#17075,.F."
10251,ORIENTED_EDGE,"'',*,*,#17076,.F."
10252,ORIENTED_EDGE,"'',*,*,#17074,.F."
10253,ORIENTED_EDGE,"'',*,*,#17077,.T."
10254,ORIENTED_EDGE,"'',*,*,#17078,.T."
10255,ORIENTED_EDGE,"'',*,*,#16904,.F."
10256,ORIENTED_EDGE,"'',*,*,#17079,.F."
10257,ORIENTED_EDGE,"'',*,*,#17080,.F."
10258,ORIENTED_EDGE,"'',*,*,#17072,.F."
10259,ORIENTED_EDGE,"'',*,*,#17081,.T."
10260,ORIENTED_EDGE,"'',*,*,#17082,.T."
10261,ORIENTED_EDGE,"'',*,*,#16906,.F."
10262,ORIENTED_EDGE,"'',*,*,#16903,.T."
10263,ORIENTED_EDGE,"'',*,*,#17082,.F."
10264,ORIENTED_EDGE,"'',*,*,#17083,.T."
10265,ORIENTED_EDGE,"'',*,*,#17075,.T."
10266,ORIENTED_EDGE,"'',*,*,#17076,.T."
10267,ORIENTED_EDGE,"'',*,*,#17083,.F."
10268,ORIENTED_EDGE,"'',*,*,#17081,.F."
10269,ORIENTED_EDGE,"'',*,*,#17071,.T."
10270,ORIENTED_EDGE,"'',*,*,#17078,.F."
10271,ORIENTED_EDGE,"'',*,*,#17084,.F."
10272,ORIENTED_EDGE,"'',*,*,#17079,.T."
10273,ORIENTED_EDGE,"'',*,*,#16905,.F."
10274,ORIENTED_EDGE,"'',*,*,#17073,.F."
10275,ORIENTED_EDGE,"'',*,*,#17080,.T."
10276,ORIENTED_EDGE,"'',*,*,#17084,.T."
10277,ORIENTED_EDGE,"'',*,*,#17077,.F."
10278,ORIENTED_EDGE,"'',*,*,#17085,.F."
10279,ORIENTED_EDGE,"'',*,*,#17086,.F."
10280,ORIENTED_EDGE,"'',*,*,#17087,.T."
10281,ORIENTED_EDGE,"'',*,*,#17088,.T."
10282,ORIENTED_EDGE,"'',*,*,#17089,.T."
10283,ORIENTED_EDGE,"'',*,*,#16897,.T."
10284,ORIENTED_EDGE,"'',*,*,#17085,.T."
10285,ORIENTED_EDGE,"'',*,*,#17090,.F."
10286,ORIENTED_EDGE,"'',*,*,#17091,.F."
10287,ORIENTED_EDGE,"'',*,*,#17089,.F."
10288,ORIENTED_EDGE,"'',*,*,#17092,.T."
10289,ORIENTED_EDGE,"'',*,*,#17093,.T."
10290,ORIENTED_EDGE,"'',*,*,#16899,.F."
10291,ORIENTED_EDGE,"'',*,*,#17094,.F."
10292,ORIENTED_EDGE,"'',*,*,#17095,.F."
10293,ORIENTED_EDGE,"'',*,*,#17087,.F."
10294,ORIENTED_EDGE,"'',*,*,#17096,.T."
10295,ORIENTED_EDGE,"'',*,*,#17097,.T."
10296,ORIENTED_EDGE,"'',*,*,#16901,.F."
10297,ORIENTED_EDGE,"'',*,*,#16898,.T."
10298,ORIENTED_EDGE,"'',*,*,#17097,.F."
10299,ORIENTED_EDGE,"'',*,*,#17098,.T."
10300,ORIENTED_EDGE,"'',*,*,#17090,.T."
10301,ORIENTED_EDGE,"'',*,*,#17091,.T."
10302,ORIENTED_EDGE,"'',*,*,#17098,.F."
10303,ORIENTED_EDGE,"'',*,*,#17096,.F."
10304,ORIENTED_EDGE,"'',*,*,#17086,.T."
10305,ORIENTED_EDGE,"'',*,*,#17093,.F."
10306,ORIENTED_EDGE,"'',*,*,#17099,.F."
10307,ORIENTED_EDGE,"'',*,*,#17094,.T."
10308,ORIENTED_EDGE,"'',*,*,#16900,.F."
10309,ORIENTED_EDGE,"'',*,*,#17088,.F."
10310,ORIENTED_EDGE,"'',*,*,#17095,.T."
10311,ORIENTED_EDGE,"'',*,*,#17099,.T."
10312,ORIENTED_EDGE,"'',*,*,#17092,.F."
10313,ORIENTED_EDGE,"'',*,*,#17100,.F."
10314,ORIENTED_EDGE,"'',*,*,#17101,.F."
10315,ORIENTED_EDGE,"'',*,*,#17102,.T."
10316,ORIENTED_EDGE,"'',*,*,#17103,.T."
10317,ORIENTED_EDGE,"'',*,*,#17104,.T."
10318,ORIENTED_EDGE,"'',*,*,#16734,.T."
10319,ORIENTED_EDGE,"'',*,*,#17100,.T."
10320,ORIENTED_EDGE,"'',*,*,#17105,.F."
10321,ORIENTED_EDGE,"'',*,*,#17106,.F."
10322,ORIENTED_EDGE,"'',*,*,#17104,.F."
10323,ORIENTED_EDGE,"'',*,*,#17107,.T."
10324,ORIENTED_EDGE,"'',*,*,#17108,.T."
10325,ORIENTED_EDGE,"'',*,*,#16736,.F."
10326,ORIENTED_EDGE,"'',*,*,#17109,.F."
10327,ORIENTED_EDGE,"'',*,*,#17110,.F."
10328,ORIENTED_EDGE,"'',*,*,#17102,.F."
10329,ORIENTED_EDGE,"'',*,*,#17111,.T."
10330,ORIENTED_EDGE,"'',*,*,#17112,.T."
10331,ORIENTED_EDGE,"'',*,*,#16738,.F."
10332,ORIENTED_EDGE,"'',*,*,#16735,.T."
10333,ORIENTED_EDGE,"'',*,*,#17112,.F."
10334,ORIENTED_EDGE,"'',*,*,#17113,.T."
10335,ORIENTED_EDGE,"'',*,*,#17105,.T."
10336,ORIENTED_EDGE,"'',*,*,#17106,.T."
10337,ORIENTED_EDGE,"'',*,*,#17113,.F."
10338,ORIENTED_EDGE,"'',*,*,#17111,.F."
10339,ORIENTED_EDGE,"'',*,*,#17101,.T."
10340,ORIENTED_EDGE,"'',*,*,#17108,.F."
10341,ORIENTED_EDGE,"'',*,*,#17114,.F."
10342,ORIENTED_EDGE,"'',*,*,#17109,.T."
10343,ORIENTED_EDGE,"'',*,*,#16737,.F."
10344,ORIENTED_EDGE,"'',*,*,#17103,.F."
10345,ORIENTED_EDGE,"'',*,*,#17110,.T."
10346,ORIENTED_EDGE,"'',*,*,#17114,.T."
10347,ORIENTED_EDGE,"'',*,*,#17107,.F."
10348,ORIENTED_EDGE,"'',*,*,#16722,.T."
10349,ORIENTED_EDGE,"'',*,*,#17115,.F."
10350,ORIENTED_EDGE,"'',*,*,#17116,.F."
10351,ORIENTED_EDGE,"'',*,*,#17117,.T."
10352,ORIENTED_EDGE,"'',*,*,#16723,.T."
10353,ORIENTED_EDGE,"'',*,*,#17117,.F."
10354,ORIENTED_EDGE,"'',*,*,#17118,.F."
10355,ORIENTED_EDGE,"'',*,*,#17119,.T."
10356,ORIENTED_EDGE,"'',*,*,#16724,.T."
10357,ORIENTED_EDGE,"'',*,*,#17119,.F."
10358,ORIENTED_EDGE,"'',*,*,#17120,.F."
10359,ORIENTED_EDGE,"'',*,*,#17121,.T."
10360,ORIENTED_EDGE,"'',*,*,#16725,.T."
10361,ORIENTED_EDGE,"'',*,*,#17121,.F."
10362,ORIENTED_EDGE,"'',*,*,#17122,.F."
10363,ORIENTED_EDGE,"'',*,*,#17123,.T."
10364,ORIENTED_EDGE,"'',*,*,#16726,.T."
10365,ORIENTED_EDGE,"'',*,*,#17123,.F."
10366,ORIENTED_EDGE,"'',*,*,#17124,.F."
10367,ORIENTED_EDGE,"'',*,*,#17125,.T."
10368,ORIENTED_EDGE,"'',*,*,#16727,.T."
10369,ORIENTED_EDGE,"'',*,*,#17125,.F."
10370,ORIENTED_EDGE,"'',*,*,#17126,.F."
10371,ORIENTED_EDGE,"'',*,*,#17127,.T."
10372,ORIENTED_EDGE,"'',*,*,#16728,.T."
10373,ORIENTED_EDGE,"'',*,*,#17127,.F."
10374,ORIENTED_EDGE,"'',*,*,#17128,.F."
10375,ORIENTED_EDGE,"'',*,*,#17129,.T."
10376,ORIENTED_EDGE,"'',*,*,#16729,.T."
10377,ORIENTED_EDGE,"'',*,*,#17129,.F."
10378,ORIENTED_EDGE,"'',*,*,#17130,.F."
10379,ORIENTED_EDGE,"'',*,*,#17131,.T."
10380,ORIENTED_EDGE,"'',*,*,#16730,.T."
10381,ORIENTED_EDGE,"'',*,*,#17131,.F."
10382,ORIENTED_EDGE,"'',*,*,#17132,.F."
10383,ORIENTED_EDGE,"'',*,*,#17133,.T."
10384,ORIENTED_EDGE,"'',*,*,#16731,.T."
10385,ORIENTED_EDGE,"'',*,*,#17133,.F."
10386,ORIENTED_EDGE,"'',*,*,#17134,.F."
10387,ORIENTED_EDGE,"'',*,*,#17135,.T."
10388,ORIENTED_EDGE,"'',*,*,#16732,.T."
10389,ORIENTED_EDGE,"'',*,*,#17135,.F."
10390,ORIENTED_EDGE,"'',*,*,#17136,.F."
10391,ORIENTED_EDGE,"'',*,*,#17137,.T."
10392,ORIENTED_EDGE,"'',*,*,#16733,.T."
10393,ORIENTED_EDGE,"'',*,*,#17137,.F."
10394,ORIENTED_EDGE,"'',*,*,#17138,.F."
10395,ORIENTED_EDGE,"'',*,*,#17115,.T."
10396,ORIENTED_EDGE,"'',*,*,#17116,.T."
10397,ORIENTED_EDGE,"'',*,*,#17138,.T."
10398,ORIENTED_EDGE,"'',*,*,#17136,.T."
10399,ORIENTED_EDGE,"'',*,*,#17134,.T."
10400,ORIENTED_EDGE,"'',*,*,#17132,.T."
10401,ORIENTED_EDGE,"'',*,*,#17130,.T."
10402,ORIENTED_EDGE,"'',*,*,#17128,.T."
10403,ORIENTED_EDGE,"'',*,*,#17126,.T."
10404,ORIENTED_EDGE,"'',*,*,#17124,.T."
10405,ORIENTED_EDGE,"'',*,*,#17122,.T."
10406,ORIENTED_EDGE,"'',*,*,#17120,.T."
10407,ORIENTED_EDGE,"'',*,*,#17118,.T."
10408,ORIENTED_EDGE,"'',*,*,#17139,.T."
10409,ORIENTED_EDGE,"'',*,*,#17140,.T."
10410,ORIENTED_EDGE,"'',*,*,#17141,.T."
10411,ORIENTED_EDGE,"'',*,*,#17142,.T."
10412,ORIENTED_EDGE,"'',*,*,#17143,.T."
10413,ORIENTED_EDGE,"'',*,*,#17144,.T."
10414,ORIENTED_EDGE,"'',*,*,#17145,.T."
10415,ORIENTED_EDGE,"'',*,*,#17146,.T."
10416,ORIENTED_EDGE,"'',*,*,#17147,.T."
10417,ORIENTED_EDGE,"'',*,*,#17148,.T."
10418,ORIENTED_EDGE,"'',*,*,#17146,.F."
10419,ORIENTED_EDGE,"'',*,*,#17149,.F."
10420,ORIENTED_EDGE,"'',*,*,#17150,.T."
10421,ORIENTED_EDGE,"'',*,*,#17149,.T."
10422,ORIENTED_EDGE,"'',*,*,#17145,.F."
10423,ORIENTED_EDGE,"'',*,*,#17151,.F."
10424,ORIENTED_EDGE,"'',*,*,#17152,.T."
10425,ORIENTED_EDGE,"'',*,*,#17151,.T."
10426,ORIENTED_EDGE,"'',*,*,#17144,.F."
10427,ORIENTED_EDGE,"'',*,*,#17153,.F."
10428,ORIENTED_EDGE,"'',*,*,#17154,.T."
10429,ORIENTED_EDGE,"'',*,*,#17153,.T."
10430,ORIENTED_EDGE,"'',*,*,#17143,.F."
10431,ORIENTED_EDGE,"'',*,*,#17155,.F."
10432,ORIENTED_EDGE,"'',*,*,#17156,.T."
10433,ORIENTED_EDGE,"'',*,*,#17155,.T."
10434,ORIENTED_EDGE,"'',*,*,#17142,.F."
10435,ORIENTED_EDGE,"'',*,*,#17157,.F."
10436,ORIENTED_EDGE,"'',*,*,#17158,.T."
10437,ORIENTED_EDGE,"'',*,*,#17157,.T."
10438,ORIENTED_EDGE,"'',*,*,#17141,.F."
10439,ORIENTED_EDGE,"'',*,*,#17159,.F."
10440,ORIENTED_EDGE,"'',*,*,#17160,.T."
10441,ORIENTED_EDGE,"'',*,*,#17159,.T."
10442,ORIENTED_EDGE,"'',*,*,#17140,.F."
10443,ORIENTED_EDGE,"'',*,*,#17161,.F."
10444,ORIENTED_EDGE,"'',*,*,#17162,.T."
10445,ORIENTED_EDGE,"'',*,*,#17161,.T."
10446,ORIENTED_EDGE,"'',*,*,#17139,.F."
10447,ORIENTED_EDGE,"'',*,*,#17148,.F."
10448,ORIENTED_EDGE,"'',*,*,#17147,.F."
10449,ORIENTED_EDGE,"'',*,*,#17150,.F."
10450,ORIENTED_EDGE,"'',*,*,#17152,.F."
10451,ORIENTED_EDGE,"'',*,*,#17154,.F."
10452,ORIENTED_EDGE,"'',*,*,#17156,.F."
10453,ORIENTED_EDGE,"'',*,*,#17158,.F."
10454,ORIENTED_EDGE,"'',*,*,#17160,.F."
10455,ORIENTED_EDGE,"'',*,*,#17162,.F."
10456,ORIENTED_EDGE,"'',*,*,#16749,.T."
10457,ORIENTED_EDGE,"'',*,*,#17163,.F."
10458,ORIENTED_EDGE,"'',*,*,#17164,.F."
10459,ORIENTED_EDGE,"'',*,*,#17165,.T."
10460,ORIENTED_EDGE,"'',*,*,#16750,.T."
10461,ORIENTED_EDGE,"'',*,*,#17165,.F."
10462,ORIENTED_EDGE,"'',*,*,#17166,.F."
10463,ORIENTED_EDGE,"'',*,*,#17167,.T."
10464,ORIENTED_EDGE,"'',*,*,#16751,.T."
10465,ORIENTED_EDGE,"'',*,*,#17167,.F."
10466,ORIENTED_EDGE,"'',*,*,#17168,.F."
10467,ORIENTED_EDGE,"'',*,*,#17169,.T."
10468,ORIENTED_EDGE,"'',*,*,#16752,.T."
10469,ORIENTED_EDGE,"'',*,*,#17169,.F."
10470,ORIENTED_EDGE,"'',*,*,#17170,.F."
10471,ORIENTED_EDGE,"'',*,*,#17171,.T."
10472,ORIENTED_EDGE,"'',*,*,#16753,.T."
10473,ORIENTED_EDGE,"'',*,*,#17171,.F."
10474,ORIENTED_EDGE,"'',*,*,#17172,.F."
10475,ORIENTED_EDGE,"'',*,*,#17173,.T."
10476,ORIENTED_EDGE,"'',*,*,#16754,.T."
10477,ORIENTED_EDGE,"'',*,*,#17173,.F."
10478,ORIENTED_EDGE,"'',*,*,#17174,.F."
10479,ORIENTED_EDGE,"'',*,*,#17175,.T."
10480,ORIENTED_EDGE,"'',*,*,#16755,.T."
10481,ORIENTED_EDGE,"'',*,*,#17175,.F."
10482,ORIENTED_EDGE,"'',*,*,#17176,.F."
10483,ORIENTED_EDGE,"'',*,*,#17177,.T."
10484,ORIENTED_EDGE,"'',*,*,#16756,.T."
10485,ORIENTED_EDGE,"'',*,*,#17177,.F."
10486,ORIENTED_EDGE,"'',*,*,#17178,.F."
10487,ORIENTED_EDGE,"'',*,*,#17179,.T."
10488,ORIENTED_EDGE,"'',*,*,#16757,.T."
10489,ORIENTED_EDGE,"'',*,*,#17179,.F."
10490,ORIENTED_EDGE,"'',*,*,#17180,.F."
10491,ORIENTED_EDGE,"'',*,*,#17181,.T."
10492,ORIENTED_EDGE,"'',*,*,#16758,.T."
10493,ORIENTED_EDGE,"'',*,*,#17181,.F."
10494,ORIENTED_EDGE,"'',*,*,#17182,.F."
10495,ORIENTED_EDGE,"'',*,*,#17183,.T."
10496,ORIENTED_EDGE,"'',*,*,#16759,.T."
10497,ORIENTED_EDGE,"'',*,*,#17183,.F."
10498,ORIENTED_EDGE,"'',*,*,#17184,.F."
10499,ORIENTED_EDGE,"'',*,*,#17185,.T."
10500,ORIENTED_EDGE,"'',*,*,#16760,.T."
10501,ORIENTED_EDGE,"'',*,*,#17185,.F."
10502,ORIENTED_EDGE,"'',*,*,#17186,.F."
10503,ORIENTED_EDGE,"'',*,*,#17163,.T."
10504,ORIENTED_EDGE,"'',*,*,#17164,.T."
10505,ORIENTED_EDGE,"'',*,*,#17186,.T."
10506,ORIENTED_EDGE,"'',*,*,#17184,.T."
10507,ORIENTED_EDGE,"'',*,*,#17182,.T."
10508,ORIENTED_EDGE,"'',*,*,#17180,.T."
10509,ORIENTED_EDGE,"'',*,*,#17178,.T."
10510,ORIENTED_EDGE,"'',*,*,#17176,.T."
10511,ORIENTED_EDGE,"'',*,*,#17174,.T."
10512,ORIENTED_EDGE,"'',*,*,#17172,.T."
10513,ORIENTED_EDGE,"'',*,*,#17170,.T."
10514,ORIENTED_EDGE,"'',*,*,#17168,.T."
10515,ORIENTED_EDGE,"'',*,*,#17166,.T."
10516,ORIENTED_EDGE,"'',*,*,#17187,.T."
10517,ORIENTED_EDGE,"'',*,*,#17188,.T."
10518,ORIENTED_EDGE,"'',*,*,#17189,.T."
10519,ORIENTED_EDGE,"'',*,*,#17190,.T."
10520,ORIENTED_EDGE,"'',*,*,#17191,.T."
10521,ORIENTED_EDGE,"'',*,*,#17192,.T."
10522,ORIENTED_EDGE,"'',*,*,#17193,.T."
10523,ORIENTED_EDGE,"'',*,*,#17194,.T."
10524,ORIENTED_EDGE,"'',*,*,#17195,.T."
10525,ORIENTED_EDGE,"'',*,*,#17196,.T."
10526,ORIENTED_EDGE,"'',*,*,#17194,.F."
10527,ORIENTED_EDGE,"'',*,*,#17197,.F."
10528,ORIENTED_EDGE,"'',*,*,#17198,.T."
10529,ORIENTED_EDGE,"'',*,*,#17197,.T."
10530,ORIENTED_EDGE,"'',*,*,#17193,.F."
10531,ORIENTED_EDGE,"'',*,*,#17199,.F."
10532,ORIENTED_EDGE,"'',*,*,#17200,.T."
10533,ORIENTED_EDGE,"'',*,*,#17199,.T."
10534,ORIENTED_EDGE,"'',*,*,#17192,.F."
10535,ORIENTED_EDGE,"'',*,*,#17201,.F."
10536,ORIENTED_EDGE,"'',*,*,#17202,.T."
10537,ORIENTED_EDGE,"'',*,*,#17201,.T."
10538,ORIENTED_EDGE,"'',*,*,#17191,.F."
10539,ORIENTED_EDGE,"'',*,*,#17203,.F."
10540,ORIENTED_EDGE,"'',*,*,#17204,.T."
10541,ORIENTED_EDGE,"'',*,*,#17203,.T."
10542,ORIENTED_EDGE,"'',*,*,#17190,.F."
10543,ORIENTED_EDGE,"'',*,*,#17205,.F."
10544,ORIENTED_EDGE,"'',*,*,#17206,.T."
10545,ORIENTED_EDGE,"'',*,*,#17205,.T."
10546,ORIENTED_EDGE,"'',*,*,#17189,.F."
10547,ORIENTED_EDGE,"'',*,*,#17207,.F."
10548,ORIENTED_EDGE,"'',*,*,#17208,.T."
10549,ORIENTED_EDGE,"'',*,*,#17207,.T."
10550,ORIENTED_EDGE,"'',*,*,#17188,.F."
10551,ORIENTED_EDGE,"'',*,*,#17209,.F."
10552,ORIENTED_EDGE,"'',*,*,#17210,.T."
10553,ORIENTED_EDGE,"'',*,*,#17209,.T."
10554,ORIENTED_EDGE,"'',*,*,#17187,.F."
10555,ORIENTED_EDGE,"'',*,*,#17196,.F."
10556,ORIENTED_EDGE,"'',*,*,#17195,.F."
10557,ORIENTED_EDGE,"'',*,*,#17198,.F."
10558,ORIENTED_EDGE,"'',*,*,#17200,.F."
10559,ORIENTED_EDGE,"'',*,*,#17202,.F."
10560,ORIENTED_EDGE,"'',*,*,#17204,.F."
10561,ORIENTED_EDGE,"'',*,*,#17206,.F."
10562,ORIENTED_EDGE,"'',*,*,#17208,.F."
10563,ORIENTED_EDGE,"'',*,*,#17210,.F."
10564,ORIENTED_EDGE,"'',*,*,#16761,.T."
10565,ORIENTED_EDGE,"'',*,*,#17211,.F."
10566,ORIENTED_EDGE,"'',*,*,#17212,.F."
10567,ORIENTED_EDGE,"'',*,*,#17213,.T."
10568,ORIENTED_EDGE,"'',*,*,#16762,.T."
10569,ORIENTED_EDGE,"'',*,*,#17213,.F."
10570,ORIENTED_EDGE,"'',*,*,#17214,.F."
10571,ORIENTED_EDGE,"'',*,*,#17215,.T."
10572,ORIENTED_EDGE,"'',*,*,#16763,.T."
10573,ORIENTED_EDGE,"'',*,*,#17215,.F."
10574,ORIENTED_EDGE,"'',*,*,#17216,.F."
10575,ORIENTED_EDGE,"'',*,*,#17217,.T."
10576,ORIENTED_EDGE,"'',*,*,#16764,.T."
10577,ORIENTED_EDGE,"'',*,*,#17217,.F."
10578,ORIENTED_EDGE,"'',*,*,#17218,.F."
10579,ORIENTED_EDGE,"'',*,*,#17219,.T."
10580,ORIENTED_EDGE,"'',*,*,#16765,.T."
10581,ORIENTED_EDGE,"'',*,*,#17219,.F."
10582,ORIENTED_EDGE,"'',*,*,#17220,.F."
10583,ORIENTED_EDGE,"'',*,*,#17221,.T."
10584,ORIENTED_EDGE,"'',*,*,#16766,.T."
10585,ORIENTED_EDGE,"'',*,*,#17221,.F."
10586,ORIENTED_EDGE,"'',*,*,#17222,.F."
10587,ORIENTED_EDGE,"'',*,*,#17223,.T."
10588,ORIENTED_EDGE,"'',*,*,#16767,.T."
10589,ORIENTED_EDGE,"'',*,*,#17223,.F."
10590,ORIENTED_EDGE,"'',*,*,#17224,.F."
10591,ORIENTED_EDGE,"'',*,*,#17225,.T."
10592,ORIENTED_EDGE,"'',*,*,#16768,.T."
10593,ORIENTED_EDGE,"'',*,*,#17225,.F."
10594,ORIENTED_EDGE,"'',*,*,#17226,.F."
10595,ORIENTED_EDGE,"'',*,*,#17227,.T."
10596,ORIENTED_EDGE,"'',*,*,#16769,.T."
10597,ORIENTED_EDGE,"'',*,*,#17227,.F."
10598,ORIENTED_EDGE,"'',*,*,#17228,.F."
10599,ORIENTED_EDGE,"'',*,*,#17229,.T."
10600,ORIENTED_EDGE,"'',*,*,#16770,.T."
10601,ORIENTED_EDGE,"'',*,*,#17229,.F."
10602,ORIENTED_EDGE,"'',*,*,#17230,.F."
10603,ORIENTED_EDGE,"'',*,*,#17231,.T."
10604,ORIENTED_EDGE,"'',*,*,#16771,.T."
10605,ORIENTED_EDGE,"'',*,*,#17231,.F."
10606,ORIENTED_EDGE,"'',*,*,#17232,.F."
10607,ORIENTED_EDGE,"'',*,*,#17233,.T."
10608,ORIENTED_EDGE,"'',*,*,#16772,.T."
10609,ORIENTED_EDGE,"'',*,*,#17233,.F."
10610,ORIENTED_EDGE,"'',*,*,#17234,.F."
10611,ORIENTED_EDGE,"'',*,*,#17235,.T."
10612,ORIENTED_EDGE,"'',*,*,#16773,.T."
10613,ORIENTED_EDGE,"'',*,*,#17235,.F."
10614,ORIENTED_EDGE,"'',*,*,#17236,.F."
10615,ORIENTED_EDGE,"'',*,*,#17237,.T."
10616,ORIENTED_EDGE,"'',*,*,#16774,.T."
10617,ORIENTED_EDGE,"'',*,*,#17237,.F."
10618,ORIENTED_EDGE,"'',*,*,#17238,.F."
10619,ORIENTED_EDGE,"'',*,*,#17239,.T."
10620,ORIENTED_EDGE,"'',*,*,#16775,.T."
10621,ORIENTED_EDGE,"'',*,*,#17239,.F."
10622,ORIENTED_EDGE,"'',*,*,#17240,.F."
10623,ORIENTED_EDGE,"'',*,*,#17241,.T."
10624,ORIENTED_EDGE,"'',*,*,#16776,.T."
10625,ORIENTED_EDGE,"'',*,*,#17241,.F."
10626,ORIENTED_EDGE,"'',*,*,#17242,.F."
10627,ORIENTED_EDGE,"'',*,*,#17243,.T."
10628,ORIENTED_EDGE,"'',*,*,#16777,.T."
10629,ORIENTED_EDGE,"'',*,*,#17243,.F."
10630,ORIENTED_EDGE,"'',*,*,#17244,.F."
10631,ORIENTED_EDGE,"'',*,*,#17245,.T."
10632,ORIENTED_EDGE,"'',*,*,#16778,.T."
10633,ORIENTED_EDGE,"'',*,*,#17245,.F."
10634,ORIENTED_EDGE,"'',*,*,#17246,.F."
10635,ORIENTED_EDGE,"'',*,*,#17247,.T."
10636,ORIENTED_EDGE,"'',*,*,#16779,.T."
10637,ORIENTED_EDGE,"'',*,*,#17247,.F."
10638,ORIENTED_EDGE,"'',*,*,#17248,.F."
10639,ORIENTED_EDGE,"'',*,*,#17249,.T."
10640,ORIENTED_EDGE,"'',*,*,#16780,.T."
10641,ORIENTED_EDGE,"'',*,*,#17249,.F."
10642,ORIENTED_EDGE,"'',*,*,#17250,.F."
10643,ORIENTED_EDGE,"'',*,*,#17251,.T."
10644,ORIENTED_EDGE,"'',*,*,#16781,.T."
10645,ORIENTED_EDGE,"'',*,*,#17251,.F."
10646,ORIENTED_EDGE,"'',*,*,#17252,.F."
10647,ORIENTED_EDGE,"'',*,*,#17253,.T."
10648,ORIENTED_EDGE,"'',*,*,#16782,.T."
10649,ORIENTED_EDGE,"'',*,*,#17253,.F."
10650,ORIENTED_EDGE,"'',*,*,#17254,.F."
10651,ORIENTED_EDGE,"'',*,*,#17255,.T."
10652,ORIENTED_EDGE,"'',*,*,#16783,.T."
10653,ORIENTED_EDGE,"'',*,*,#17255,.F."
10654,ORIENTED_EDGE,"'',*,*,#17256,.F."
10655,ORIENTED_EDGE,"'',*,*,#17257,.T."
10656,ORIENTED_EDGE,"'',*,*,#16784,.T."
10657,ORIENTED_EDGE,"'',*,*,#17257,.F."
10658,ORIENTED_EDGE,"'',*,*,#17258,.F."
10659,ORIENTED_EDGE,"'',*,*,#17259,.T."
10660,ORIENTED_EDGE,"'',*,*,#16785,.T."
10661,ORIENTED_EDGE,"'',*,*,#17259,.F."
10662,ORIENTED_EDGE,"'',*,*,#17260,.F."
10663,ORIENTED_EDGE,"'',*,*,#17261,.T."
10664,ORIENTED_EDGE,"'',*,*,#16786,.T."
10665,ORIENTED_EDGE,"'',*,*,#17261,.F."
10666,ORIENTED_EDGE,"'',*,*,#17262,.F."
10667,ORIENTED_EDGE,"'',*,*,#17263,.T."
10668,ORIENTED_EDGE,"'',*,*,#16787,.T."
10669,ORIENTED_EDGE,"'',*,*,#17263,.F."
10670,ORIENTED_EDGE,"'',*,*,#17264,.F."
10671,ORIENTED_EDGE,"'',*,*,#17265,.T."
10672,ORIENTED_EDGE,"'',*,*,#16788,.T."
10673,ORIENTED_EDGE,"'',*,*,#17265,.F."
10674,ORIENTED_EDGE,"'',*,*,#17266,.F."
10675,ORIENTED_EDGE,"'',*,*,#17267,.T."
10676,ORIENTED_EDGE,"'',*,*,#16789,.T."
10677,ORIENTED_EDGE,"'',*,*,#17267,.F."
10678,ORIENTED_EDGE,"'',*,*,#17268,.F."
10679,ORIENTED_EDGE,"'',*,*,#17269,.T."
10680,ORIENTED_EDGE,"'',*,*,#16790,.T."
10681,ORIENTED_EDGE,"'',*,*,#17269,.F."
10682,ORIENTED_EDGE,"'',*,*,#17270,.F."
10683,ORIENTED_EDGE,"'',*,*,#17211,.T."
10684,ORIENTED_EDGE,"'',*,*,#17212,.T."
10685,ORIENTED_EDGE,"'',*,*,#17270,.T."
10686,ORIENTED_EDGE,"'',*,*,#17268,.T."
10687,ORIENTED_EDGE,"'',*,*,#17266,.T."
10688,ORIENTED_EDGE,"'',*,*,#17264,.T."
10689,ORIENTED_EDGE,"'',*,*,#17262,.T."
10690,ORIENTED_EDGE,"'',*,*,#17260,.T."
10691,ORIENTED_EDGE,"'',*,*,#17258,.T."
10692,ORIENTED_EDGE,"'',*,*,#17256,.T."
10693,ORIENTED_EDGE,"'',*,*,#17254,.T."
10694,ORIENTED_EDGE,"'',*,*,#17252,.T."
10695,ORIENTED_EDGE,"'',*,*,#17250,.T."
10696,ORIENTED_EDGE,"'',*,*,#17248,.T."
10697,ORIENTED_EDGE,"'',*,*,#17246,.T."
10698,ORIENTED_EDGE,"'',*,*,#17244,.T."
10699,ORIENTED_EDGE,"'',*,*,#17242,.T."
10700,ORIENTED_EDGE,"'',*,*,#17240,.T."
10701,ORIENTED_EDGE,"'',*,*,#17238,.T."
10702,ORIENTED_EDGE,"'',*,*,#17236,.T."
10703,ORIENTED_EDGE,"'',*,*,#17234,.T."
10704,ORIENTED_EDGE,"'',*,*,#17232,.T."
10705,ORIENTED_EDGE,"'',*,*,#17230,.T."
10706,ORIENTED_EDGE,"'',*,*,#17228,.T."
10707,ORIENTED_EDGE,"'',*,*,#17226,.T."
10708,ORIENTED_EDGE,"'',*,*,#17224,.T."
10709,ORIENTED_EDGE,"'',*,*,#17222,.T."
10710,ORIENTED_EDGE,"'',*,*,#17220,.T."
10711,ORIENTED_EDGE,"'',*,*,#17218,.T."
10712,ORIENTED_EDGE,"'',*,*,#17216,.T."
10713,ORIENTED_EDGE,"'',*,*,#17214,.T."
10714,ORIENTED_EDGE,"'',*,*,#16972,.T."
10715,ORIENTED_EDGE,"'',*,*,#16633,.T."
10716,ORIENTED_EDGE,"'',*,*,#16632,.T."
10717,ORIENTED_EDGE,"'',*,*,#16631,.F."
10718,ORIENTED_EDGE,"'',*,*,#16970,.T."
10719,ORIENTED_EDGE,"'',*,*,#17271,.T."
10720,ORIENTED_EDGE,"'',*,*,#17272,.T."
10721,ORIENTED_EDGE,"'',*,*,#17272,.F."
10722,ORIENTED_EDGE,"'',*,*,#17271,.F."
10723,ORIENTED_EDGE,"'',*,*,#17273,.T."
10724,ORIENTED_EDGE,"'',*,*,#17274,.T."
10725,ORIENTED_EDGE,"'',*,*,#17273,.F."
10726,ORIENTED_EDGE,"'',*,*,#16896,.F."
10727,ORIENTED_EDGE,"'',*,*,#17275,.T."
10728,ORIENTED_EDGE,"'',*,*,#17276,.T."
10729,ORIENTED_EDGE,"'',*,*,#17277,.F."
10730,ORIENTED_EDGE,"'',*,*,#17278,.T."
10731,ORIENTED_EDGE,"'',*,*,#17279,.T."
10732,ORIENTED_EDGE,"'',*,*,#17280,.T."
10733,ORIENTED_EDGE,"'',*,*,#17281,.T."
10734,ORIENTED_EDGE,"'',*,*,#16909,.T."
10735,ORIENTED_EDGE,"'',*,*,#17282,.F."
10736,ORIENTED_EDGE,"'',*,*,#17278,.F."
10737,ORIENTED_EDGE,"'',*,*,#17283,.T."
10738,ORIENTED_EDGE,"'',*,*,#17284,.T."
10739,ORIENTED_EDGE,"'',*,*,#16907,.T."
10740,ORIENTED_EDGE,"'',*,*,#17285,.F."
10741,ORIENTED_EDGE,"'',*,*,#17286,.F."
10742,ORIENTED_EDGE,"'',*,*,#17287,.F."
10743,ORIENTED_EDGE,"'',*,*,#17284,.F."
10744,ORIENTED_EDGE,"'',*,*,#17288,.T."
10745,ORIENTED_EDGE,"'',*,*,#17282,.T."
10746,ORIENTED_EDGE,"'',*,*,#16908,.F."
10747,ORIENTED_EDGE,"'',*,*,#16910,.T."
10748,ORIENTED_EDGE,"'',*,*,#17281,.F."
10749,ORIENTED_EDGE,"'',*,*,#17289,.F."
10750,ORIENTED_EDGE,"'',*,*,#17285,.T."
10751,ORIENTED_EDGE,"'',*,*,#17287,.T."
10752,ORIENTED_EDGE,"'',*,*,#17275,.F."
10753,ORIENTED_EDGE,"'',*,*,#17279,.F."
10754,ORIENTED_EDGE,"'',*,*,#17277,.T."
10755,ORIENTED_EDGE,"'',*,*,#17288,.F."
10756,ORIENTED_EDGE,"'',*,*,#17283,.F."
10757,ORIENTED_EDGE,"'',*,*,#17276,.F."
10758,ORIENTED_EDGE,"'',*,*,#17286,.T."
10759,ORIENTED_EDGE,"'',*,*,#17289,.T."
10760,ORIENTED_EDGE,"'',*,*,#17280,.F."
10761,ORIENTED_EDGE,"'',*,*,#17290,.T."
10762,ORIENTED_EDGE,"'',*,*,#17291,.F."
10763,ORIENTED_EDGE,"'',*,*,#17292,.T."
10764,ORIENTED_EDGE,"'',*,*,#17293,.T."
10765,ORIENTED_EDGE,"'',*,*,#17294,.F."
10766,ORIENTED_EDGE,"'',*,*,#16540,.T."
10767,ORIENTED_EDGE,"'',*,*,#17294,.T."
10768,ORIENTED_EDGE,"'',*,*,#17295,.F."
10769,ORIENTED_EDGE,"'',*,*,#17296,.F."
10770,ORIENTED_EDGE,"'',*,*,#17290,.F."
10771,ORIENTED_EDGE,"'',*,*,#17297,.T."
10772,ORIENTED_EDGE,"'',*,*,#17298,.T."
10773,ORIENTED_EDGE,"'',*,*,#16541,.F."
10774,ORIENTED_EDGE,"'',*,*,#17299,.F."
10775,ORIENTED_EDGE,"'',*,*,#17300,.F."
10776,ORIENTED_EDGE,"'',*,*,#17292,.F."
10777,ORIENTED_EDGE,"'',*,*,#17301,.T."
10778,ORIENTED_EDGE,"'',*,*,#17302,.T."
10779,ORIENTED_EDGE,"'',*,*,#16543,.F."
10780,ORIENTED_EDGE,"'',*,*,#17298,.F."
10781,ORIENTED_EDGE,"'',*,*,#17303,.F."
10782,ORIENTED_EDGE,"'',*,*,#17299,.T."
10783,ORIENTED_EDGE,"'',*,*,#16542,.F."
10784,ORIENTED_EDGE,"'',*,*,#17293,.F."
10785,ORIENTED_EDGE,"'',*,*,#17300,.T."
10786,ORIENTED_EDGE,"'',*,*,#17303,.T."
10787,ORIENTED_EDGE,"'',*,*,#17297,.F."
10788,ORIENTED_EDGE,"'',*,*,#16544,.T."
10789,ORIENTED_EDGE,"'',*,*,#17302,.F."
10790,ORIENTED_EDGE,"'',*,*,#17304,.T."
10791,ORIENTED_EDGE,"'',*,*,#17295,.T."
10792,ORIENTED_EDGE,"'',*,*,#17296,.T."
10793,ORIENTED_EDGE,"'',*,*,#17304,.F."
10794,ORIENTED_EDGE,"'',*,*,#17301,.F."
10795,ORIENTED_EDGE,"'',*,*,#17291,.T."
10796,ORIENTED_EDGE,"'',*,*,#17305,.T."
10797,ORIENTED_EDGE,"'',*,*,#17306,.F."
10798,ORIENTED_EDGE,"'',*,*,#17307,.T."
10799,ORIENTED_EDGE,"'',*,*,#17308,.T."
10800,ORIENTED_EDGE,"'',*,*,#17309,.F."
10801,ORIENTED_EDGE,"'',*,*,#16545,.T."
10802,ORIENTED_EDGE,"'',*,*,#17309,.T."
10803,ORIENTED_EDGE,"'',*,*,#17310,.F."
10804,ORIENTED_EDGE,"'',*,*,#17311,.F."
10805,ORIENTED_EDGE,"'',*,*,#17305,.F."
10806,ORIENTED_EDGE,"'',*,*,#17312,.T."
10807,ORIENTED_EDGE,"'',*,*,#17313,.T."
10808,ORIENTED_EDGE,"'',*,*,#16536,.F."
10809,ORIENTED_EDGE,"'',*,*,#17314,.F."
10810,ORIENTED_EDGE,"'',*,*,#17315,.F."
10811,ORIENTED_EDGE,"'',*,*,#17307,.F."
10812,ORIENTED_EDGE,"'',*,*,#17316,.T."
10813,ORIENTED_EDGE,"'',*,*,#17317,.T."
10814,ORIENTED_EDGE,"'',*,*,#16538,.F."
10815,ORIENTED_EDGE,"'',*,*,#17313,.F."
10816,ORIENTED_EDGE,"'',*,*,#17318,.F."
10817,ORIENTED_EDGE,"'',*,*,#17314,.T."
10818,ORIENTED_EDGE,"'',*,*,#16537,.F."
10819,ORIENTED_EDGE,"'',*,*,#17308,.F."
10820,ORIENTED_EDGE,"'',*,*,#17315,.T."
10821,ORIENTED_EDGE,"'',*,*,#17318,.T."
10822,ORIENTED_EDGE,"'',*,*,#17312,.F."
10823,ORIENTED_EDGE,"'',*,*,#16539,.T."
10824,ORIENTED_EDGE,"'',*,*,#17317,.F."
10825,ORIENTED_EDGE,"'',*,*,#17319,.T."
10826,ORIENTED_EDGE,"'',*,*,#17310,.T."
10827,ORIENTED_EDGE,"'',*,*,#17311,.T."
10828,ORIENTED_EDGE,"'',*,*,#17319,.F."
10829,ORIENTED_EDGE,"'',*,*,#17316,.F."
10830,ORIENTED_EDGE,"'',*,*,#17306,.T."
10831,ORIENTED_EDGE,"'',*,*,#16968,.T."
10832,ORIENTED_EDGE,"'',*,*,#17320,.F."
10833,ORIENTED_EDGE,"'',*,*,#16966,.T."
10834,ORIENTED_EDGE,"'',*,*,#17320,.T."
10835,ORIENTED_EDGE,"'',*,*,#16964,.T."
10836,ORIENTED_EDGE,"'',*,*,#17321,.F."
10837,ORIENTED_EDGE,"'',*,*,#16962,.T."
10838,ORIENTED_EDGE,"'',*,*,#17321,.T."
10839,ORIENTED_EDGE,"'',*,*,#16960,.T."
10840,ORIENTED_EDGE,"'',*,*,#17322,.F."
10841,ORIENTED_EDGE,"'',*,*,#16958,.T."
10842,ORIENTED_EDGE,"'',*,*,#17322,.T."
10843,ORIENTED_EDGE,"'',*,*,#16956,.T."
10844,ORIENTED_EDGE,"'',*,*,#17323,.F."
10845,ORIENTED_EDGE,"'',*,*,#16954,.T."
10846,ORIENTED_EDGE,"'',*,*,#17323,.T."
10847,ORIENTED_EDGE,"'',*,*,#16707,.T."
10848,ORIENTED_EDGE,"'',*,*,#17324,.F."
10849,ORIENTED_EDGE,"'',*,*,#17325,.F."
10850,ORIENTED_EDGE,"'',*,*,#17326,.T."
10851,ORIENTED_EDGE,"'',*,*,#16708,.T."
10852,ORIENTED_EDGE,"'',*,*,#17326,.F."
10853,ORIENTED_EDGE,"'',*,*,#17327,.F."
10854,ORIENTED_EDGE,"'',*,*,#17328,.T."
10855,ORIENTED_EDGE,"'',*,*,#16709,.T."
10856,ORIENTED_EDGE,"'',*,*,#17328,.F."
10857,ORIENTED_EDGE,"'',*,*,#17329,.F."
10858,ORIENTED_EDGE,"'',*,*,#17330,.T."
10859,ORIENTED_EDGE,"'',*,*,#16710,.T."
10860,ORIENTED_EDGE,"'',*,*,#17330,.F."
10861,ORIENTED_EDGE,"'',*,*,#17331,.F."
10862,ORIENTED_EDGE,"'',*,*,#17332,.T."
10863,ORIENTED_EDGE,"'',*,*,#16711,.T."
10864,ORIENTED_EDGE,"'',*,*,#17332,.F."
10865,ORIENTED_EDGE,"'',*,*,#17333,.F."
10866,ORIENTED_EDGE,"'',*,*,#17334,.T."
10867,ORIENTED_EDGE,"'',*,*,#16712,.T."
10868,ORIENTED_EDGE,"'',*,*,#17334,.F."
10869,ORIENTED_EDGE,"'',*,*,#17335,.F."
10870,ORIENTED_EDGE,"'',*,*,#17336,.T."
10871,ORIENTED_EDGE,"'',*,*,#16713,.T."
10872,ORIENTED_EDGE,"'',*,*,#17336,.F."
10873,ORIENTED_EDGE,"'',*,*,#17337,.F."
10874,ORIENTED_EDGE,"'',*,*,#17338,.T."
10875,ORIENTED_EDGE,"'',*,*,#16714,.T."
10876,ORIENTED_EDGE,"'',*,*,#17338,.F."
10877,ORIENTED_EDGE,"'',*,*,#17339,.F."
10878,ORIENTED_EDGE,"'',*,*,#17340,.T."
10879,ORIENTED_EDGE,"'',*,*,#16715,.T."
10880,ORIENTED_EDGE,"'',*,*,#17340,.F."
10881,ORIENTED_EDGE,"'',*,*,#17341,.F."
10882,ORIENTED_EDGE,"'',*,*,#17342,.T."
10883,ORIENTED_EDGE,"'',*,*,#16716,.T."
10884,ORIENTED_EDGE,"'',*,*,#17342,.F."
10885,ORIENTED_EDGE,"'',*,*,#17343,.F."
10886,ORIENTED_EDGE,"'',*,*,#17344,.T."
10887,ORIENTED_EDGE,"'',*,*,#16717,.T."
10888,ORIENTED_EDGE,"'',*,*,#17344,.F."
10889,ORIENTED_EDGE,"'',*,*,#17345,.F."
10890,ORIENTED_EDGE,"'',*,*,#17346,.T."
10891,ORIENTED_EDGE,"'',*,*,#16718,.T."
10892,ORIENTED_EDGE,"'',*,*,#17346,.F."
10893,ORIENTED_EDGE,"'',*,*,#17347,.F."
10894,ORIENTED_EDGE,"'',*,*,#17348,.T."
10895,ORIENTED_EDGE,"'',*,*,#16719,.T."
10896,ORIENTED_EDGE,"'',*,*,#17348,.F."
10897,ORIENTED_EDGE,"'',*,*,#17349,.F."
10898,ORIENTED_EDGE,"'',*,*,#17350,.T."
10899,ORIENTED_EDGE,"'',*,*,#16720,.T."
10900,ORIENTED_EDGE,"'',*,*,#17350,.F."
10901,ORIENTED_EDGE,"'',*,*,#17351,.F."
10902,ORIENTED_EDGE,"'',*,*,#17352,.T."
10903,ORIENTED_EDGE,"'',*,*,#16721,.T."
10904,ORIENTED_EDGE,"'',*,*,#17352,.F."
10905,ORIENTED_EDGE,"'',*,*,#17353,.F."
10906,ORIENTED_EDGE,"'',*,*,#17324,.T."
10907,ORIENTED_EDGE,"'',*,*,#17325,.T."
10908,ORIENTED_EDGE,"'',*,*,#17353,.T."
10909,ORIENTED_EDGE,"'',*,*,#17351,.T."
10910,ORIENTED_EDGE,"'',*,*,#17349,.T."
10911,ORIENTED_EDGE,"'',*,*,#17347,.T."
10912,ORIENTED_EDGE,"'',*,*,#17345,.T."
10913,ORIENTED_EDGE,"'',*,*,#17343,.T."
10914,ORIENTED_EDGE,"'',*,*,#17341,.T."
10915,ORIENTED_EDGE,"'',*,*,#17339,.T."
10916,ORIENTED_EDGE,"'',*,*,#17337,.T."
10917,ORIENTED_EDGE,"'',*,*,#17335,.T."
10918,ORIENTED_EDGE,"'',*,*,#17333,.T."
10919,ORIENTED_EDGE,"'',*,*,#17331,.T."
10920,ORIENTED_EDGE,"'',*,*,#17329,.T."
10921,ORIENTED_EDGE,"'',*,*,#17327,.T."
10922,ORIENTED_EDGE,"'',*,*,#16698,.T."
10923,ORIENTED_EDGE,"'',*,*,#17354,.F."
10924,ORIENTED_EDGE,"'',*,*,#17355,.F."
10925,ORIENTED_EDGE,"'',*,*,#17356,.T."
10926,ORIENTED_EDGE,"'',*,*,#16699,.T."
10927,ORIENTED_EDGE,"'',*,*,#17356,.F."
10928,ORIENTED_EDGE,"'',*,*,#17357,.F."
10929,ORIENTED_EDGE,"'',*,*,#17358,.T."
10930,ORIENTED_EDGE,"'',*,*,#16700,.T."
10931,ORIENTED_EDGE,"'',*,*,#17358,.F."
10932,ORIENTED_EDGE,"'',*,*,#17359,.F."
10933,ORIENTED_EDGE,"'',*,*,#17360,.T."
10934,ORIENTED_EDGE,"'',*,*,#16701,.T."
10935,ORIENTED_EDGE,"'',*,*,#17360,.F."
10936,ORIENTED_EDGE,"'',*,*,#17361,.F."
10937,ORIENTED_EDGE,"'',*,*,#17362,.T."
10938,ORIENTED_EDGE,"'',*,*,#16702,.T."
10939,ORIENTED_EDGE,"'',*,*,#17362,.F."
10940,ORIENTED_EDGE,"'',*,*,#17363,.F."
10941,ORIENTED_EDGE,"'',*,*,#17364,.T."
10942,ORIENTED_EDGE,"'',*,*,#16703,.T."
10943,ORIENTED_EDGE,"'',*,*,#17364,.F."
10944,ORIENTED_EDGE,"'',*,*,#17365,.F."
10945,ORIENTED_EDGE,"'',*,*,#17366,.T."
10946,ORIENTED_EDGE,"'',*,*,#16704,.T."
10947,ORIENTED_EDGE,"'',*,*,#17366,.F."
10948,ORIENTED_EDGE,"'',*,*,#17367,.F."
10949,ORIENTED_EDGE,"'',*,*,#17368,.T."
10950,ORIENTED_EDGE,"'',*,*,#16705,.T."
10951,ORIENTED_EDGE,"'',*,*,#17368,.F."
10952,ORIENTED_EDGE,"'',*,*,#17369,.F."
10953,ORIENTED_EDGE,"'',*,*,#17370,.T."
10954,ORIENTED_EDGE,"'',*,*,#16706,.T."
10955,ORIENTED_EDGE,"'',*,*,#17370,.F."
10956,ORIENTED_EDGE,"'',*,*,#17371,.F."
10957,ORIENTED_EDGE,"'',*,*,#17354,.T."
10958,ORIENTED_EDGE,"'',*,*,#17355,.T."
10959,ORIENTED_EDGE,"'',*,*,#17371,.T."
10960,ORIENTED_EDGE,"'',*,*,#17369,.T."
10961,ORIENTED_EDGE,"'',*,*,#17367,.T."
10962,ORIENTED_EDGE,"'',*,*,#17365,.T."
10963,ORIENTED_EDGE,"'',*,*,#17363,.T."
10964,ORIENTED_EDGE,"'',*,*,#17361,.T."
10965,ORIENTED_EDGE,"'',*,*,#17359,.T."
10966,ORIENTED_EDGE,"'',*,*,#17357,.T."
10967,ORIENTED_EDGE,"'',*,*,#17372,.T."
10968,ORIENTED_EDGE,"'',*,*,#17373,.T."
10969,ORIENTED_EDGE,"'',*,*,#17374,.T."
10970,ORIENTED_EDGE,"'',*,*,#17375,.T."
10971,ORIENTED_EDGE,"'',*,*,#17376,.T."
10972,ORIENTED_EDGE,"'',*,*,#17377,.T."
10973,ORIENTED_EDGE,"'',*,*,#17378,.T."
10974,ORIENTED_EDGE,"'',*,*,#17379,.T."
10975,ORIENTED_EDGE,"'',*,*,#17380,.T."
10976,ORIENTED_EDGE,"'',*,*,#17381,.T."
10977,ORIENTED_EDGE,"'',*,*,#17382,.T."
10978,ORIENTED_EDGE,"'',*,*,#17383,.T."
10979,ORIENTED_EDGE,"'',*,*,#17384,.T."
10980,ORIENTED_EDGE,"'',*,*,#17385,.T."
10981,ORIENTED_EDGE,"'',*,*,#17386,.T."
10982,ORIENTED_EDGE,"'',*,*,#17387,.T."
10983,ORIENTED_EDGE,"'',*,*,#17388,.T."
10984,ORIENTED_EDGE,"'',*,*,#17389,.T."
10985,ORIENTED_EDGE,"'',*,*,#17390,.T."
10986,ORIENTED_EDGE,"'',*,*,#17391,.T."
10987,ORIENTED_EDGE,"'',*,*,#17392,.T."
10988,ORIENTED_EDGE,"'',*,*,#17393,.T."
10989,ORIENTED_EDGE,"'',*,*,#17394,.T."
10990,ORIENTED_EDGE,"'',*,*,#17395,.T."
10991,ORIENTED_EDGE,"'',*,*,#17396,.T."
10992,ORIENTED_EDGE,"'',*,*,#17397,.T."
10993,ORIENTED_EDGE,"'',*,*,#17398,.T."
10994,ORIENTED_EDGE,"'',*,*,#17399,.T."
10995,ORIENTED_EDGE,"'',*,*,#16791,.T."
10996,ORIENTED_EDGE,"'',*,*,#17400,.F."
10997,ORIENTED_EDGE,"'',*,*,#17381,.F."
10998,ORIENTED_EDGE,"'',*,*,#17401,.T."
10999,ORIENTED_EDGE,"'',*,*,#16792,.T."
11000,ORIENTED_EDGE,"'',*,*,#17401,.F."
11001,ORIENTED_EDGE,"'',*,*,#17399,.F."
11002,ORIENTED_EDGE,"'',*,*,#17402,.T."
11003,ORIENTED_EDGE,"'',*,*,#16793,.T."
11004,ORIENTED_EDGE,"'',*,*,#17402,.F."
11005,ORIENTED_EDGE,"'',*,*,#17398,.F."
11006,ORIENTED_EDGE,"'',*,*,#17403,.T."
11007,ORIENTED_EDGE,"'',*,*,#16794,.T."
11008,ORIENTED_EDGE,"'',*,*,#17403,.F."
11009,ORIENTED_EDGE,"'',*,*,#17397,.F."
11010,ORIENTED_EDGE,"'',*,*,#17404,.T."
11011,ORIENTED_EDGE,"'',*,*,#16795,.T."
11012,ORIENTED_EDGE,"'',*,*,#17404,.F."
11013,ORIENTED_EDGE,"'',*,*,#17396,.F."
11014,ORIENTED_EDGE,"'',*,*,#17405,.T."
11015,ORIENTED_EDGE,"'',*,*,#16796,.T."
11016,ORIENTED_EDGE,"'',*,*,#17405,.F."
11017,ORIENTED_EDGE,"'',*,*,#17395,.F."
11018,ORIENTED_EDGE,"'',*,*,#17406,.T."
11019,ORIENTED_EDGE,"'',*,*,#16797,.T."
11020,ORIENTED_EDGE,"'',*,*,#17406,.F."
11021,ORIENTED_EDGE,"'',*,*,#17394,.F."
11022,ORIENTED_EDGE,"'',*,*,#17407,.T."
11023,ORIENTED_EDGE,"'',*,*,#16798,.T."
11024,ORIENTED_EDGE,"'',*,*,#17407,.F."
11025,ORIENTED_EDGE,"'',*,*,#17393,.F."
11026,ORIENTED_EDGE,"'',*,*,#17408,.T."
11027,ORIENTED_EDGE,"'',*,*,#16799,.T."
11028,ORIENTED_EDGE,"'',*,*,#17408,.F."
11029,ORIENTED_EDGE,"'',*,*,#17392,.F."
11030,ORIENTED_EDGE,"'',*,*,#17409,.T."
11031,ORIENTED_EDGE,"'',*,*,#16800,.T."
11032,ORIENTED_EDGE,"'',*,*,#17409,.F."
11033,ORIENTED_EDGE,"'',*,*,#17391,.F."
11034,ORIENTED_EDGE,"'',*,*,#17410,.T."
11035,ORIENTED_EDGE,"'',*,*,#16801,.T."
11036,ORIENTED_EDGE,"'',*,*,#17410,.F."
11037,ORIENTED_EDGE,"'',*,*,#17390,.F."
11038,ORIENTED_EDGE,"'',*,*,#17411,.T."
11039,ORIENTED_EDGE,"'',*,*,#16802,.T."
11040,ORIENTED_EDGE,"'',*,*,#17411,.F."
11041,ORIENTED_EDGE,"'',*,*,#17389,.F."
11042,ORIENTED_EDGE,"'',*,*,#17412,.T."
11043,ORIENTED_EDGE,"'',*,*,#16803,.T."
11044,ORIENTED_EDGE,"'',*,*,#17412,.F."
11045,ORIENTED_EDGE,"'',*,*,#17388,.F."
11046,ORIENTED_EDGE,"'',*,*,#17413,.T."
11047,ORIENTED_EDGE,"'',*,*,#16804,.T."
11048,ORIENTED_EDGE,"'',*,*,#17413,.F."
11049,ORIENTED_EDGE,"'',*,*,#17387,.F."
11050,ORIENTED_EDGE,"'',*,*,#17414,.T."
11051,ORIENTED_EDGE,"'',*,*,#16805,.T."
11052,ORIENTED_EDGE,"'',*,*,#17414,.F."
11053,ORIENTED_EDGE,"'',*,*,#17386,.F."
11054,ORIENTED_EDGE,"'',*,*,#17415,.T."
11055,ORIENTED_EDGE,"'',*,*,#16806,.T."
11056,ORIENTED_EDGE,"'',*,*,#17415,.F."
11057,ORIENTED_EDGE,"'',*,*,#17385,.F."
11058,ORIENTED_EDGE,"'',*,*,#17416,.T."
11059,ORIENTED_EDGE,"'',*,*,#16807,.T."
11060,ORIENTED_EDGE,"'',*,*,#17416,.F."
11061,ORIENTED_EDGE,"'',*,*,#17384,.F."
11062,ORIENTED_EDGE,"'',*,*,#17417,.T."
11063,ORIENTED_EDGE,"'',*,*,#16808,.T."
11064,ORIENTED_EDGE,"'',*,*,#17417,.F."
11065,ORIENTED_EDGE,"'',*,*,#17383,.F."
11066,ORIENTED_EDGE,"'',*,*,#17418,.T."
11067,ORIENTED_EDGE,"'',*,*,#16809,.T."
11068,ORIENTED_EDGE,"'',*,*,#17418,.F."
11069,ORIENTED_EDGE,"'',*,*,#17382,.F."
11070,ORIENTED_EDGE,"'',*,*,#17400,.T."
11071,ORIENTED_EDGE,"'',*,*,#17419,.T."
11072,ORIENTED_EDGE,"'',*,*,#17420,.T."
11073,ORIENTED_EDGE,"'',*,*,#17380,.F."
11074,ORIENTED_EDGE,"'',*,*,#17421,.F."
11075,ORIENTED_EDGE,"'',*,*,#17422,.T."
11076,ORIENTED_EDGE,"'',*,*,#17421,.T."
11077,ORIENTED_EDGE,"'',*,*,#17379,.F."
11078,ORIENTED_EDGE,"'',*,*,#17423,.F."
11079,ORIENTED_EDGE,"'',*,*,#17424,.T."
11080,ORIENTED_EDGE,"'',*,*,#17423,.T."
11081,ORIENTED_EDGE,"'',*,*,#17378,.F."
11082,ORIENTED_EDGE,"'',*,*,#17425,.F."
11083,ORIENTED_EDGE,"'',*,*,#17426,.T."
11084,ORIENTED_EDGE,"'',*,*,#17425,.T."
11085,ORIENTED_EDGE,"'',*,*,#17377,.F."
11086,ORIENTED_EDGE,"'',*,*,#17427,.F."
11087,ORIENTED_EDGE,"'',*,*,#17428,.T."
11088,ORIENTED_EDGE,"'',*,*,#17427,.T."
11089,ORIENTED_EDGE,"'',*,*,#17376,.F."
11090,ORIENTED_EDGE,"'',*,*,#17429,.F."
11091,ORIENTED_EDGE,"'',*,*,#17430,.T."
11092,ORIENTED_EDGE,"'',*,*,#17429,.T."
11093,ORIENTED_EDGE,"'',*,*,#17375,.F."
11094,ORIENTED_EDGE,"'',*,*,#17431,.F."
11095,ORIENTED_EDGE,"'',*,*,#17432,.T."
11096,ORIENTED_EDGE,"'',*,*,#17431,.T."
11097,ORIENTED_EDGE,"'',*,*,#17374,.F."
11098,ORIENTED_EDGE,"'',*,*,#17433,.F."
11099,ORIENTED_EDGE,"'',*,*,#17434,.T."
11100,ORIENTED_EDGE,"'',*,*,#17433,.T."
11101,ORIENTED_EDGE,"'',*,*,#17373,.F."
11102,ORIENTED_EDGE,"'',*,*,#17435,.F."
11103,ORIENTED_EDGE,"'',*,*,#17436,.T."
11104,ORIENTED_EDGE,"'',*,*,#17435,.T."
11105,ORIENTED_EDGE,"'',*,*,#17372,.F."
11106,ORIENTED_EDGE,"'',*,*,#17420,.F."
11107,ORIENTED_EDGE,"'',*,*,#17419,.F."
11108,ORIENTED_EDGE,"'',*,*,#17422,.F."
11109,ORIENTED_EDGE,"'',*,*,#17424,.F."
11110,ORIENTED_EDGE,"'',*,*,#17426,.F."
11111,ORIENTED_EDGE,"'',*,*,#17428,.F."
11112,ORIENTED_EDGE,"'',*,*,#17430,.F."
11113,ORIENTED_EDGE,"'',*,*,#17432,.F."
11114,ORIENTED_EDGE,"'',*,*,#17434,.F."
11115,ORIENTED_EDGE,"'',*,*,#17436,.F."
11116,ORIENTED_EDGE,"'',*,*,#16810,.T."
11117,ORIENTED_EDGE,"'',*,*,#17437,.F."
11118,ORIENTED_EDGE,"'',*,*,#17438,.F."
11119,ORIENTED_EDGE,"'',*,*,#17439,.T."
11120,ORIENTED_EDGE,"'',*,*,#16811,.T."
11121,ORIENTED_EDGE,"'',*,*,#17439,.F."
11122,ORIENTED_EDGE,"'',*,*,#17440,.F."
11123,ORIENTED_EDGE,"'',*,*,#17441,.T."
11124,ORIENTED_EDGE,"'',*,*,#16812,.T."
11125,ORIENTED_EDGE,"'',*,*,#17441,.F."
11126,ORIENTED_EDGE,"'',*,*,#17442,.F."
11127,ORIENTED_EDGE,"'',*,*,#17443,.T."
11128,ORIENTED_EDGE,"'',*,*,#16813,.T."
11129,ORIENTED_EDGE,"'',*,*,#17443,.F."
11130,ORIENTED_EDGE,"'',*,*,#17444,.F."
11131,ORIENTED_EDGE,"'',*,*,#17445,.T."
11132,ORIENTED_EDGE,"'',*,*,#16814,.T."
11133,ORIENTED_EDGE,"'',*,*,#17445,.F."
11134,ORIENTED_EDGE,"'',*,*,#17446,.F."
11135,ORIENTED_EDGE,"'',*,*,#17447,.T."
11136,ORIENTED_EDGE,"'',*,*,#16815,.T."
11137,ORIENTED_EDGE,"'',*,*,#17447,.F."
11138,ORIENTED_EDGE,"'',*,*,#17448,.F."
11139,ORIENTED_EDGE,"'',*,*,#17449,.T."
11140,ORIENTED_EDGE,"'',*,*,#16816,.T."
11141,ORIENTED_EDGE,"'',*,*,#17449,.F."
11142,ORIENTED_EDGE,"'',*,*,#17450,.F."
11143,ORIENTED_EDGE,"'',*,*,#17451,.T."
11144,ORIENTED_EDGE,"'',*,*,#16817,.T."
11145,ORIENTED_EDGE,"'',*,*,#17451,.F."
11146,ORIENTED_EDGE,"'',*,*,#17452,.F."
11147,ORIENTED_EDGE,"'',*,*,#17453,.T."
11148,ORIENTED_EDGE,"'',*,*,#16818,.T."
11149,ORIENTED_EDGE,"'',*,*,#17453,.F."
11150,ORIENTED_EDGE,"'',*,*,#17454,.F."
11151,ORIENTED_EDGE,"'',*,*,#17455,.T."
11152,ORIENTED_EDGE,"'',*,*,#16819,.T."
11153,ORIENTED_EDGE,"'',*,*,#17455,.F."
11154,ORIENTED_EDGE,"'',*,*,#17456,.F."
11155,ORIENTED_EDGE,"'',*,*,#17457,.T."
11156,ORIENTED_EDGE,"'',*,*,#16820,.T."
11157,ORIENTED_EDGE,"'',*,*,#17457,.F."
11158,ORIENTED_EDGE,"'',*,*,#17458,.F."
11159,ORIENTED_EDGE,"'',*,*,#17459,.T."
11160,ORIENTED_EDGE,"'',*,*,#16821,.T."
11161,ORIENTED_EDGE,"'',*,*,#17459,.F."
11162,ORIENTED_EDGE,"'',*,*,#17460,.F."
11163,ORIENTED_EDGE,"'',*,*,#17461,.T."
11164,ORIENTED_EDGE,"'',*,*,#16822,.T."
11165,ORIENTED_EDGE,"'',*,*,#17461,.F."
11166,ORIENTED_EDGE,"'',*,*,#17462,.F."
11167,ORIENTED_EDGE,"'',*,*,#17463,.T."
11168,ORIENTED_EDGE,"'',*,*,#16823,.T."
11169,ORIENTED_EDGE,"'',*,*,#17463,.F."
11170,ORIENTED_EDGE,"'',*,*,#17464,.F."
11171,ORIENTED_EDGE,"'',*,*,#17465,.T."
11172,ORIENTED_EDGE,"'',*,*,#16824,.T."
11173,ORIENTED_EDGE,"'',*,*,#17465,.F."
11174,ORIENTED_EDGE,"'',*,*,#17466,.F."
11175,ORIENTED_EDGE,"'',*,*,#17437,.T."
11176,ORIENTED_EDGE,"'',*,*,#17438,.T."
11177,ORIENTED_EDGE,"'',*,*,#17466,.T."
11178,ORIENTED_EDGE,"'',*,*,#17464,.T."
11179,ORIENTED_EDGE,"'',*,*,#17462,.T."
11180,ORIENTED_EDGE,"'',*,*,#17460,.T."
11181,ORIENTED_EDGE,"'',*,*,#17458,.T."
11182,ORIENTED_EDGE,"'',*,*,#17456,.T."
11183,ORIENTED_EDGE,"'',*,*,#17454,.T."
11184,ORIENTED_EDGE,"'',*,*,#17452,.T."
11185,ORIENTED_EDGE,"'',*,*,#17450,.T."
11186,ORIENTED_EDGE,"'',*,*,#17448,.T."
11187,ORIENTED_EDGE,"'',*,*,#17446,.T."
11188,ORIENTED_EDGE,"'',*,*,#17444,.T."
11189,ORIENTED_EDGE,"'',*,*,#17442,.T."
11190,ORIENTED_EDGE,"'',*,*,#17440,.T."
11191,ORIENTED_EDGE,"'',*,*,#16825,.T."
11192,ORIENTED_EDGE,"'',*,*,#17467,.F."
11193,ORIENTED_EDGE,"'',*,*,#17468,.F."
11194,ORIENTED_EDGE,"'',*,*,#17469,.T."
11195,ORIENTED_EDGE,"'',*,*,#16826,.T."
11196,ORIENTED_EDGE,"'',*,*,#17469,.F."
11197,ORIENTED_EDGE,"'',*,*,#17470,.F."
11198,ORIENTED_EDGE,"'',*,*,#17471,.T."
11199,ORIENTED_EDGE,"'',*,*,#16827,.T."
11200,ORIENTED_EDGE,"'',*,*,#17471,.F."
11201,ORIENTED_EDGE,"'',*,*,#17472,.F."
11202,ORIENTED_EDGE,"'',*,*,#17473,.T."
11203,ORIENTED_EDGE,"'',*,*,#16828,.T."
11204,ORIENTED_EDGE,"'',*,*,#17473,.F."
11205,ORIENTED_EDGE,"'',*,*,#17474,.F."
11206,ORIENTED_EDGE,"'',*,*,#17475,.T."
11207,ORIENTED_EDGE,"'',*,*,#16829,.T."
11208,ORIENTED_EDGE,"'',*,*,#17475,.F."
11209,ORIENTED_EDGE,"'',*,*,#17476,.F."
11210,ORIENTED_EDGE,"'',*,*,#17477,.T."
11211,ORIENTED_EDGE,"'',*,*,#16830,.T."
11212,ORIENTED_EDGE,"'',*,*,#17477,.F."
11213,ORIENTED_EDGE,"'',*,*,#17478,.F."
11214,ORIENTED_EDGE,"'',*,*,#17479,.T."
11215,ORIENTED_EDGE,"'',*,*,#16831,.T."
11216,ORIENTED_EDGE,"'',*,*,#17479,.F."
11217,ORIENTED_EDGE,"'',*,*,#17480,.F."
11218,ORIENTED_EDGE,"'',*,*,#17481,.T."
11219,ORIENTED_EDGE,"'',*,*,#16832,.T."
11220,ORIENTED_EDGE,"'',*,*,#17481,.F."
11221,ORIENTED_EDGE,"'',*,*,#17482,.F."
11222,ORIENTED_EDGE,"'',*,*,#17483,.T."
11223,ORIENTED_EDGE,"'',*,*,#16833,.T."
11224,ORIENTED_EDGE,"'',*,*,#17483,.F."
11225,ORIENTED_EDGE,"'',*,*,#17484,.F."
11226,ORIENTED_EDGE,"'',*,*,#17467,.T."
11227,ORIENTED_EDGE,"'',*,*,#17468,.T."
11228,ORIENTED_EDGE,"'',*,*,#17484,.T."
11229,ORIENTED_EDGE,"'',*,*,#17482,.T."
11230,ORIENTED_EDGE,"'',*,*,#17480,.T."
11231,ORIENTED_EDGE,"'',*,*,#17478,.T."
11232,ORIENTED_EDGE,"'',*,*,#17476,.T."
11233,ORIENTED_EDGE,"'',*,*,#17474,.T."
11234,ORIENTED_EDGE,"'',*,*,#17472,.T."
11235,ORIENTED_EDGE,"'',*,*,#17470,.T."
11236,ORIENTED_EDGE,"'',*,*,#17485,.T."
11237,ORIENTED_EDGE,"'',*,*,#17486,.T."
11238,ORIENTED_EDGE,"'',*,*,#17487,.T."
11239,ORIENTED_EDGE,"'',*,*,#17488,.T."
11240,ORIENTED_EDGE,"'',*,*,#17489,.T."
11241,ORIENTED_EDGE,"'',*,*,#17490,.T."
11242,ORIENTED_EDGE,"'',*,*,#17491,.T."
11243,ORIENTED_EDGE,"'',*,*,#17492,.T."
11244,ORIENTED_EDGE,"'',*,*,#17493,.T."
11245,ORIENTED_EDGE,"'',*,*,#17494,.T."
11246,ORIENTED_EDGE,"'',*,*,#17495,.T."
11247,ORIENTED_EDGE,"'',*,*,#17496,.T."
11248,ORIENTED_EDGE,"'',*,*,#17497,.T."
11249,ORIENTED_EDGE,"'',*,*,#17498,.T."
11250,ORIENTED_EDGE,"'',*,*,#17499,.T."
11251,ORIENTED_EDGE,"'',*,*,#17500,.T."
11252,ORIENTED_EDGE,"'',*,*,#17501,.T."
11253,ORIENTED_EDGE,"'',*,*,#17502,.T."
11254,ORIENTED_EDGE,"'',*,*,#17503,.T."
11255,ORIENTED_EDGE,"'',*,*,#17504,.T."
11256,ORIENTED_EDGE,"'',*,*,#17505,.T."
11257,ORIENTED_EDGE,"'',*,*,#17506,.T."
11258,ORIENTED_EDGE,"'',*,*,#17507,.T."
11259,ORIENTED_EDGE,"'',*,*,#17508,.T."
11260,ORIENTED_EDGE,"'',*,*,#17509,.T."
11261,ORIENTED_EDGE,"'',*,*,#17510,.T."
11262,ORIENTED_EDGE,"'',*,*,#17511,.T."
11263,ORIENTED_EDGE,"'',*,*,#17512,.T."
11264,ORIENTED_EDGE,"'',*,*,#16679,.T."
11265,ORIENTED_EDGE,"'',*,*,#17513,.F."
11266,ORIENTED_EDGE,"'',*,*,#17494,.F."
11267,ORIENTED_EDGE,"'',*,*,#17514,.T."
11268,ORIENTED_EDGE,"'',*,*,#16680,.T."
11269,ORIENTED_EDGE,"'',*,*,#17514,.F."
11270,ORIENTED_EDGE,"'',*,*,#17512,.F."
11271,ORIENTED_EDGE,"'',*,*,#17515,.T."
11272,ORIENTED_EDGE,"'',*,*,#16681,.T."
11273,ORIENTED_EDGE,"'',*,*,#17515,.F."
11274,ORIENTED_EDGE,"'',*,*,#17511,.F."
11275,ORIENTED_EDGE,"'',*,*,#17516,.T."
11276,ORIENTED_EDGE,"'',*,*,#16682,.T."
11277,ORIENTED_EDGE,"'',*,*,#17516,.F."
11278,ORIENTED_EDGE,"'',*,*,#17510,.F."
11279,ORIENTED_EDGE,"'',*,*,#17517,.T."
11280,ORIENTED_EDGE,"'',*,*,#16683,.T."
11281,ORIENTED_EDGE,"'',*,*,#17517,.F."
11282,ORIENTED_EDGE,"'',*,*,#17509,.F."
11283,ORIENTED_EDGE,"'',*,*,#17518,.T."
11284,ORIENTED_EDGE,"'',*,*,#16684,.T."
11285,ORIENTED_EDGE,"'',*,*,#17518,.F."
11286,ORIENTED_EDGE,"'',*,*,#17508,.F."
11287,ORIENTED_EDGE,"'',*,*,#17519,.T."
11288,ORIENTED_EDGE,"'',*,*,#16685,.T."
11289,ORIENTED_EDGE,"'',*,*,#17519,.F."
11290,ORIENTED_EDGE,"'',*,*,#17507,.F."
11291,ORIENTED_EDGE,"'',*,*,#17520,.T."
11292,ORIENTED_EDGE,"'',*,*,#16686,.T."
11293,ORIENTED_EDGE,"'',*,*,#17520,.F."
11294,ORIENTED_EDGE,"'',*,*,#17506,.F."
11295,ORIENTED_EDGE,"'',*,*,#17521,.T."
11296,ORIENTED_EDGE,"'',*,*,#16687,.T."
11297,ORIENTED_EDGE,"'',*,*,#17521,.F."
11298,ORIENTED_EDGE,"'',*,*,#17505,.F."
11299,ORIENTED_EDGE,"'',*,*,#17522,.T."
11300,ORIENTED_EDGE,"'',*,*,#16688,.T."
11301,ORIENTED_EDGE,"'',*,*,#17522,.F."
11302,ORIENTED_EDGE,"'',*,*,#17504,.F."
11303,ORIENTED_EDGE,"'',*,*,#17523,.T."
11304,ORIENTED_EDGE,"'',*,*,#16689,.T."
11305,ORIENTED_EDGE,"'',*,*,#17523,.F."
11306,ORIENTED_EDGE,"'',*,*,#17503,.F."
11307,ORIENTED_EDGE,"'',*,*,#17524,.T."
11308,ORIENTED_EDGE,"'',*,*,#16690,.T."
11309,ORIENTED_EDGE,"'',*,*,#17524,.F."
11310,ORIENTED_EDGE,"'',*,*,#17502,.F."
11311,ORIENTED_EDGE,"'',*,*,#17525,.T."
11312,ORIENTED_EDGE,"'',*,*,#16691,.T."
11313,ORIENTED_EDGE,"'',*,*,#17525,.F."
11314,ORIENTED_EDGE,"'',*,*,#17501,.F."
11315,ORIENTED_EDGE,"'',*,*,#17526,.T."
11316,ORIENTED_EDGE,"'',*,*,#16692,.T."
11317,ORIENTED_EDGE,"'',*,*,#17526,.F."
11318,ORIENTED_EDGE,"'',*,*,#17500,.F."
11319,ORIENTED_EDGE,"'',*,*,#17527,.T."
11320,ORIENTED_EDGE,"'',*,*,#16693,.T."
11321,ORIENTED_EDGE,"'',*,*,#17527,.F."
11322,ORIENTED_EDGE,"'',*,*,#17499,.F."
11323,ORIENTED_EDGE,"'',*,*,#17528,.T."
11324,ORIENTED_EDGE,"'',*,*,#16694,.T."
11325,ORIENTED_EDGE,"'',*,*,#17528,.F."
11326,ORIENTED_EDGE,"'',*,*,#17498,.F."
11327,ORIENTED_EDGE,"'',*,*,#17529,.T."
11328,ORIENTED_EDGE,"'',*,*,#16695,.T."
11329,ORIENTED_EDGE,"'',*,*,#17529,.F."
11330,ORIENTED_EDGE,"'',*,*,#17497,.F."
11331,ORIENTED_EDGE,"'',*,*,#17530,.T."
11332,ORIENTED_EDGE,"'',*,*,#16696,.T."
11333,ORIENTED_EDGE,"'',*,*,#17530,.F."
11334,ORIENTED_EDGE,"'',*,*,#17496,.F."
11335,ORIENTED_EDGE,"'',*,*,#17531,.T."
11336,ORIENTED_EDGE,"'',*,*,#16697,.T."
11337,ORIENTED_EDGE,"'',*,*,#17531,.F."
11338,ORIENTED_EDGE,"'',*,*,#17495,.F."
11339,ORIENTED_EDGE,"'',*,*,#17513,.T."
11340,ORIENTED_EDGE,"'',*,*,#17532,.T."
11341,ORIENTED_EDGE,"'',*,*,#17533,.T."
11342,ORIENTED_EDGE,"'',*,*,#17493,.F."
11343,ORIENTED_EDGE,"'',*,*,#17534,.F."
11344,ORIENTED_EDGE,"'',*,*,#17535,.T."
11345,ORIENTED_EDGE,"'',*,*,#17534,.T."
11346,ORIENTED_EDGE,"'',*,*,#17492,.F."
11347,ORIENTED_EDGE,"'',*,*,#17536,.F."
11348,ORIENTED_EDGE,"'',*,*,#17537,.T."
11349,ORIENTED_EDGE,"'',*,*,#17536,.T."
11350,ORIENTED_EDGE,"'',*,*,#17491,.F."
11351,ORIENTED_EDGE,"'',*,*,#17538,.F."
11352,ORIENTED_EDGE,"'',*,*,#17539,.T."
11353,ORIENTED_EDGE,"'',*,*,#17538,.T."
11354,ORIENTED_EDGE,"'',*,*,#17490,.F."
11355,ORIENTED_EDGE,"'',*,*,#17540,.F."
11356,ORIENTED_EDGE,"'',*,*,#17541,.T."
11357,ORIENTED_EDGE,"'',*,*,#17540,.T."
11358,ORIENTED_EDGE,"'',*,*,#17489,.F."
11359,ORIENTED_EDGE,"'',*,*,#17542,.F."
11360,ORIENTED_EDGE,"'',*,*,#17543,.T."
11361,ORIENTED_EDGE,"'',*,*,#17542,.T."
11362,ORIENTED_EDGE,"'',*,*,#17488,.F."
11363,ORIENTED_EDGE,"'',*,*,#17544,.F."
11364,ORIENTED_EDGE,"'',*,*,#17545,.T."
11365,ORIENTED_EDGE,"'',*,*,#17544,.T."
11366,ORIENTED_EDGE,"'',*,*,#17487,.F."
11367,ORIENTED_EDGE,"'',*,*,#17546,.F."
11368,ORIENTED_EDGE,"'',*,*,#17547,.T."
11369,ORIENTED_EDGE,"'',*,*,#17546,.T."
11370,ORIENTED_EDGE,"'',*,*,#17486,.F."
11371,ORIENTED_EDGE,"'',*,*,#17548,.F."
11372,ORIENTED_EDGE,"'',*,*,#17549,.T."
11373,ORIENTED_EDGE,"'',*,*,#17548,.T."
11374,ORIENTED_EDGE,"'',*,*,#17485,.F."
11375,ORIENTED_EDGE,"'',*,*,#17533,.F."
11376,ORIENTED_EDGE,"'',*,*,#17532,.F."
11377,ORIENTED_EDGE,"'',*,*,#17535,.F."
11378,ORIENTED_EDGE,"'',*,*,#17537,.F."
11379,ORIENTED_EDGE,"'',*,*,#17539,.F."
11380,ORIENTED_EDGE,"'',*,*,#17541,.F."
11381,ORIENTED_EDGE,"'',*,*,#17543,.F."
11382,ORIENTED_EDGE,"'',*,*,#17545,.F."
11383,ORIENTED_EDGE,"'',*,*,#17547,.F."
11384,ORIENTED_EDGE,"'',*,*,#17549,.F."
11385,ORIENTED_EDGE,"'',*,*,#16911,.T."
11386,ORIENTED_EDGE,"'',*,*,#17550,.F."
11387,ORIENTED_EDGE,"'',*,*,#17551,.F."
11388,ORIENTED_EDGE,"'',*,*,#17552,.T."
11389,ORIENTED_EDGE,"'',*,*,#16912,.T."
11390,ORIENTED_EDGE,"'',*,*,#17552,.F."
11391,ORIENTED_EDGE,"'',*,*,#17553,.F."
11392,ORIENTED_EDGE,"'',*,*,#17554,.T."
11393,ORIENTED_EDGE,"'',*,*,#16913,.T."
11394,ORIENTED_EDGE,"'',*,*,#17554,.F."
11395,ORIENTED_EDGE,"'',*,*,#17555,.F."
11396,ORIENTED_EDGE,"'',*,*,#17556,.T."
11397,ORIENTED_EDGE,"'',*,*,#16914,.T."
11398,ORIENTED_EDGE,"'',*,*,#17556,.F."
11399,ORIENTED_EDGE,"'',*,*,#17557,.F."
11400,ORIENTED_EDGE,"'',*,*,#17558,.T."
11401,ORIENTED_EDGE,"'',*,*,#16915,.T."
11402,ORIENTED_EDGE,"'',*,*,#17558,.F."
11403,ORIENTED_EDGE,"'',*,*,#17559,.F."
11404,ORIENTED_EDGE,"'',*,*,#17560,.T."
11405,ORIENTED_EDGE,"'',*,*,#16916,.T."
11406,ORIENTED_EDGE,"'',*,*,#17560,.F."
11407,ORIENTED_EDGE,"'',*,*,#17561,.F."
11408,ORIENTED_EDGE,"'',*,*,#17562,.T."
11409,ORIENTED_EDGE,"'',*,*,#16917,.T."
11410,ORIENTED_EDGE,"'',*,*,#17562,.F."
11411,ORIENTED_EDGE,"'',*,*,#17563,.F."
11412,ORIENTED_EDGE,"'',*,*,#17564,.T."
11413,ORIENTED_EDGE,"'',*,*,#16918,.T."
11414,ORIENTED_EDGE,"'',*,*,#17564,.F."
11415,ORIENTED_EDGE,"'',*,*,#17565,.F."
11416,ORIENTED_EDGE,"'',*,*,#17566,.T."
11417,ORIENTED_EDGE,"'',*,*,#16919,.T."
11418,ORIENTED_EDGE,"'',*,*,#17566,.F."
11419,ORIENTED_EDGE,"'',*,*,#17567,.F."
11420,ORIENTED_EDGE,"'',*,*,#17568,.T."
11421,ORIENTED_EDGE,"'',*,*,#16920,.T."
11422,ORIENTED_EDGE,"'',*,*,#17568,.F."
11423,ORIENTED_EDGE,"'',*,*,#17569,.F."
11424,ORIENTED_EDGE,"'',*,*,#17570,.T."
11425,ORIENTED_EDGE,"'',*,*,#16921,.T."
11426,ORIENTED_EDGE,"'',*,*,#17570,.F."
11427,ORIENTED_EDGE,"'',*,*,#17571,.F."
11428,ORIENTED_EDGE,"'',*,*,#17572,.T."
11429,ORIENTED_EDGE,"'',*,*,#16922,.T."
11430,ORIENTED_EDGE,"'',*,*,#17572,.F."
11431,ORIENTED_EDGE,"'',*,*,#17573,.F."
11432,ORIENTED_EDGE,"'',*,*,#17574,.T."
11433,ORIENTED_EDGE,"'',*,*,#16923,.T."
11434,ORIENTED_EDGE,"'',*,*,#17574,.F."
11435,ORIENTED_EDGE,"'',*,*,#17575,.F."
11436,ORIENTED_EDGE,"'',*,*,#17576,.T."
11437,ORIENTED_EDGE,"'',*,*,#16924,.T."
11438,ORIENTED_EDGE,"'',*,*,#17576,.F."
11439,ORIENTED_EDGE,"'',*,*,#17577,.F."
11440,ORIENTED_EDGE,"'',*,*,#17578,.T."
11441,ORIENTED_EDGE,"'',*,*,#16925,.T."
11442,ORIENTED_EDGE,"'',*,*,#17578,.F."
11443,ORIENTED_EDGE,"'',*,*,#17579,.F."
11444,ORIENTED_EDGE,"'',*,*,#17550,.T."
11445,ORIENTED_EDGE,"'',*,*,#17551,.T."
11446,ORIENTED_EDGE,"'',*,*,#17579,.T."
11447,ORIENTED_EDGE,"'',*,*,#17577,.T."
11448,ORIENTED_EDGE,"'',*,*,#17575,.T."
11449,ORIENTED_EDGE,"'',*,*,#17573,.T."
11450,ORIENTED_EDGE,"'',*,*,#17571,.T."
11451,ORIENTED_EDGE,"'',*,*,#17569,.T."
11452,ORIENTED_EDGE,"'',*,*,#17567,.T."
11453,ORIENTED_EDGE,"'',*,*,#17565,.T."
11454,ORIENTED_EDGE,"'',*,*,#17563,.T."
11455,ORIENTED_EDGE,"'',*,*,#17561,.T."
11456,ORIENTED_EDGE,"'',*,*,#17559,.T."
11457,ORIENTED_EDGE,"'',*,*,#17557,.T."
11458,ORIENTED_EDGE,"'',*,*,#17555,.T."
11459,ORIENTED_EDGE,"'',*,*,#17553,.T."
11460,ORIENTED_EDGE,"'',*,*,#16926,.T."
11461,ORIENTED_EDGE,"'',*,*,#17580,.F."
11462,ORIENTED_EDGE,"'',*,*,#17581,.F."
11463,ORIENTED_EDGE,"'',*,*,#17582,.T."
11464,ORIENTED_EDGE,"'',*,*,#16927,.T."
11465,ORIENTED_EDGE,"'',*,*,#17582,.F."
11466,ORIENTED_EDGE,"'',*,*,#17583,.F."
11467,ORIENTED_EDGE,"'',*,*,#17584,.T."
11468,ORIENTED_EDGE,"'',*,*,#16928,.T."
11469,ORIENTED_EDGE,"'',*,*,#17584,.F."
11470,ORIENTED_EDGE,"'',*,*,#17585,.F."
11471,ORIENTED_EDGE,"'',*,*,#17586,.T."
11472,ORIENTED_EDGE,"'',*,*,#16929,.T."
11473,ORIENTED_EDGE,"'',*,*,#17586,.F."
11474,ORIENTED_EDGE,"'',*,*,#17587,.F."
11475,ORIENTED_EDGE,"'',*,*,#17588,.T."
11476,ORIENTED_EDGE,"'',*,*,#16930,.T."
11477,ORIENTED_EDGE,"'',*,*,#17588,.F."
11478,ORIENTED_EDGE,"'',*,*,#17589,.F."
11479,ORIENTED_EDGE,"'',*,*,#17590,.T."
11480,ORIENTED_EDGE,"'',*,*,#16931,.T."
11481,ORIENTED_EDGE,"'',*,*,#17590,.F."
11482,ORIENTED_EDGE,"'',*,*,#17591,.F."
11483,ORIENTED_EDGE,"'',*,*,#17592,.T."
11484,ORIENTED_EDGE,"'',*,*,#16932,.T."
11485,ORIENTED_EDGE,"'',*,*,#17592,.F."
11486,ORIENTED_EDGE,"'',*,*,#17593,.F."
11487,ORIENTED_EDGE,"'',*,*,#17594,.T."
11488,ORIENTED_EDGE,"'',*,*,#16933,.T."
11489,ORIENTED_EDGE,"'',*,*,#17594,.F."
11490,ORIENTED_EDGE,"'',*,*,#17595,.F."
11491,ORIENTED_EDGE,"'',*,*,#17596,.T."
11492,ORIENTED_EDGE,"'',*,*,#16934,.T."
11493,ORIENTED_EDGE,"'',*,*,#17596,.F."
11494,ORIENTED_EDGE,"'',*,*,#17597,.F."
11495,ORIENTED_EDGE,"'',*,*,#17580,.T."
11496,ORIENTED_EDGE,"'',*,*,#17581,.T."
11497,ORIENTED_EDGE,"'',*,*,#17597,.T."
11498,ORIENTED_EDGE,"'',*,*,#17595,.T."
11499,ORIENTED_EDGE,"'',*,*,#17593,.T."
11500,ORIENTED_EDGE,"'',*,*,#17591,.T."
11501,ORIENTED_EDGE,"'',*,*,#17589,.T."
11502,ORIENTED_EDGE,"'',*,*,#17587,.T."
11503,ORIENTED_EDGE,"'',*,*,#17585,.T."
11504,ORIENTED_EDGE,"'',*,*,#17583,.T."
11505,ORIENTED_EDGE,"'',*,*,#17598,.T."
11506,ORIENTED_EDGE,"'',*,*,#17599,.T."
11507,ORIENTED_EDGE,"'',*,*,#17600,.T."
11508,ORIENTED_EDGE,"'',*,*,#17601,.T."
11509,ORIENTED_EDGE,"'',*,*,#17602,.T."
11510,ORIENTED_EDGE,"'',*,*,#17603,.T."
11511,ORIENTED_EDGE,"'',*,*,#17604,.T."
11512,ORIENTED_EDGE,"'',*,*,#17605,.T."
11513,ORIENTED_EDGE,"'',*,*,#17606,.T."
11514,ORIENTED_EDGE,"'',*,*,#17607,.T."
11515,ORIENTED_EDGE,"'',*,*,#17608,.T."
11516,ORIENTED_EDGE,"'',*,*,#17609,.T."
11517,ORIENTED_EDGE,"'',*,*,#17610,.T."
11518,ORIENTED_EDGE,"'',*,*,#17611,.T."
11519,ORIENTED_EDGE,"'',*,*,#17612,.T."
11520,ORIENTED_EDGE,"'',*,*,#17613,.T."
11521,ORIENTED_EDGE,"'',*,*,#17614,.T."
11522,ORIENTED_EDGE,"'',*,*,#17615,.T."
11523,ORIENTED_EDGE,"'',*,*,#17616,.T."
11524,ORIENTED_EDGE,"'',*,*,#17617,.T."
11525,ORIENTED_EDGE,"'',*,*,#17618,.T."
11526,ORIENTED_EDGE,"'',*,*,#17619,.T."
11527,ORIENTED_EDGE,"'',*,*,#17620,.T."
11528,ORIENTED_EDGE,"'',*,*,#17621,.T."
11529,ORIENTED_EDGE,"'',*,*,#17622,.T."
11530,ORIENTED_EDGE,"'',*,*,#17623,.T."
11531,ORIENTED_EDGE,"'',*,*,#17624,.T."
11532,ORIENTED_EDGE,"'',*,*,#17625,.T."
11533,ORIENTED_EDGE,"'',*,*,#16877,.T."
11534,ORIENTED_EDGE,"'',*,*,#17626,.F."
11535,ORIENTED_EDGE,"'',*,*,#17607,.F."
11536,ORIENTED_EDGE,"'',*,*,#17627,.T."
11537,ORIENTED_EDGE,"'',*,*,#16878,.T."
11538,ORIENTED_EDGE,"'',*,*,#17627,.F."
11539,ORIENTED_EDGE,"'',*,*,#17625,.F."
11540,ORIENTED_EDGE,"'',*,*,#17628,.T."
11541,ORIENTED_EDGE,"'',*,*,#16879,.T."
11542,ORIENTED_EDGE,"'',*,*,#17628,.F."
11543,ORIENTED_EDGE,"'',*,*,#17624,.F."
11544,ORIENTED_EDGE,"'',*,*,#17629,.T."
11545,ORIENTED_EDGE,"'',*,*,#16880,.T."
11546,ORIENTED_EDGE,"'',*,*,#17629,.F."
11547,ORIENTED_EDGE,"'',*,*,#17623,.F."
11548,ORIENTED_EDGE,"'',*,*,#17630,.T."
11549,ORIENTED_EDGE,"'',*,*,#16881,.T."
11550,ORIENTED_EDGE,"'',*,*,#17630,.F."
11551,ORIENTED_EDGE,"'',*,*,#17622,.F."
11552,ORIENTED_EDGE,"'',*,*,#17631,.T."
11553,ORIENTED_EDGE,"'',*,*,#16882,.T."
11554,ORIENTED_EDGE,"'',*,*,#17631,.F."
11555,ORIENTED_EDGE,"'',*,*,#17621,.F."
11556,ORIENTED_EDGE,"'',*,*,#17632,.T."
11557,ORIENTED_EDGE,"'',*,*,#16883,.T."
11558,ORIENTED_EDGE,"'',*,*,#17632,.F."
11559,ORIENTED_EDGE,"'',*,*,#17620,.F."
11560,ORIENTED_EDGE,"'',*,*,#17633,.T."
11561,ORIENTED_EDGE,"'',*,*,#16884,.T."
11562,ORIENTED_EDGE,"'',*,*,#17633,.F."
11563,ORIENTED_EDGE,"'',*,*,#17619,.F."
11564,ORIENTED_EDGE,"'',*,*,#17634,.T."
11565,ORIENTED_EDGE,"'',*,*,#16885,.T."
11566,ORIENTED_EDGE,"'',*,*,#17634,.F."
11567,ORIENTED_EDGE,"'',*,*,#17618,.F."
11568,ORIENTED_EDGE,"'',*,*,#17635,.T."
11569,ORIENTED_EDGE,"'',*,*,#16886,.T."
11570,ORIENTED_EDGE,"'',*,*,#17635,.F."
11571,ORIENTED_EDGE,"'',*,*,#17617,.F."
11572,ORIENTED_EDGE,"'',*,*,#17636,.T."
11573,ORIENTED_EDGE,"'',*,*,#16887,.T."
11574,ORIENTED_EDGE,"'',*,*,#17636,.F."
11575,ORIENTED_EDGE,"'',*,*,#17616,.F."
11576,ORIENTED_EDGE,"'',*,*,#17637,.T."
11577,ORIENTED_EDGE,"'',*,*,#16888,.T."
11578,ORIENTED_EDGE,"'',*,*,#17637,.F."
11579,ORIENTED_EDGE,"'',*,*,#17615,.F."
11580,ORIENTED_EDGE,"'',*,*,#17638,.T."
11581,ORIENTED_EDGE,"'',*,*,#16889,.T."
11582,ORIENTED_EDGE,"'',*,*,#17638,.F."
11583,ORIENTED_EDGE,"'',*,*,#17614,.F."
11584,ORIENTED_EDGE,"'',*,*,#17639,.T."
11585,ORIENTED_EDGE,"'',*,*,#16890,.T."
11586,ORIENTED_EDGE,"'',*,*,#17639,.F."
11587,ORIENTED_EDGE,"'',*,*,#17613,.F."
11588,ORIENTED_EDGE,"'',*,*,#17640,.T."
11589,ORIENTED_EDGE,"'',*,*,#16891,.T."
11590,ORIENTED_EDGE,"'',*,*,#17640,.F."
11591,ORIENTED_EDGE,"'',*,*,#17612,.F."
11592,ORIENTED_EDGE,"'',*,*,#17641,.T."
11593,ORIENTED_EDGE,"'',*,*,#16892,.T."
11594,ORIENTED_EDGE,"'',*,*,#17641,.F."
11595,ORIENTED_EDGE,"'',*,*,#17611,.F."
11596,ORIENTED_EDGE,"'',*,*,#17642,.T."
11597,ORIENTED_EDGE,"'',*,*,#16893,.T."
11598,ORIENTED_EDGE,"'',*,*,#17642,.F."
11599,ORIENTED_EDGE,"'',*,*,#17610,.F."
11600,ORIENTED_EDGE,"'',*,*,#17643,.T."
11601,ORIENTED_EDGE,"'',*,*,#16894,.T."
11602,ORIENTED_EDGE,"'',*,*,#17643,.F."
11603,ORIENTED_EDGE,"'',*,*,#17609,.F."
11604,ORIENTED_EDGE,"'',*,*,#17644,.T."
11605,ORIENTED_EDGE,"'',*,*,#16895,.T."
11606,ORIENTED_EDGE,"'',*,*,#17644,.F."
11607,ORIENTED_EDGE,"'',*,*,#17608,.F."
11608,ORIENTED_EDGE,"'',*,*,#17626,.T."
11609,ORIENTED_EDGE,"'',*,*,#17645,.T."
11610,ORIENTED_EDGE,"'',*,*,#17646,.T."
11611,ORIENTED_EDGE,"'',*,*,#17606,.F."
11612,ORIENTED_EDGE,"'',*,*,#17647,.F."
11613,ORIENTED_EDGE,"'',*,*,#17648,.T."
11614,ORIENTED_EDGE,"'',*,*,#17647,.T."
11615,ORIENTED_EDGE,"'',*,*,#17605,.F."
11616,ORIENTED_EDGE,"'',*,*,#17649,.F."
11617,ORIENTED_EDGE,"'',*,*,#17650,.T."
11618,ORIENTED_EDGE,"'',*,*,#17649,.T."
11619,ORIENTED_EDGE,"'',*,*,#17604,.F."
11620,ORIENTED_EDGE,"'',*,*,#17651,.F."
11621,ORIENTED_EDGE,"'',*,*,#17652,.T."
11622,ORIENTED_EDGE,"'',*,*,#17651,.T."
11623,ORIENTED_EDGE,"'',*,*,#17603,.F."
11624,ORIENTED_EDGE,"'',*,*,#17653,.F."
11625,ORIENTED_EDGE,"'',*,*,#17654,.T."
11626,ORIENTED_EDGE,"'',*,*,#17653,.T."
11627,ORIENTED_EDGE,"'',*,*,#17602,.F."
11628,ORIENTED_EDGE,"'',*,*,#17655,.F."
11629,ORIENTED_EDGE,"'',*,*,#17656,.T."
11630,ORIENTED_EDGE,"'',*,*,#17655,.T."
11631,ORIENTED_EDGE,"'',*,*,#17601,.F."
11632,ORIENTED_EDGE,"'',*,*,#17657,.F."
11633,ORIENTED_EDGE,"'',*,*,#17658,.T."
11634,ORIENTED_EDGE,"'',*,*,#17657,.T."
11635,ORIENTED_EDGE,"'',*,*,#17600,.F."
11636,ORIENTED_EDGE,"'',*,*,#17659,.F."
11637,ORIENTED_EDGE,"'',*,*,#17660,.T."
11638,ORIENTED_EDGE,"'',*,*,#17659,.T."
11639,ORIENTED_EDGE,"'',*,*,#17599,.F."
11640,ORIENTED_EDGE,"'',*,*,#17661,.F."
11641,ORIENTED_EDGE,"'',*,*,#17662,.T."
11642,ORIENTED_EDGE,"'',*,*,#17661,.T."
11643,ORIENTED_EDGE,"'',*,*,#17598,.F."
11644,ORIENTED_EDGE,"'',*,*,#17646,.F."
11645,ORIENTED_EDGE,"'',*,*,#17645,.F."
11646,ORIENTED_EDGE,"'',*,*,#17648,.F."
11647,ORIENTED_EDGE,"'',*,*,#17650,.F."
11648,ORIENTED_EDGE,"'',*,*,#17652,.F."
11649,ORIENTED_EDGE,"'',*,*,#17654,.F."
11650,ORIENTED_EDGE,"'',*,*,#17656,.F."
11651,ORIENTED_EDGE,"'',*,*,#17658,.F."
11652,ORIENTED_EDGE,"'',*,*,#17660,.F."
11653,ORIENTED_EDGE,"'',*,*,#17662,.F."
11654,ORIENTED_EDGE,"'',*,*,#16862,.T."
11655,ORIENTED_EDGE,"'',*,*,#17663,.F."
11656,ORIENTED_EDGE,"'',*,*,#17664,.F."
11657,ORIENTED_EDGE,"'',*,*,#17665,.T."
11658,ORIENTED_EDGE,"'',*,*,#16863,.T."
11659,ORIENTED_EDGE,"'',*,*,#17665,.F."
11660,ORIENTED_EDGE,"'',*,*,#17666,.F."
11661,ORIENTED_EDGE,"'',*,*,#17667,.T."
11662,ORIENTED_EDGE,"'',*,*,#16864,.T."
11663,ORIENTED_EDGE,"'',*,*,#17667,.F."
11664,ORIENTED_EDGE,"'',*,*,#17668,.F."
11665,ORIENTED_EDGE,"'',*,*,#17669,.T."
11666,ORIENTED_EDGE,"'',*,*,#16865,.T."
11667,ORIENTED_EDGE,"'',*,*,#17669,.F."
11668,ORIENTED_EDGE,"'',*,*,#17670,.F."
11669,ORIENTED_EDGE,"'',*,*,#17671,.T."
11670,ORIENTED_EDGE,"'',*,*,#16866,.T."
11671,ORIENTED_EDGE,"'',*,*,#17671,.F."
11672,ORIENTED_EDGE,"'',*,*,#17672,.F."
11673,ORIENTED_EDGE,"'',*,*,#17673,.T."
11674,ORIENTED_EDGE,"'',*,*,#16867,.T."
11675,ORIENTED_EDGE,"'',*,*,#17673,.F."
11676,ORIENTED_EDGE,"'',*,*,#17674,.F."
11677,ORIENTED_EDGE,"'',*,*,#17675,.T."
11678,ORIENTED_EDGE,"'',*,*,#16868,.T."
11679,ORIENTED_EDGE,"'',*,*,#17675,.F."
11680,ORIENTED_EDGE,"'',*,*,#17676,.F."
11681,ORIENTED_EDGE,"'',*,*,#17677,.T."
11682,ORIENTED_EDGE,"'',*,*,#16869,.T."
11683,ORIENTED_EDGE,"'',*,*,#17677,.F."
11684,ORIENTED_EDGE,"'',*,*,#17678,.F."
11685,ORIENTED_EDGE,"'',*,*,#17679,.T."
11686,ORIENTED_EDGE,"'',*,*,#16870,.T."
11687,ORIENTED_EDGE,"'',*,*,#17679,.F."
11688,ORIENTED_EDGE,"'',*,*,#17680,.F."
11689,ORIENTED_EDGE,"'',*,*,#17681,.T."
11690,ORIENTED_EDGE,"'',*,*,#16871,.T."
11691,ORIENTED_EDGE,"'',*,*,#17681,.F."
11692,ORIENTED_EDGE,"'',*,*,#17682,.F."
11693,ORIENTED_EDGE,"'',*,*,#17683,.T."
11694,ORIENTED_EDGE,"'',*,*,#16872,.T."
11695,ORIENTED_EDGE,"'',*,*,#17683,.F."
11696,ORIENTED_EDGE,"'',*,*,#17684,.F."
11697,ORIENTED_EDGE,"'',*,*,#17685,.T."
11698,ORIENTED_EDGE,"'',*,*,#16873,.T."
11699,ORIENTED_EDGE,"'',*,*,#17685,.F."
11700,ORIENTED_EDGE,"'',*,*,#17686,.F."
11701,ORIENTED_EDGE,"'',*,*,#17687,.T."
11702,ORIENTED_EDGE,"'',*,*,#16874,.T."
11703,ORIENTED_EDGE,"'',*,*,#17687,.F."
11704,ORIENTED_EDGE,"'',*,*,#17688,.F."
11705,ORIENTED_EDGE,"'',*,*,#17689,.T."
11706,ORIENTED_EDGE,"'',*,*,#16875,.T."
11707,ORIENTED_EDGE,"'',*,*,#17689,.F."
11708,ORIENTED_EDGE,"'',*,*,#17690,.F."
11709,ORIENTED_EDGE,"'',*,*,#17691,.T."
11710,ORIENTED_EDGE,"'',*,*,#16876,.T."
11711,ORIENTED_EDGE,"'',*,*,#17691,.F."
11712,ORIENTED_EDGE,"'',*,*,#17692,.F."
11713,ORIENTED_EDGE,"'',*,*,#17663,.T."
11714,ORIENTED_EDGE,"'',*,*,#17664,.T."
11715,ORIENTED_EDGE,"'',*,*,#17692,.T."
11716,ORIENTED_EDGE,"'',*,*,#17690,.T."
11717,ORIENTED_EDGE,"'',*,*,#17688,.T."
11718,ORIENTED_EDGE,"'',*,*,#17686,.T."
11719,ORIENTED_EDGE,"'',*,*,#17684,.T."
11720,ORIENTED_EDGE,"'',*,*,#17682,.T."
11721,ORIENTED_EDGE,"'',*,*,#17680,.T."
11722,ORIENTED_EDGE,"'',*,*,#17678,.T."
11723,ORIENTED_EDGE,"'',*,*,#17676,.T."
11724,ORIENTED_EDGE,"'',*,*,#17674,.T."
11725,ORIENTED_EDGE,"'',*,*,#17672,.T."
11726,ORIENTED_EDGE,"'',*,*,#17670,.T."
11727,ORIENTED_EDGE,"'',*,*,#17668,.T."
11728,ORIENTED_EDGE,"'',*,*,#17666,.T."
11729,ORIENTED_EDGE,"'',*,*,#16853,.T."
11730,ORIENTED_EDGE,"'',*,*,#17693,.F."
11731,ORIENTED_EDGE,"'',*,*,#17694,.F."
11732,ORIENTED_EDGE,"'',*,*,#17695,.T."
11733,ORIENTED_EDGE,"'',*,*,#16854,.T."
11734,ORIENTED_EDGE,"'',*,*,#17695,.F."
11735,ORIENTED_EDGE,"'',*,*,#17696,.F."
11736,ORIENTED_EDGE,"'',*,*,#17697,.T."
11737,ORIENTED_EDGE,"'',*,*,#16855,.T."
11738,ORIENTED_EDGE,"'',*,*,#17697,.F."
11739,ORIENTED_EDGE,"'',*,*,#17698,.F."
11740,ORIENTED_EDGE,"'',*,*,#17699,.T."
11741,ORIENTED_EDGE,"'',*,*,#16856,.T."
11742,ORIENTED_EDGE,"'',*,*,#17699,.F."
11743,ORIENTED_EDGE,"'',*,*,#17700,.F."
11744,ORIENTED_EDGE,"'',*,*,#17701,.T."
11745,ORIENTED_EDGE,"'',*,*,#16857,.T."
11746,ORIENTED_EDGE,"'',*,*,#17701,.F."
11747,ORIENTED_EDGE,"'',*,*,#17702,.F."
11748,ORIENTED_EDGE,"'',*,*,#17703,.T."
11749,ORIENTED_EDGE,"'',*,*,#16858,.T."
11750,ORIENTED_EDGE,"'',*,*,#17703,.F."
11751,ORIENTED_EDGE,"'',*,*,#17704,.F."
11752,ORIENTED_EDGE,"'',*,*,#17705,.T."
11753,ORIENTED_EDGE,"'',*,*,#16859,.T."
11754,ORIENTED_EDGE,"'',*,*,#17705,.F."
11755,ORIENTED_EDGE,"'',*,*,#17706,.F."
11756,ORIENTED_EDGE,"'',*,*,#17707,.T."
11757,ORIENTED_EDGE,"'',*,*,#16860,.T."
11758,ORIENTED_EDGE,"'',*,*,#17707,.F."
11759,ORIENTED_EDGE,"'',*,*,#17708,.F."
11760,ORIENTED_EDGE,"'',*,*,#17709,.T."
11761,ORIENTED_EDGE,"'',*,*,#16861,.T."
11762,ORIENTED_EDGE,"'',*,*,#17709,.F."
11763,ORIENTED_EDGE,"'',*,*,#17710,.F."
11764,ORIENTED_EDGE,"'',*,*,#17693,.T."
11765,ORIENTED_EDGE,"'',*,*,#17694,.T."
11766,ORIENTED_EDGE,"'',*,*,#17710,.T."
11767,ORIENTED_EDGE,"'',*,*,#17708,.T."
11768,ORIENTED_EDGE,"'',*,*,#17706,.T."
11769,ORIENTED_EDGE,"'',*,*,#17704,.T."
11770,ORIENTED_EDGE,"'',*,*,#17702,.T."
11771,ORIENTED_EDGE,"'',*,*,#17700,.T."
11772,ORIENTED_EDGE,"'',*,*,#17698,.T."
11773,ORIENTED_EDGE,"'',*,*,#17696,.T."
11774,ORIENTED_EDGE,"'',*,*,#17711,.T."
11775,ORIENTED_EDGE,"'',*,*,#17712,.T."
11776,ORIENTED_EDGE,"'',*,*,#17713,.T."
11777,ORIENTED_EDGE,"'',*,*,#17714,.T."
11778,ORIENTED_EDGE,"'',*,*,#17715,.T."
11779,ORIENTED_EDGE,"'',*,*,#17716,.T."
11780,ORIENTED_EDGE,"'',*,*,#17717,.T."
11781,ORIENTED_EDGE,"'',*,*,#17718,.T."
11782,ORIENTED_EDGE,"'',*,*,#17719,.T."
11783,ORIENTED_EDGE,"'',*,*,#17720,.T."
11784,ORIENTED_EDGE,"'',*,*,#17721,.T."
11785,ORIENTED_EDGE,"'',*,*,#17722,.T."
11786,ORIENTED_EDGE,"'',*,*,#17723,.T."
11787,ORIENTED_EDGE,"'',*,*,#17724,.T."
11788,ORIENTED_EDGE,"'',*,*,#17725,.T."
11789,ORIENTED_EDGE,"'',*,*,#17726,.T."
11790,ORIENTED_EDGE,"'',*,*,#17727,.T."
11791,ORIENTED_EDGE,"'',*,*,#17728,.T."
11792,ORIENTED_EDGE,"'',*,*,#17729,.T."
11793,ORIENTED_EDGE,"'',*,*,#17730,.T."
11794,ORIENTED_EDGE,"'',*,*,#17731,.T."
11795,ORIENTED_EDGE,"'',*,*,#17732,.T."
11796,ORIENTED_EDGE,"'',*,*,#17733,.T."
11797,ORIENTED_EDGE,"'',*,*,#17734,.T."
11798,ORIENTED_EDGE,"'',*,*,#17735,.T."
11799,ORIENTED_EDGE,"'',*,*,#17736,.T."
11800,ORIENTED_EDGE,"'',*,*,#17737,.T."
11801,ORIENTED_EDGE,"'',*,*,#17738,.T."
11802,ORIENTED_EDGE,"'',*,*,#16935,.T."
11803,ORIENTED_EDGE,"'',*,*,#17739,.F."
11804,ORIENTED_EDGE,"'',*,*,#17720,.F."
11805,ORIENTED_EDGE,"'',*,*,#17740,.T."
11806,ORIENTED_EDGE,"'',*,*,#16936,.T."
11807,ORIENTED_EDGE,"'',*,*,#17740,.F."
11808,ORIENTED_EDGE,"'',*,*,#17738,.F."
11809,ORIENTED_EDGE,"'',*,*,#17741,.T."
11810,ORIENTED_EDGE,"'',*,*,#16937,.T."
11811,ORIENTED_EDGE,"'',*,*,#17741,.F."
11812,ORIENTED_EDGE,"'',*,*,#17737,.F."
11813,ORIENTED_EDGE,"'',*,*,#17742,.T."
11814,ORIENTED_EDGE,"'',*,*,#16938,.T."
11815,ORIENTED_EDGE,"'',*,*,#17742,.F."
11816,ORIENTED_EDGE,"'',*,*,#17736,.F."
11817,ORIENTED_EDGE,"'',*,*,#17743,.T."
11818,ORIENTED_EDGE,"'',*,*,#16939,.T."
11819,ORIENTED_EDGE,"'',*,*,#17743,.F."
11820,ORIENTED_EDGE,"'',*,*,#17735,.F."
11821,ORIENTED_EDGE,"'',*,*,#17744,.T."
11822,ORIENTED_EDGE,"'',*,*,#16940,.T."
11823,ORIENTED_EDGE,"'',*,*,#17744,.F."
11824,ORIENTED_EDGE,"'',*,*,#17734,.F."
11825,ORIENTED_EDGE,"'',*,*,#17745,.T."
11826,ORIENTED_EDGE,"'',*,*,#16941,.T."
11827,ORIENTED_EDGE,"'',*,*,#17745,.F."
11828,ORIENTED_EDGE,"'',*,*,#17733,.F."
11829,ORIENTED_EDGE,"'',*,*,#17746,.T."
11830,ORIENTED_EDGE,"'',*,*,#16942,.T."
11831,ORIENTED_EDGE,"'',*,*,#17746,.F."
11832,ORIENTED_EDGE,"'',*,*,#17732,.F."
11833,ORIENTED_EDGE,"'',*,*,#17747,.T."
11834,ORIENTED_EDGE,"'',*,*,#16943,.T."
11835,ORIENTED_EDGE,"'',*,*,#17747,.F."
11836,ORIENTED_EDGE,"'',*,*,#17731,.F."
11837,ORIENTED_EDGE,"'',*,*,#17748,.T."
11838,ORIENTED_EDGE,"'',*,*,#16944,.T."
11839,ORIENTED_EDGE,"'',*,*,#17748,.F."
11840,ORIENTED_EDGE,"'',*,*,#17730,.F."
11841,ORIENTED_EDGE,"'',*,*,#17749,.T."
11842,ORIENTED_EDGE,"'',*,*,#16945,.T."
11843,ORIENTED_EDGE,"'',*,*,#17749,.F."
11844,ORIENTED_EDGE,"'',*,*,#17729,.F."
11845,ORIENTED_EDGE,"'',*,*,#17750,.T."
11846,ORIENTED_EDGE,"'',*,*,#16946,.T."
11847,ORIENTED_EDGE,"'',*,*,#17750,.F."
11848,ORIENTED_EDGE,"'',*,*,#17728,.F."
11849,ORIENTED_EDGE,"'',*,*,#17751,.T."
11850,ORIENTED_EDGE,"'',*,*,#16947,.T."
11851,ORIENTED_EDGE,"'',*,*,#17751,.F."
11852,ORIENTED_EDGE,"'',*,*,#17727,.F."
11853,ORIENTED_EDGE,"'',*,*,#17752,.T."
11854,ORIENTED_EDGE,"'',*,*,#16948,.T."
11855,ORIENTED_EDGE,"'',*,*,#17752,.F."
11856,ORIENTED_EDGE,"'',*,*,#17726,.F."
11857,ORIENTED_EDGE,"'',*,*,#17753,.T."
11858,ORIENTED_EDGE,"'',*,*,#16949,.T."
11859,ORIENTED_EDGE,"'',*,*,#17753,.F."
11860,ORIENTED_EDGE,"'',*,*,#17725,.F."
11861,ORIENTED_EDGE,"'',*,*,#17754,.T."
11862,ORIENTED_EDGE,"'',*,*,#16950,.T."
11863,ORIENTED_EDGE,"'',*,*,#17754,.F."
11864,ORIENTED_EDGE,"'',*,*,#17724,.F."
11865,ORIENTED_EDGE,"'',*,*,#17755,.T."
11866,ORIENTED_EDGE,"'',*,*,#16951,.T."
11867,ORIENTED_EDGE,"'',*,*,#17755,.F."
11868,ORIENTED_EDGE,"'',*,*,#17723,.F."
11869,ORIENTED_EDGE,"'',*,*,#17756,.T."
11870,ORIENTED_EDGE,"'',*,*,#16952,.T."
11871,ORIENTED_EDGE,"'',*,*,#17756,.F."
11872,ORIENTED_EDGE,"'',*,*,#17722,.F."
11873,ORIENTED_EDGE,"'',*,*,#17757,.T."
11874,ORIENTED_EDGE,"'',*,*,#16953,.T."
11875,ORIENTED_EDGE,"'',*,*,#17757,.F."
11876,ORIENTED_EDGE,"'',*,*,#17721,.F."
11877,ORIENTED_EDGE,"'',*,*,#17739,.T."
11878,ORIENTED_EDGE,"'',*,*,#17758,.T."
11879,ORIENTED_EDGE,"'',*,*,#17759,.T."
11880,ORIENTED_EDGE,"'',*,*,#17719,.F."
11881,ORIENTED_EDGE,"'',*,*,#17760,.F."
11882,ORIENTED_EDGE,"'',*,*,#17761,.T."
11883,ORIENTED_EDGE,"'',*,*,#17760,.T."
11884,ORIENTED_EDGE,"'',*,*,#17718,.F."
11885,ORIENTED_EDGE,"'',*,*,#17762,.F."
11886,ORIENTED_EDGE,"'',*,*,#17763,.T."
11887,ORIENTED_EDGE,"'',*,*,#17762,.T."
11888,ORIENTED_EDGE,"'',*,*,#17717,.F."
11889,ORIENTED_EDGE,"'',*,*,#17764,.F."
11890,ORIENTED_EDGE,"'',*,*,#17765,.T."
11891,ORIENTED_EDGE,"'',*,*,#17764,.T."
11892,ORIENTED_EDGE,"'',*,*,#17716,.F."
11893,ORIENTED_EDGE,"'',*,*,#17766,.F."
11894,ORIENTED_EDGE,"'',*,*,#17767,.T."
11895,ORIENTED_EDGE,"'',*,*,#17766,.T."
11896,ORIENTED_EDGE,"'',*,*,#17715,.F."
11897,ORIENTED_EDGE,"'',*,*,#17768,.F."
11898,ORIENTED_EDGE,"'',*,*,#17769,.T."
11899,ORIENTED_EDGE,"'',*,*,#17768,.T."
11900,ORIENTED_EDGE,"'',*,*,#17714,.F."
11901,ORIENTED_EDGE,"'',*,*,#17770,.F."
11902,ORIENTED_EDGE,"'',*,*,#17771,.T."
11903,ORIENTED_EDGE,"'',*,*,#17770,.T."
11904,ORIENTED_EDGE,"'',*,*,#17713,.F."
11905,ORIENTED_EDGE,"'',*,*,#17772,.F."
11906,ORIENTED_EDGE,"'',*,*,#17773,.T."
11907,ORIENTED_EDGE,"'',*,*,#17772,.T."
11908,ORIENTED_EDGE,"'',*,*,#17712,.F."
11909,ORIENTED_EDGE,"'',*,*,#17774,.F."
11910,ORIENTED_EDGE,"'',*,*,#17775,.T."
11911,ORIENTED_EDGE,"'',*,*,#17774,.T."
11912,ORIENTED_EDGE,"'',*,*,#17711,.F."
11913,ORIENTED_EDGE,"'',*,*,#17759,.F."
11914,ORIENTED_EDGE,"'',*,*,#17758,.F."
11915,ORIENTED_EDGE,"'',*,*,#17761,.F."
11916,ORIENTED_EDGE,"'',*,*,#17763,.F."
11917,ORIENTED_EDGE,"'',*,*,#17765,.F."
11918,ORIENTED_EDGE,"'',*,*,#17767,.F."
11919,ORIENTED_EDGE,"'',*,*,#17769,.F."
11920,ORIENTED_EDGE,"'',*,*,#17771,.F."
11921,ORIENTED_EDGE,"'',*,*,#17773,.F."
11922,ORIENTED_EDGE,"'',*,*,#17775,.F."
11923,ORIENTED_EDGE,"'',*,*,#17776,.F."
11924,ORIENTED_EDGE,"'',*,*,#17777,.F."
11925,ORIENTED_EDGE,"'',*,*,#17778,.T."
11926,ORIENTED_EDGE,"'',*,*,#17025,.F."
11927,ORIENTED_EDGE,"'',*,*,#17778,.F."
11928,ORIENTED_EDGE,"'',*,*,#17779,.F."
11929,ORIENTED_EDGE,"'',*,*,#17780,.T."
11930,ORIENTED_EDGE,"'',*,*,#17026,.F."
11931,ORIENTED_EDGE,"'',*,*,#17780,.F."
11932,ORIENTED_EDGE,"'',*,*,#17781,.F."
11933,ORIENTED_EDGE,"'',*,*,#17782,.T."
11934,ORIENTED_EDGE,"'',*,*,#17027,.F."
11935,ORIENTED_EDGE,"'',*,*,#17782,.F."
11936,ORIENTED_EDGE,"'',*,*,#17783,.F."
11937,ORIENTED_EDGE,"'',*,*,#17784,.T."
11938,ORIENTED_EDGE,"'',*,*,#17028,.F."
11939,ORIENTED_EDGE,"'',*,*,#17784,.F."
11940,ORIENTED_EDGE,"'',*,*,#17785,.F."
11941,ORIENTED_EDGE,"'',*,*,#17786,.T."
11942,ORIENTED_EDGE,"'',*,*,#17029,.F."
11943,ORIENTED_EDGE,"'',*,*,#17786,.F."
11944,ORIENTED_EDGE,"'',*,*,#17787,.F."
11945,ORIENTED_EDGE,"'',*,*,#17776,.T."
11946,ORIENTED_EDGE,"'',*,*,#17024,.F."
11947,ORIENTED_EDGE,"'',*,*,#17777,.T."
11948,ORIENTED_EDGE,"'',*,*,#17787,.T."
11949,ORIENTED_EDGE,"'',*,*,#17785,.T."
11950,ORIENTED_EDGE,"'',*,*,#17783,.T."
11951,ORIENTED_EDGE,"'',*,*,#17781,.T."
11952,ORIENTED_EDGE,"'',*,*,#17779,.T."
11953,ORIENTED_EDGE,"'',*,*,#16546,.T."
11954,ORIENTED_EDGE,"'',*,*,#17788,.F."
11955,ORIENTED_EDGE,"'',*,*,#17789,.F."
11956,ORIENTED_EDGE,"'',*,*,#17790,.T."
11957,ORIENTED_EDGE,"'',*,*,#16547,.T."
11958,ORIENTED_EDGE,"'',*,*,#17790,.F."
11959,ORIENTED_EDGE,"'',*,*,#17791,.F."
11960,ORIENTED_EDGE,"'',*,*,#17792,.T."
11961,ORIENTED_EDGE,"'',*,*,#16548,.T."
11962,ORIENTED_EDGE,"'',*,*,#17792,.F."
11963,ORIENTED_EDGE,"'',*,*,#17793,.F."
11964,ORIENTED_EDGE,"'',*,*,#17794,.T."
11965,ORIENTED_EDGE,"'',*,*,#16549,.T."
11966,ORIENTED_EDGE,"'',*,*,#17794,.F."
11967,ORIENTED_EDGE,"'',*,*,#17795,.F."
11968,ORIENTED_EDGE,"'',*,*,#17796,.T."
11969,ORIENTED_EDGE,"'',*,*,#16550,.T."
11970,ORIENTED_EDGE,"'',*,*,#17796,.F."
11971,ORIENTED_EDGE,"'',*,*,#17797,.F."
11972,ORIENTED_EDGE,"'',*,*,#17798,.T."
11973,ORIENTED_EDGE,"'',*,*,#16551,.T."
11974,ORIENTED_EDGE,"'',*,*,#17798,.F."
11975,ORIENTED_EDGE,"'',*,*,#17799,.F."
11976,ORIENTED_EDGE,"'',*,*,#17800,.T."
11977,ORIENTED_EDGE,"'',*,*,#16552,.T."
11978,ORIENTED_EDGE,"'',*,*,#17800,.F."
11979,ORIENTED_EDGE,"'',*,*,#17801,.F."
11980,ORIENTED_EDGE,"'',*,*,#17802,.T."
11981,ORIENTED_EDGE,"'',*,*,#16553,.T."
11982,ORIENTED_EDGE,"'',*,*,#17802,.F."
11983,ORIENTED_EDGE,"'',*,*,#17803,.F."
11984,ORIENTED_EDGE,"'',*,*,#17804,.T."
11985,ORIENTED_EDGE,"'',*,*,#16554,.T."
11986,ORIENTED_EDGE,"'',*,*,#17804,.F."
11987,ORIENTED_EDGE,"'',*,*,#17805,.F."
11988,ORIENTED_EDGE,"'',*,*,#17806,.T."
11989,ORIENTED_EDGE,"'',*,*,#16555,.T."
11990,ORIENTED_EDGE,"'',*,*,#17806,.F."
11991,ORIENTED_EDGE,"'',*,*,#17807,.F."
11992,ORIENTED_EDGE,"'',*,*,#17808,.T."
11993,ORIENTED_EDGE,"'',*,*,#16556,.T."
11994,ORIENTED_EDGE,"'',*,*,#17808,.F."
11995,ORIENTED_EDGE,"'',*,*,#17809,.F."
11996,ORIENTED_EDGE,"'',*,*,#17810,.T."
11997,ORIENTED_EDGE,"'',*,*,#16557,.T."
11998,ORIENTED_EDGE,"'',*,*,#17810,.F."
11999,ORIENTED_EDGE,"'',*,*,#17811,.F."
12000,ORIENTED_EDGE,"'',*,*,#17812,.T."
12001,ORIENTED_EDGE,"'',*,*,#16558,.T."
12002,ORIENTED_EDGE,"'',*,*,#17812,.F."
12003,ORIENTED_EDGE,"'',*,*,#17813,.F."
12004,ORIENTED_EDGE,"'',*,*,#17814,.T."
12005,ORIENTED_EDGE,"'',*,*,#16559,.T."
12006,ORIENTED_EDGE,"'',*,*,#17814,.F."
12007,ORIENTED_EDGE,"'',*,*,#17815,.F."
12008,ORIENTED_EDGE,"'',*,*,#17816,.T."
12009,ORIENTED_EDGE,"'',*,*,#16560,.T."
12010,ORIENTED_EDGE,"'',*,*,#17816,.F."
12011,ORIENTED_EDGE,"'',*,*,#17817,.F."
12012,ORIENTED_EDGE,"'',*,*,#17788,.T."
12013,ORIENTED_EDGE,"'',*,*,#17789,.T."
12014,ORIENTED_EDGE,"'',*,*,#17817,.T."
12015,ORIENTED_EDGE,"'',*,*,#17815,.T."
12016,ORIENTED_EDGE,"'',*,*,#17813,.T."
12017,ORIENTED_EDGE,"'',*,*,#17811,.T."
12018,ORIENTED_EDGE,"'',*,*,#17809,.T."
12019,ORIENTED_EDGE,"'',*,*,#17807,.T."
12020,ORIENTED_EDGE,"'',*,*,#17805,.T."
12021,ORIENTED_EDGE,"'',*,*,#17803,.T."
12022,ORIENTED_EDGE,"'',*,*,#17801,.T."
12023,ORIENTED_EDGE,"'',*,*,#17799,.T."
12024,ORIENTED_EDGE,"'',*,*,#17797,.T."
12025,ORIENTED_EDGE,"'',*,*,#17795,.T."
12026,ORIENTED_EDGE,"'',*,*,#17793,.T."
12027,ORIENTED_EDGE,"'',*,*,#17791,.T."
12028,ORIENTED_EDGE,"'',*,*,#16561,.T."
12029,ORIENTED_EDGE,"'',*,*,#17818,.F."
12030,ORIENTED_EDGE,"'',*,*,#17819,.F."
12031,ORIENTED_EDGE,"'',*,*,#17820,.T."
12032,ORIENTED_EDGE,"'',*,*,#16562,.T."
12033,ORIENTED_EDGE,"'',*,*,#17820,.F."
12034,ORIENTED_EDGE,"'',*,*,#17821,.F."
12035,ORIENTED_EDGE,"'',*,*,#17822,.T."
12036,ORIENTED_EDGE,"'',*,*,#16563,.T."
12037,ORIENTED_EDGE,"'',*,*,#17822,.F."
12038,ORIENTED_EDGE,"'',*,*,#17823,.F."
12039,ORIENTED_EDGE,"'',*,*,#17824,.T."
12040,ORIENTED_EDGE,"'',*,*,#16564,.T."
12041,ORIENTED_EDGE,"'',*,*,#17824,.F."
12042,ORIENTED_EDGE,"'',*,*,#17825,.F."
12043,ORIENTED_EDGE,"'',*,*,#17826,.T."
12044,ORIENTED_EDGE,"'',*,*,#16565,.T."
12045,ORIENTED_EDGE,"'',*,*,#17826,.F."
12046,ORIENTED_EDGE,"'',*,*,#17827,.F."
12047,ORIENTED_EDGE,"'',*,*,#17828,.T."
12048,ORIENTED_EDGE,"'',*,*,#16566,.T."
12049,ORIENTED_EDGE,"'',*,*,#17828,.F."
12050,ORIENTED_EDGE,"'',*,*,#17829,.F."
12051,ORIENTED_EDGE,"'',*,*,#17830,.T."
12052,ORIENTED_EDGE,"'',*,*,#16567,.T."
12053,ORIENTED_EDGE,"'',*,*,#17830,.F."
12054,ORIENTED_EDGE,"'',*,*,#17831,.F."
12055,ORIENTED_EDGE,"'',*,*,#17832,.T."
12056,ORIENTED_EDGE,"'',*,*,#16568,.T."
12057,ORIENTED_EDGE,"'',*,*,#17832,.F."
12058,ORIENTED_EDGE,"'',*,*,#17833,.F."
12059,ORIENTED_EDGE,"'',*,*,#17834,.T."
12060,ORIENTED_EDGE,"'',*,*,#16569,.T."
12061,ORIENTED_EDGE,"'',*,*,#17834,.F."
12062,ORIENTED_EDGE,"'',*,*,#17835,.F."
12063,ORIENTED_EDGE,"'',*,*,#17818,.T."
12064,ORIENTED_EDGE,"'',*,*,#17819,.T."
12065,ORIENTED_EDGE,"'',*,*,#17835,.T."
12066,ORIENTED_EDGE,"'',*,*,#17833,.T."
12067,ORIENTED_EDGE,"'',*,*,#17831,.T."
12068,ORIENTED_EDGE,"'',*,*,#17829,.T."
12069,ORIENTED_EDGE,"'',*,*,#17827,.T."
12070,ORIENTED_EDGE,"'',*,*,#17825,.T."
12071,ORIENTED_EDGE,"'',*,*,#17823,.T."
12072,ORIENTED_EDGE,"'',*,*,#17821,.T."
12073,ORIENTED_EDGE,"'',*,*,#17836,.T."
12074,ORIENTED_EDGE,"'',*,*,#17837,.T."
12075,ORIENTED_EDGE,"'',*,*,#17838,.T."
12076,ORIENTED_EDGE,"'',*,*,#17839,.T."
12077,ORIENTED_EDGE,"'',*,*,#17840,.T."
12078,ORIENTED_EDGE,"'',*,*,#17841,.T."
12079,ORIENTED_EDGE,"'',*,*,#17842,.T."
12080,ORIENTED_EDGE,"'',*,*,#17843,.T."
12081,ORIENTED_EDGE,"'',*,*,#17844,.T."
12082,ORIENTED_EDGE,"'',*,*,#17845,.T."
12083,ORIENTED_EDGE,"'',*,*,#17846,.T."
12084,ORIENTED_EDGE,"'',*,*,#17847,.T."
12085,ORIENTED_EDGE,"'',*,*,#17848,.T."
12086,ORIENTED_EDGE,"'',*,*,#17849,.T."
12087,ORIENTED_EDGE,"'',*,*,#17850,.T."
12088,ORIENTED_EDGE,"'',*,*,#17851,.T."
12089,ORIENTED_EDGE,"'',*,*,#17852,.T."
12090,ORIENTED_EDGE,"'',*,*,#17853,.T."
12091,ORIENTED_EDGE,"'',*,*,#17854,.T."
12092,ORIENTED_EDGE,"'',*,*,#17855,.T."
12093,ORIENTED_EDGE,"'',*,*,#17856,.T."
12094,ORIENTED_EDGE,"'',*,*,#17857,.T."
12095,ORIENTED_EDGE,"'',*,*,#17858,.T."
12096,ORIENTED_EDGE,"'',*,*,#17859,.T."
12097,ORIENTED_EDGE,"'',*,*,#17860,.T."
12098,ORIENTED_EDGE,"'',*,*,#17861,.T."
12099,ORIENTED_EDGE,"'',*,*,#17862,.T."
12100,ORIENTED_EDGE,"'',*,*,#17863,.T."
12101,ORIENTED_EDGE,"'',*,*,#16517,.T."
12102,ORIENTED_EDGE,"'',*,*,#17864,.F."
12103,ORIENTED_EDGE,"'',*,*,#17845,.F."
12104,ORIENTED_EDGE,"'',*,*,#17865,.T."
12105,ORIENTED_EDGE,"'',*,*,#16518,.T."
12106,ORIENTED_EDGE,"'',*,*,#17865,.F."
12107,ORIENTED_EDGE,"'',*,*,#17863,.F."
12108,ORIENTED_EDGE,"'',*,*,#17866,.T."
12109,ORIENTED_EDGE,"'',*,*,#16519,.T."
12110,ORIENTED_EDGE,"'',*,*,#17866,.F."
12111,ORIENTED_EDGE,"'',*,*,#17862,.F."
12112,ORIENTED_EDGE,"'',*,*,#17867,.T."
12113,ORIENTED_EDGE,"'',*,*,#16520,.T."
12114,ORIENTED_EDGE,"'',*,*,#17867,.F."
12115,ORIENTED_EDGE,"'',*,*,#17861,.F."
12116,ORIENTED_EDGE,"'',*,*,#17868,.T."
12117,ORIENTED_EDGE,"'',*,*,#16521,.T."
12118,ORIENTED_EDGE,"'',*,*,#17868,.F."
12119,ORIENTED_EDGE,"'',*,*,#17860,.F."
12120,ORIENTED_EDGE,"'',*,*,#17869,.T."
12121,ORIENTED_EDGE,"'',*,*,#16522,.T."
12122,ORIENTED_EDGE,"'',*,*,#17869,.F."
12123,ORIENTED_EDGE,"'',*,*,#17859,.F."
12124,ORIENTED_EDGE,"'',*,*,#17870,.T."
12125,ORIENTED_EDGE,"'',*,*,#16523,.T."
12126,ORIENTED_EDGE,"'',*,*,#17870,.F."
12127,ORIENTED_EDGE,"'',*,*,#17858,.F."
12128,ORIENTED_EDGE,"'',*,*,#17871,.T."
12129,ORIENTED_EDGE,"'',*,*,#16524,.T."
12130,ORIENTED_EDGE,"'',*,*,#17871,.F."
12131,ORIENTED_EDGE,"'',*,*,#17857,.F."
12132,ORIENTED_EDGE,"'',*,*,#17872,.T."
12133,ORIENTED_EDGE,"'',*,*,#16525,.T."
12134,ORIENTED_EDGE,"'',*,*,#17872,.F."
12135,ORIENTED_EDGE,"'',*,*,#17856,.F."
12136,ORIENTED_EDGE,"'',*,*,#17873,.T."
12137,ORIENTED_EDGE,"'',*,*,#16526,.T."
12138,ORIENTED_EDGE,"'',*,*,#17873,.F."
12139,ORIENTED_EDGE,"'',*,*,#17855,.F."
12140,ORIENTED_EDGE,"'',*,*,#17874,.T."
12141,ORIENTED_EDGE,"'',*,*,#16527,.T."
12142,ORIENTED_EDGE,"'',*,*,#17874,.F."
12143,ORIENTED_EDGE,"'',*,*,#17854,.F."
12144,ORIENTED_EDGE,"'',*,*,#17875,.T."
12145,ORIENTED_EDGE,"'',*,*,#16528,.T."
12146,ORIENTED_EDGE,"'',*,*,#17875,.F."
12147,ORIENTED_EDGE,"'',*,*,#17853,.F."
12148,ORIENTED_EDGE,"'',*,*,#17876,.T."
12149,ORIENTED_EDGE,"'',*,*,#16529,.T."
12150,ORIENTED_EDGE,"'',*,*,#17876,.F."
12151,ORIENTED_EDGE,"'',*,*,#17852,.F."
12152,ORIENTED_EDGE,"'',*,*,#17877,.T."
12153,ORIENTED_EDGE,"'',*,*,#16530,.T."
12154,ORIENTED_EDGE,"'',*,*,#17877,.F."
12155,ORIENTED_EDGE,"'',*,*,#17851,.F."
12156,ORIENTED_EDGE,"'',*,*,#17878,.T."
12157,ORIENTED_EDGE,"'',*,*,#16531,.T."
12158,ORIENTED_EDGE,"'',*,*,#17878,.F."
12159,ORIENTED_EDGE,"'',*,*,#17850,.F."
12160,ORIENTED_EDGE,"'',*,*,#17879,.T."
12161,ORIENTED_EDGE,"'',*,*,#16532,.T."
12162,ORIENTED_EDGE,"'',*,*,#17879,.F."
12163,ORIENTED_EDGE,"'',*,*,#17849,.F."
12164,ORIENTED_EDGE,"'',*,*,#17880,.T."
12165,ORIENTED_EDGE,"'',*,*,#16533,.T."
12166,ORIENTED_EDGE,"'',*,*,#17880,.F."
12167,ORIENTED_EDGE,"'',*,*,#17848,.F."
12168,ORIENTED_EDGE,"'',*,*,#17881,.T."
12169,ORIENTED_EDGE,"'',*,*,#16534,.T."
12170,ORIENTED_EDGE,"'',*,*,#17881,.F."
12171,ORIENTED_EDGE,"'',*,*,#17847,.F."
12172,ORIENTED_EDGE,"'',*,*,#17882,.T."
12173,ORIENTED_EDGE,"'',*,*,#16535,.T."
12174,ORIENTED_EDGE,"'',*,*,#17882,.F."
12175,ORIENTED_EDGE,"'',*,*,#17846,.F."
12176,ORIENTED_EDGE,"'',*,*,#17864,.T."
12177,ORIENTED_EDGE,"'',*,*,#17883,.T."
12178,ORIENTED_EDGE,"'',*,*,#17884,.T."
12179,ORIENTED_EDGE,"'',*,*,#17844,.F."
12180,ORIENTED_EDGE,"'',*,*,#17885,.F."
12181,ORIENTED_EDGE,"'',*,*,#17886,.T."
12182,ORIENTED_EDGE,"'',*,*,#17885,.T."
12183,ORIENTED_EDGE,"'',*,*,#17843,.F."
12184,ORIENTED_EDGE,"'',*,*,#17887,.F."
12185,ORIENTED_EDGE,"'',*,*,#17888,.T."
12186,ORIENTED_EDGE,"'',*,*,#17887,.T."
12187,ORIENTED_EDGE,"'',*,*,#17842,.F."
12188,ORIENTED_EDGE,"'',*,*,#17889,.F."
12189,ORIENTED_EDGE,"'',*,*,#17890,.T."
12190,ORIENTED_EDGE,"'',*,*,#17889,.T."
12191,ORIENTED_EDGE,"'',*,*,#17841,.F."
12192,ORIENTED_EDGE,"'',*,*,#17891,.F."
12193,ORIENTED_EDGE,"'',*,*,#17892,.T."
12194,ORIENTED_EDGE,"'',*,*,#17891,.T."
12195,ORIENTED_EDGE,"'',*,*,#17840,.F."
12196,ORIENTED_EDGE,"'',*,*,#17893,.F."
12197,ORIENTED_EDGE,"'',*,*,#17894,.T."
12198,ORIENTED_EDGE,"'',*,*,#17893,.T."
12199,ORIENTED_EDGE,"'',*,*,#17839,.F."
12200,ORIENTED_EDGE,"'',*,*,#17895,.F."
12201,ORIENTED_EDGE,"'',*,*,#17896,.T."
12202,ORIENTED_EDGE,"'',*,*,#17895,.T."
12203,ORIENTED_EDGE,"'',*,*,#17838,.F."
12204,ORIENTED_EDGE,"'',*,*,#17897,.F."
12205,ORIENTED_EDGE,"'',*,*,#17898,.T."
12206,ORIENTED_EDGE,"'',*,*,#17897,.T."
12207,ORIENTED_EDGE,"'',*,*,#17837,.F."
12208,ORIENTED_EDGE,"'',*,*,#17899,.F."
12209,ORIENTED_EDGE,"'',*,*,#17900,.T."
12210,ORIENTED_EDGE,"'',*,*,#17899,.T."
12211,ORIENTED_EDGE,"'',*,*,#17836,.F."
12212,ORIENTED_EDGE,"'',*,*,#17884,.F."
12213,ORIENTED_EDGE,"'',*,*,#17883,.F."
12214,ORIENTED_EDGE,"'',*,*,#17886,.F."
12215,ORIENTED_EDGE,"'',*,*,#17888,.F."
12216,ORIENTED_EDGE,"'',*,*,#17890,.F."
12217,ORIENTED_EDGE,"'',*,*,#17892,.F."
12218,ORIENTED_EDGE,"'',*,*,#17894,.F."
12219,ORIENTED_EDGE,"'',*,*,#17896,.F."
12220,ORIENTED_EDGE,"'',*,*,#17898,.F."
12221,ORIENTED_EDGE,"'',*,*,#17900,.F."
12222,ORIENTED_EDGE,"'',*,*,#16502,.T."
12223,ORIENTED_EDGE,"'',*,*,#17901,.F."
12224,ORIENTED_EDGE,"'',*,*,#17902,.F."
12225,ORIENTED_EDGE,"'',*,*,#17903,.T."
12226,ORIENTED_EDGE,"'',*,*,#16503,.T."
12227,ORIENTED_EDGE,"'',*,*,#17903,.F."
12228,ORIENTED_EDGE,"'',*,*,#17904,.F."
12229,ORIENTED_EDGE,"'',*,*,#17905,.T."
12230,ORIENTED_EDGE,"'',*,*,#16504,.T."
12231,ORIENTED_EDGE,"'',*,*,#17905,.F."
12232,ORIENTED_EDGE,"'',*,*,#17906,.F."
12233,ORIENTED_EDGE,"'',*,*,#17907,.T."
12234,ORIENTED_EDGE,"'',*,*,#16505,.T."
12235,ORIENTED_EDGE,"'',*,*,#17907,.F."
12236,ORIENTED_EDGE,"'',*,*,#17908,.F."
12237,ORIENTED_EDGE,"'',*,*,#17909,.T."
12238,ORIENTED_EDGE,"'',*,*,#16506,.T."
12239,ORIENTED_EDGE,"'',*,*,#17909,.F."
12240,ORIENTED_EDGE,"'',*,*,#17910,.F."
12241,ORIENTED_EDGE,"'',*,*,#17911,.T."
12242,ORIENTED_EDGE,"'',*,*,#16507,.T."
12243,ORIENTED_EDGE,"'',*,*,#17911,.F."
12244,ORIENTED_EDGE,"'',*,*,#17912,.F."
12245,ORIENTED_EDGE,"'',*,*,#17913,.T."
12246,ORIENTED_EDGE,"'',*,*,#16508,.T."
12247,ORIENTED_EDGE,"'',*,*,#17913,.F."
12248,ORIENTED_EDGE,"'',*,*,#17914,.F."
12249,ORIENTED_EDGE,"'',*,*,#17915,.T."
12250,ORIENTED_EDGE,"'',*,*,#16509,.T."
12251,ORIENTED_EDGE,"'',*,*,#17915,.F."
12252,ORIENTED_EDGE,"'',*,*,#17916,.F."
12253,ORIENTED_EDGE,"'',*,*,#17917,.T."
12254,ORIENTED_EDGE,"'',*,*,#16510,.T."
12255,ORIENTED_EDGE,"'',*,*,#17917,.F."
12256,ORIENTED_EDGE,"'',*,*,#17918,.F."
12257,ORIENTED_EDGE,"'',*,*,#17919,.T."
12258,ORIENTED_EDGE,"'',*,*,#16511,.T."
12259,ORIENTED_EDGE,"'',*,*,#17919,.F."
12260,ORIENTED_EDGE,"'',*,*,#17920,.F."
12261,ORIENTED_EDGE,"'',*,*,#17921,.T."
12262,ORIENTED_EDGE,"'',*,*,#16512,.T."
12263,ORIENTED_EDGE,"'',*,*,#17921,.F."
12264,ORIENTED_EDGE,"'',*,*,#17922,.F."
12265,ORIENTED_EDGE,"'',*,*,#17923,.T."
12266,ORIENTED_EDGE,"'',*,*,#16513,.T."
12267,ORIENTED_EDGE,"'',*,*,#17923,.F."
12268,ORIENTED_EDGE,"'',*,*,#17924,.F."
12269,ORIENTED_EDGE,"'',*,*,#17925,.T."
12270,ORIENTED_EDGE,"'',*,*,#16514,.T."
12271,ORIENTED_EDGE,"'',*,*,#17925,.F."
12272,ORIENTED_EDGE,"'',*,*,#17926,.F."
12273,ORIENTED_EDGE,"'',*,*,#17927,.T."
12274,ORIENTED_EDGE,"'',*,*,#16515,.T."
12275,ORIENTED_EDGE,"'',*,*,#17927,.F."
12276,ORIENTED_EDGE,"'',*,*,#17928,.F."
12277,ORIENTED_EDGE,"'',*,*,#17929,.T."
12278,ORIENTED_EDGE,"'',*,*,#16516,.T."
12279,ORIENTED_EDGE,"'',*,*,#17929,.F."
12280,ORIENTED_EDGE,"'',*,*,#17930,.F."
12281,ORIENTED_EDGE,"'',*,*,#17901,.T."
12282,ORIENTED_EDGE,"'',*,*,#17902,.T."
12283,ORIENTED_EDGE,"'',*,*,#17930,.T."
12284,ORIENTED_EDGE,"'',*,*,#17928,.T."
12285,ORIENTED_EDGE,"'',*,*,#17926,.T."
12286,ORIENTED_EDGE,"'',*,*,#17924,.T."
12287,ORIENTED_EDGE,"'',*,*,#17922,.T."
12288,ORIENTED_EDGE,"'',*,*,#17920,.T."
12289,ORIENTED_EDGE,"'',*,*,#17918,.T."
12290,ORIENTED_EDGE,"'',*,*,#17916,.T."
12291,ORIENTED_EDGE,"'',*,*,#17914,.T."
12292,ORIENTED_EDGE,"'',*,*,#17912,.T."
12293,ORIENTED_EDGE,"'',*,*,#17910,.T."
12294,ORIENTED_EDGE,"'',*,*,#17908,.T."
12295,ORIENTED_EDGE,"'',*,*,#17906,.T."
12296,ORIENTED_EDGE,"'',*,*,#17904,.T."
12297,ORIENTED_EDGE,"'',*,*,#16493,.T."
12298,ORIENTED_EDGE,"'',*,*,#17931,.F."
12299,ORIENTED_EDGE,"'',*,*,#17932,.F."
12300,ORIENTED_EDGE,"'',*,*,#17933,.T."
12301,ORIENTED_EDGE,"'',*,*,#16494,.T."
12302,ORIENTED_EDGE,"'',*,*,#17933,.F."
12303,ORIENTED_EDGE,"'',*,*,#17934,.F."
12304,ORIENTED_EDGE,"'',*,*,#17935,.T."
12305,ORIENTED_EDGE,"'',*,*,#16495,.T."
12306,ORIENTED_EDGE,"'',*,*,#17935,.F."
12307,ORIENTED_EDGE,"'',*,*,#17936,.F."
12308,ORIENTED_EDGE,"'',*,*,#17937,.T."
12309,ORIENTED_EDGE,"'',*,*,#16496,.T."
12310,ORIENTED_EDGE,"'',*,*,#17937,.F."
12311,ORIENTED_EDGE,"'',*,*,#17938,.F."
12312,ORIENTED_EDGE,"'',*,*,#17939,.T."
12313,ORIENTED_EDGE,"'',*,*,#16497,.T."
12314,ORIENTED_EDGE,"'',*,*,#17939,.F."
12315,ORIENTED_EDGE,"'',*,*,#17940,.F."
12316,ORIENTED_EDGE,"'',*,*,#17941,.T."
12317,ORIENTED_EDGE,"'',*,*,#16498,.T."
12318,ORIENTED_EDGE,"'',*,*,#17941,.F."
12319,ORIENTED_EDGE,"'',*,*,#17942,.F."
12320,ORIENTED_EDGE,"'',*,*,#17943,.T."
12321,ORIENTED_EDGE,"'',*,*,#16499,.T."
12322,ORIENTED_EDGE,"'',*,*,#17943,.F."
12323,ORIENTED_EDGE,"'',*,*,#17944,.F."
12324,ORIENTED_EDGE,"'',*,*,#17945,.T."
12325,ORIENTED_EDGE,"'',*,*,#16500,.T."
12326,ORIENTED_EDGE,"'',*,*,#17945,.F."
12327,ORIENTED_EDGE,"'',*,*,#17946,.F."
12328,ORIENTED_EDGE,"'',*,*,#17947,.T."
12329,ORIENTED_EDGE,"'',*,*,#16501,.T."
12330,ORIENTED_EDGE,"'',*,*,#17947,.F."
12331,ORIENTED_EDGE,"'',*,*,#17948,.F."
12332,ORIENTED_EDGE,"'',*,*,#17931,.T."
12333,ORIENTED_EDGE,"'',*,*,#17932,.T."
12334,ORIENTED_EDGE,"'',*,*,#17948,.T."
12335,ORIENTED_EDGE,"'',*,*,#17946,.T."
12336,ORIENTED_EDGE,"'',*,*,#17944,.T."
12337,ORIENTED_EDGE,"'',*,*,#17942,.T."
12338,ORIENTED_EDGE,"'',*,*,#17940,.T."
12339,ORIENTED_EDGE,"'',*,*,#17938,.T."
12340,ORIENTED_EDGE,"'',*,*,#17936,.T."
12341,ORIENTED_EDGE,"'',*,*,#17934,.T."
12342,ORIENTED_EDGE,"'',*,*,#17949,.T."
12343,ORIENTED_EDGE,"'',*,*,#17950,.T."
12344,ORIENTED_EDGE,"'',*,*,#17951,.T."
12345,ORIENTED_EDGE,"'',*,*,#17952,.T."
12346,ORIENTED_EDGE,"'',*,*,#17953,.T."
12347,ORIENTED_EDGE,"'',*,*,#17954,.T."
12348,ORIENTED_EDGE,"'',*,*,#17955,.T."
12349,ORIENTED_EDGE,"'',*,*,#17956,.T."
12350,ORIENTED_EDGE,"'',*,*,#17957,.T."
12351,ORIENTED_EDGE,"'',*,*,#17958,.T."
12352,ORIENTED_EDGE,"'',*,*,#17959,.T."
12353,ORIENTED_EDGE,"'',*,*,#17960,.T."
12354,ORIENTED_EDGE,"'',*,*,#17961,.T."
12355,ORIENTED_EDGE,"'',*,*,#17962,.T."
12356,ORIENTED_EDGE,"'',*,*,#17963,.T."
12357,ORIENTED_EDGE,"'',*,*,#17964,.T."
12358,ORIENTED_EDGE,"'',*,*,#17965,.T."
12359,ORIENTED_EDGE,"'',*,*,#17966,.T."
12360,ORIENTED_EDGE,"'',*,*,#17967,.T."
12361,ORIENTED_EDGE,"'',*,*,#17968,.T."
12362,ORIENTED_EDGE,"'',*,*,#17969,.T."
12363,ORIENTED_EDGE,"'',*,*,#17970,.T."
12364,ORIENTED_EDGE,"'',*,*,#17971,.T."
12365,ORIENTED_EDGE,"'',*,*,#17972,.T."
12366,ORIENTED_EDGE,"'',*,*,#17973,.T."
12367,ORIENTED_EDGE,"'',*,*,#17974,.T."
12368,ORIENTED_EDGE,"'',*,*,#17975,.T."
12369,ORIENTED_EDGE,"'',*,*,#17976,.T."
12370,ORIENTED_EDGE,"'',*,*,#16570,.T."
12371,ORIENTED_EDGE,"'',*,*,#17977,.F."
12372,ORIENTED_EDGE,"'',*,*,#17958,.F."
12373,ORIENTED_EDGE,"'',*,*,#17978,.T."
12374,ORIENTED_EDGE,"'',*,*,#16571,.T."
12375,ORIENTED_EDGE,"'',*,*,#17978,.F."
12376,ORIENTED_EDGE,"'',*,*,#17976,.F."
12377,ORIENTED_EDGE,"'',*,*,#17979,.T."
12378,ORIENTED_EDGE,"'',*,*,#16572,.T."
12379,ORIENTED_EDGE,"'',*,*,#17979,.F."
12380,ORIENTED_EDGE,"'',*,*,#17975,.F."
12381,ORIENTED_EDGE,"'',*,*,#17980,.T."
12382,ORIENTED_EDGE,"'',*,*,#16573,.T."
12383,ORIENTED_EDGE,"'',*,*,#17980,.F."
12384,ORIENTED_EDGE,"'',*,*,#17974,.F."
12385,ORIENTED_EDGE,"'',*,*,#17981,.T."
12386,ORIENTED_EDGE,"'',*,*,#16574,.T."
12387,ORIENTED_EDGE,"'',*,*,#17981,.F."
12388,ORIENTED_EDGE,"'',*,*,#17973,.F."
12389,ORIENTED_EDGE,"'',*,*,#17982,.T."
12390,ORIENTED_EDGE,"'',*,*,#16575,.T."
12391,ORIENTED_EDGE,"'',*,*,#17982,.F."
12392,ORIENTED_EDGE,"'',*,*,#17972,.F."
12393,ORIENTED_EDGE,"'',*,*,#17983,.T."
12394,ORIENTED_EDGE,"'',*,*,#16576,.T."
12395,ORIENTED_EDGE,"'',*,*,#17983,.F."
12396,ORIENTED_EDGE,"'',*,*,#17971,.F."
12397,ORIENTED_EDGE,"'',*,*,#17984,.T."
12398,ORIENTED_EDGE,"'',*,*,#16577,.T."
12399,ORIENTED_EDGE,"'',*,*,#17984,.F."
12400,ORIENTED_EDGE,"'',*,*,#17970,.F."
12401,ORIENTED_EDGE,"'',*,*,#17985,.T."
12402,ORIENTED_EDGE,"'',*,*,#16578,.T."
12403,ORIENTED_EDGE,"'',*,*,#17985,.F."
12404,ORIENTED_EDGE,"'',*,*,#17969,.F."
12405,ORIENTED_EDGE,"'',*,*,#17986,.T."
12406,ORIENTED_EDGE,"'',*,*,#16579,.T."
12407,ORIENTED_EDGE,"'',*,*,#17986,.F."
12408,ORIENTED_EDGE,"'',*,*,#17968,.F."
12409,ORIENTED_EDGE,"'',*,*,#17987,.T."
12410,ORIENTED_EDGE,"'',*,*,#16580,.T."
12411,ORIENTED_EDGE,"'',*,*,#17987,.F."
12412,ORIENTED_EDGE,"'',*,*,#17967,.F."
12413,ORIENTED_EDGE,"'',*,*,#17988,.T."
12414,ORIENTED_EDGE,"'',*,*,#16581,.T."
12415,ORIENTED_EDGE,"'',*,*,#17988,.F."
12416,ORIENTED_EDGE,"'',*,*,#17966,.F."
12417,ORIENTED_EDGE,"'',*,*,#17989,.T."
12418,ORIENTED_EDGE,"'',*,*,#16582,.T."
12419,ORIENTED_EDGE,"'',*,*,#17989,.F."
12420,ORIENTED_EDGE,"'',*,*,#17965,.F."
12421,ORIENTED_EDGE,"'',*,*,#17990,.T."
12422,ORIENTED_EDGE,"'',*,*,#16583,.T."
12423,ORIENTED_EDGE,"'',*,*,#17990,.F."
12424,ORIENTED_EDGE,"'',*,*,#17964,.F."
12425,ORIENTED_EDGE,"'',*,*,#17991,.T."
12426,ORIENTED_EDGE,"'',*,*,#16584,.T."
12427,ORIENTED_EDGE,"'',*,*,#17991,.F."
12428,ORIENTED_EDGE,"'',*,*,#17963,.F."
12429,ORIENTED_EDGE,"'',*,*,#17992,.T."
12430,ORIENTED_EDGE,"'',*,*,#16585,.T."
12431,ORIENTED_EDGE,"'',*,*,#17992,.F."
12432,ORIENTED_EDGE,"'',*,*,#17962,.F."
12433,ORIENTED_EDGE,"'',*,*,#17993,.T."
12434,ORIENTED_EDGE,"'',*,*,#16586,.T."
12435,ORIENTED_EDGE,"'',*,*,#17993,.F."
12436,ORIENTED_EDGE,"'',*,*,#17961,.F."
12437,ORIENTED_EDGE,"'',*,*,#17994,.T."
12438,ORIENTED_EDGE,"'',*,*,#16587,.T."
12439,ORIENTED_EDGE,"'',*,*,#17994,.F."
12440,ORIENTED_EDGE,"'',*,*,#17960,.F."
12441,ORIENTED_EDGE,"'',*,*,#17995,.T."
12442,ORIENTED_EDGE,"'',*,*,#16588,.T."
12443,ORIENTED_EDGE,"'',*,*,#17995,.F."
12444,ORIENTED_EDGE,"'',*,*,#17959,.F."
12445,ORIENTED_EDGE,"'',*,*,#17977,.T."
12446,ORIENTED_EDGE,"'',*,*,#17996,.T."
12447,ORIENTED_EDGE,"'',*,*,#17997,.T."
12448,ORIENTED_EDGE,"'',*,*,#17957,.F."
12449,ORIENTED_EDGE,"'',*,*,#17998,.F."
12450,ORIENTED_EDGE,"'',*,*,#17999,.T."
12451,ORIENTED_EDGE,"'',*,*,#17998,.T."
12452,ORIENTED_EDGE,"'',*,*,#17956,.F."
12453,ORIENTED_EDGE,"'',*,*,#18000,.F."
12454,ORIENTED_EDGE,"'',*,*,#18001,.T."
12455,ORIENTED_EDGE,"'',*,*,#18000,.T."
12456,ORIENTED_EDGE,"'',*,*,#17955,.F."
12457,ORIENTED_EDGE,"'',*,*,#18002,.F."
12458,ORIENTED_EDGE,"'',*,*,#18003,.T."
12459,ORIENTED_EDGE,"'',*,*,#18002,.T."
12460,ORIENTED_EDGE,"'',*,*,#17954,.F."
12461,ORIENTED_EDGE,"'',*,*,#18004,.F."
12462,ORIENTED_EDGE,"'',*,*,#18005,.T."
12463,ORIENTED_EDGE,"'',*,*,#18004,.T."
12464,ORIENTED_EDGE,"'',*,*,#17953,.F."
12465,ORIENTED_EDGE,"'',*,*,#18006,.F."
12466,ORIENTED_EDGE,"'',*,*,#18007,.T."
12467,ORIENTED_EDGE,"'',*,*,#18006,.T."
12468,ORIENTED_EDGE,"'',*,*,#17952,.F."
12469,ORIENTED_EDGE,"'',*,*,#18008,.F."
12470,ORIENTED_EDGE,"'',*,*,#18009,.T."
12471,ORIENTED_EDGE,"'',*,*,#18008,.T."
12472,ORIENTED_EDGE,"'',*,*,#17951,.F."
12473,ORIENTED_EDGE,"'',*,*,#18010,.F."
12474,ORIENTED_EDGE,"'',*,*,#18011,.T."
12475,ORIENTED_EDGE,"'',*,*,#18010,.T."
12476,ORIENTED_EDGE,"'',*,*,#17950,.F."
12477,ORIENTED_EDGE,"'',*,*,#18012,.F."
12478,ORIENTED_EDGE,"'',*,*,#18013,.T."
12479,ORIENTED_EDGE,"'',*,*,#18012,.T."
12480,ORIENTED_EDGE,"'',*,*,#17949,.F."
12481,ORIENTED_EDGE,"'',*,*,#17997,.F."
12482,ORIENTED_EDGE,"'',*,*,#17996,.F."
12483,ORIENTED_EDGE,"'',*,*,#17999,.F."
12484,ORIENTED_EDGE,"'',*,*,#18001,.F."
12485,ORIENTED_EDGE,"'',*,*,#18003,.F."
12486,ORIENTED_EDGE,"'',*,*,#18005,.F."
12487,ORIENTED_EDGE,"'',*,*,#18007,.F."
12488,ORIENTED_EDGE,"'',*,*,#18009,.F."
12489,ORIENTED_EDGE,"'',*,*,#18011,.F."
12490,ORIENTED_EDGE,"'',*,*,#18013,.F."
12491,ORIENTED_EDGE,"'',*,*,#16965,.F."
12492,ORIENTED_EDGE,"'',*,*,#16454,.F."
12493,ORIENTED_EDGE,"'',*,*,#17009,.F."
12494,ORIENTED_EDGE,"'',*,*,#16455,.F."
12495,ORIENTED_EDGE,"'',*,*,#17011,.F."
12496,ORIENTED_EDGE,"'',*,*,#16456,.F."
12497,ORIENTED_EDGE,"'',*,*,#16961,.F."
12498,ORIENTED_EDGE,"'',*,*,#16457,.F."
12499,ORIENTED_EDGE,"'',*,*,#16957,.F."
12500,ORIENTED_EDGE,"'',*,*,#16479,.F."
12501,ORIENTED_EDGE,"'',*,*,#17013,.F."
12502,ORIENTED_EDGE,"'',*,*,#16478,.F."
12503,ORIENTED_EDGE,"'',*,*,#17015,.F."
12504,ORIENTED_EDGE,"'',*,*,#16477,.F."
12505,ORIENTED_EDGE,"'',*,*,#16969,.F."
12506,ORIENTED_EDGE,"'',*,*,#16476,.F."
12507,ORIENTED_EDGE,"'',*,*,#16664,.T."
12508,ORIENTED_EDGE,"'',*,*,#18014,.F."
12509,ORIENTED_EDGE,"'',*,*,#18015,.F."
12510,ORIENTED_EDGE,"'',*,*,#18016,.T."
12511,ORIENTED_EDGE,"'',*,*,#16665,.T."
12512,ORIENTED_EDGE,"'',*,*,#18016,.F."
12513,ORIENTED_EDGE,"'',*,*,#18017,.F."
12514,ORIENTED_EDGE,"'',*,*,#18018,.T."
12515,ORIENTED_EDGE,"'',*,*,#16666,.T."
12516,ORIENTED_EDGE,"'',*,*,#18018,.F."
12517,ORIENTED_EDGE,"'',*,*,#18019,.F."
12518,ORIENTED_EDGE,"'',*,*,#18020,.T."
12519,ORIENTED_EDGE,"'',*,*,#16667,.T."
12520,ORIENTED_EDGE,"'',*,*,#18020,.F."
12521,ORIENTED_EDGE,"'',*,*,#18021,.F."
12522,ORIENTED_EDGE,"'',*,*,#18022,.T."
12523,ORIENTED_EDGE,"'',*,*,#16668,.T."
12524,ORIENTED_EDGE,"'',*,*,#18022,.F."
12525,ORIENTED_EDGE,"'',*,*,#18023,.F."
12526,ORIENTED_EDGE,"'',*,*,#18024,.T."
12527,ORIENTED_EDGE,"'',*,*,#16669,.T."
12528,ORIENTED_EDGE,"'',*,*,#18024,.F."
12529,ORIENTED_EDGE,"'',*,*,#18025,.F."
12530,ORIENTED_EDGE,"'',*,*,#18026,.T."
12531,ORIENTED_EDGE,"'',*,*,#16670,.T."
12532,ORIENTED_EDGE,"'',*,*,#18026,.F."
12533,ORIENTED_EDGE,"'',*,*,#18027,.F."
12534,ORIENTED_EDGE,"'',*,*,#18028,.T."
12535,ORIENTED_EDGE,"'',*,*,#16671,.T."
12536,ORIENTED_EDGE,"'',*,*,#18028,.F."
12537,ORIENTED_EDGE,"'',*,*,#18029,.F."
12538,ORIENTED_EDGE,"'',*,*,#18030,.T."
12539,ORIENTED_EDGE,"'',*,*,#16672,.T."
12540,ORIENTED_EDGE,"'',*,*,#18030,.F."
12541,ORIENTED_EDGE,"'',*,*,#18031,.F."
12542,ORIENTED_EDGE,"'',*,*,#18032,.T."
12543,ORIENTED_EDGE,"'',*,*,#16673,.T."
12544,ORIENTED_EDGE,"'',*,*,#18032,.F."
12545,ORIENTED_EDGE,"'',*,*,#18033,.F."
12546,ORIENTED_EDGE,"'',*,*,#18034,.T."
12547,ORIENTED_EDGE,"'',*,*,#16674,.T."
12548,ORIENTED_EDGE,"'',*,*,#18034,.F."
12549,ORIENTED_EDGE,"'',*,*,#18035,.F."
12550,ORIENTED_EDGE,"'',*,*,#18036,.T."
12551,ORIENTED_EDGE,"'',*,*,#16675,.T."
12552,ORIENTED_EDGE,"'',*,*,#18036,.F."
12553,ORIENTED_EDGE,"'',*,*,#18037,.F."
12554,ORIENTED_EDGE,"'',*,*,#18038,.T."
12555,ORIENTED_EDGE,"'',*,*,#16676,.T."
12556,ORIENTED_EDGE,"'',*,*,#18038,.F."
12557,ORIENTED_EDGE,"'',*,*,#18039,.F."
12558,ORIENTED_EDGE,"'',*,*,#18040,.T."
12559,ORIENTED_EDGE,"'',*,*,#16677,.T."
12560,ORIENTED_EDGE,"'',*,*,#18040,.F."
12561,ORIENTED_EDGE,"'',*,*,#18041,.F."
12562,ORIENTED_EDGE,"'',*,*,#18042,.T."
12563,ORIENTED_EDGE,"'',*,*,#16678,.T."
12564,ORIENTED_EDGE,"'',*,*,#18042,.F."
12565,ORIENTED_EDGE,"'',*,*,#18043,.F."
12566,ORIENTED_EDGE,"'',*,*,#18014,.T."
12567,ORIENTED_EDGE,"'',*,*,#18015,.T."
12568,ORIENTED_EDGE,"'',*,*,#18043,.T."
12569,ORIENTED_EDGE,"'',*,*,#18041,.T."
12570,ORIENTED_EDGE,"'',*,*,#18039,.T."
12571,ORIENTED_EDGE,"'',*,*,#18037,.T."
12572,ORIENTED_EDGE,"'',*,*,#18035,.T."
12573,ORIENTED_EDGE,"'',*,*,#18033,.T."
12574,ORIENTED_EDGE,"'',*,*,#18031,.T."
12575,ORIENTED_EDGE,"'',*,*,#18029,.T."
12576,ORIENTED_EDGE,"'',*,*,#18027,.T."
12577,ORIENTED_EDGE,"'',*,*,#18025,.T."
12578,ORIENTED_EDGE,"'',*,*,#18023,.T."
12579,ORIENTED_EDGE,"'',*,*,#18021,.T."
12580,ORIENTED_EDGE,"'',*,*,#18019,.T."
12581,ORIENTED_EDGE,"'',*,*,#18017,.T."
12582,ORIENTED_EDGE,"'',*,*,#16642,.T."
12583,ORIENTED_EDGE,"'',*,*,#18044,.F."
12584,ORIENTED_EDGE,"'',*,*,#18045,.F."
12585,ORIENTED_EDGE,"'',*,*,#18046,.T."
12586,ORIENTED_EDGE,"'',*,*,#16643,.T."
12587,ORIENTED_EDGE,"'',*,*,#18046,.F."
12588,ORIENTED_EDGE,"'',*,*,#18047,.F."
12589,ORIENTED_EDGE,"'',*,*,#18048,.T."
12590,ORIENTED_EDGE,"'',*,*,#16644,.T."
12591,ORIENTED_EDGE,"'',*,*,#18048,.F."
12592,ORIENTED_EDGE,"'',*,*,#18049,.F."
12593,ORIENTED_EDGE,"'',*,*,#18050,.T."
12594,ORIENTED_EDGE,"'',*,*,#16645,.T."
12595,ORIENTED_EDGE,"'',*,*,#18050,.F."
12596,ORIENTED_EDGE,"'',*,*,#18051,.F."
12597,ORIENTED_EDGE,"'',*,*,#18052,.T."
12598,ORIENTED_EDGE,"'',*,*,#16646,.T."
12599,ORIENTED_EDGE,"'',*,*,#18052,.F."
12600,ORIENTED_EDGE,"'',*,*,#18053,.F."
12601,ORIENTED_EDGE,"'',*,*,#18054,.T."
12602,ORIENTED_EDGE,"'',*,*,#16647,.T."
12603,ORIENTED_EDGE,"'',*,*,#18054,.F."
12604,ORIENTED_EDGE,"'',*,*,#18055,.F."
12605,ORIENTED_EDGE,"'',*,*,#18056,.T."
12606,ORIENTED_EDGE,"'',*,*,#16648,.T."
12607,ORIENTED_EDGE,"'',*,*,#18056,.F."
12608,ORIENTED_EDGE,"'',*,*,#18057,.F."
12609,ORIENTED_EDGE,"'',*,*,#18058,.T."
12610,ORIENTED_EDGE,"'',*,*,#16649,.T."
12611,ORIENTED_EDGE,"'',*,*,#18058,.F."
12612,ORIENTED_EDGE,"'',*,*,#18059,.F."
12613,ORIENTED_EDGE,"'',*,*,#18060,.T."
12614,ORIENTED_EDGE,"'',*,*,#16650,.T."
12615,ORIENTED_EDGE,"'',*,*,#18060,.F."
12616,ORIENTED_EDGE,"'',*,*,#18061,.F."
12617,ORIENTED_EDGE,"'',*,*,#18062,.T."
12618,ORIENTED_EDGE,"'',*,*,#16651,.T."
12619,ORIENTED_EDGE,"'',*,*,#18062,.F."
12620,ORIENTED_EDGE,"'',*,*,#18063,.F."
12621,ORIENTED_EDGE,"'',*,*,#18064,.T."
12622,ORIENTED_EDGE,"'',*,*,#16652,.T."
12623,ORIENTED_EDGE,"'',*,*,#18064,.F."
12624,ORIENTED_EDGE,"'',*,*,#18065,.F."
12625,ORIENTED_EDGE,"'',*,*,#18066,.T."
12626,ORIENTED_EDGE,"'',*,*,#16653,.T."
12627,ORIENTED_EDGE,"'',*,*,#18066,.F."
12628,ORIENTED_EDGE,"'',*,*,#18067,.F."
12629,ORIENTED_EDGE,"'',*,*,#18068,.T."
12630,ORIENTED_EDGE,"'',*,*,#16654,.T."
12631,ORIENTED_EDGE,"'',*,*,#18068,.F."
12632,ORIENTED_EDGE,"'',*,*,#18069,.F."
12633,ORIENTED_EDGE,"'',*,*,#18070,.T."
12634,ORIENTED_EDGE,"'',*,*,#16655,.T."
12635,ORIENTED_EDGE,"'',*,*,#18070,.F."
12636,ORIENTED_EDGE,"'',*,*,#18071,.F."
12637,ORIENTED_EDGE,"'',*,*,#18072,.T."
12638,ORIENTED_EDGE,"'',*,*,#16656,.T."
12639,ORIENTED_EDGE,"'',*,*,#18072,.F."
12640,ORIENTED_EDGE,"'',*,*,#18073,.F."
12641,ORIENTED_EDGE,"'',*,*,#18074,.T."
12642,ORIENTED_EDGE,"'',*,*,#16657,.T."
12643,ORIENTED_EDGE,"'',*,*,#18074,.F."
12644,ORIENTED_EDGE,"'',*,*,#18075,.F."
12645,ORIENTED_EDGE,"'',*,*,#18076,.T."
12646,ORIENTED_EDGE,"'',*,*,#16658,.T."
12647,ORIENTED_EDGE,"'',*,*,#18076,.F."
12648,ORIENTED_EDGE,"'',*,*,#18077,.F."
12649,ORIENTED_EDGE,"'',*,*,#18078,.T."
12650,ORIENTED_EDGE,"'',*,*,#16659,.T."
12651,ORIENTED_EDGE,"'',*,*,#18078,.F."
12652,ORIENTED_EDGE,"'',*,*,#18079,.F."
12653,ORIENTED_EDGE,"'',*,*,#18080,.T."
12654,ORIENTED_EDGE,"'',*,*,#16660,.T."
12655,ORIENTED_EDGE,"'',*,*,#18080,.F."
12656,ORIENTED_EDGE,"'',*,*,#18081,.F."
12657,ORIENTED_EDGE,"'',*,*,#18082,.T."
12658,ORIENTED_EDGE,"'',*,*,#16661,.T."
12659,ORIENTED_EDGE,"'',*,*,#18082,.F."
12660,ORIENTED_EDGE,"'',*,*,#18083,.F."
12661,ORIENTED_EDGE,"'',*,*,#18084,.T."
12662,ORIENTED_EDGE,"'',*,*,#16662,.T."
12663,ORIENTED_EDGE,"'',*,*,#18084,.F."
12664,ORIENTED_EDGE,"'',*,*,#18085,.F."
12665,ORIENTED_EDGE,"'',*,*,#18086,.T."
12666,ORIENTED_EDGE,"'',*,*,#16663,.T."
12667,ORIENTED_EDGE,"'',*,*,#18086,.F."
12668,ORIENTED_EDGE,"'',*,*,#18087,.F."
12669,ORIENTED_EDGE,"'',*,*,#18044,.T."
12670,ORIENTED_EDGE,"'',*,*,#18045,.T."
12671,ORIENTED_EDGE,"'',*,*,#18087,.T."
12672,ORIENTED_EDGE,"'',*,*,#18085,.T."
12673,ORIENTED_EDGE,"'',*,*,#18083,.T."
12674,ORIENTED_EDGE,"'',*,*,#18081,.T."
12675,ORIENTED_EDGE,"'',*,*,#18079,.T."
12676,ORIENTED_EDGE,"'',*,*,#18077,.T."
12677,ORIENTED_EDGE,"'',*,*,#18075,.T."
12678,ORIENTED_EDGE,"'',*,*,#18073,.T."
12679,ORIENTED_EDGE,"'',*,*,#18071,.T."
12680,ORIENTED_EDGE,"'',*,*,#18069,.T."
12681,ORIENTED_EDGE,"'',*,*,#18067,.T."
12682,ORIENTED_EDGE,"'',*,*,#18065,.T."
12683,ORIENTED_EDGE,"'',*,*,#18063,.T."
12684,ORIENTED_EDGE,"'',*,*,#18061,.T."
12685,ORIENTED_EDGE,"'',*,*,#18059,.T."
12686,ORIENTED_EDGE,"'',*,*,#18057,.T."
12687,ORIENTED_EDGE,"'',*,*,#18055,.T."
12688,ORIENTED_EDGE,"'',*,*,#18053,.T."
12689,ORIENTED_EDGE,"'',*,*,#18051,.T."
12690,ORIENTED_EDGE,"'',*,*,#18049,.T."
12691,ORIENTED_EDGE,"'',*,*,#18047,.T."
12692,ORIENTED_EDGE,"'',*,*,#18088,.T."
12693,ORIENTED_EDGE,"'',*,*,#18089,.T."
12694,ORIENTED_EDGE,"'',*,*,#18090,.T."
12695,ORIENTED_EDGE,"'',*,*,#18091,.T."
12696,ORIENTED_EDGE,"'',*,*,#18092,.T."
12697,ORIENTED_EDGE,"'',*,*,#18093,.T."
12698,ORIENTED_EDGE,"'',*,*,#18094,.T."
12699,ORIENTED_EDGE,"'',*,*,#18095,.T."
12700,ORIENTED_EDGE,"'',*,*,#18096,.T."
12701,ORIENTED_EDGE,"'',*,*,#18097,.T."
12702,ORIENTED_EDGE,"'',*,*,#18098,.T."
12703,ORIENTED_EDGE,"'',*,*,#18099,.T."
12704,ORIENTED_EDGE,"'',*,*,#18100,.T."
12705,ORIENTED_EDGE,"'',*,*,#18101,.T."
12706,ORIENTED_EDGE,"'',*,*,#16834,.T."
12707,ORIENTED_EDGE,"'',*,*,#18102,.F."
12708,ORIENTED_EDGE,"'',*,*,#18091,.F."
12709,ORIENTED_EDGE,"'',*,*,#18103,.T."
12710,ORIENTED_EDGE,"'',*,*,#16835,.T."
12711,ORIENTED_EDGE,"'',*,*,#18103,.F."
12712,ORIENTED_EDGE,"'',*,*,#18101,.F."
12713,ORIENTED_EDGE,"'',*,*,#18104,.T."
12714,ORIENTED_EDGE,"'',*,*,#16836,.T."
12715,ORIENTED_EDGE,"'',*,*,#18104,.F."
12716,ORIENTED_EDGE,"'',*,*,#18100,.F."
12717,ORIENTED_EDGE,"'',*,*,#18105,.T."
12718,ORIENTED_EDGE,"'',*,*,#16837,.T."
12719,ORIENTED_EDGE,"'',*,*,#18105,.F."
12720,ORIENTED_EDGE,"'',*,*,#18099,.F."
12721,ORIENTED_EDGE,"'',*,*,#18106,.T."
12722,ORIENTED_EDGE,"'',*,*,#16838,.T."
12723,ORIENTED_EDGE,"'',*,*,#18106,.F."
12724,ORIENTED_EDGE,"'',*,*,#18098,.F."
12725,ORIENTED_EDGE,"'',*,*,#18107,.T."
12726,ORIENTED_EDGE,"'',*,*,#16839,.T."
12727,ORIENTED_EDGE,"'',*,*,#18107,.F."
12728,ORIENTED_EDGE,"'',*,*,#18097,.F."
12729,ORIENTED_EDGE,"'',*,*,#18108,.T."
12730,ORIENTED_EDGE,"'',*,*,#16840,.T."
12731,ORIENTED_EDGE,"'',*,*,#18108,.F."
12732,ORIENTED_EDGE,"'',*,*,#18096,.F."
12733,ORIENTED_EDGE,"'',*,*,#18109,.T."
12734,ORIENTED_EDGE,"'',*,*,#16841,.T."
12735,ORIENTED_EDGE,"'',*,*,#18109,.F."
12736,ORIENTED_EDGE,"'',*,*,#18095,.F."
12737,ORIENTED_EDGE,"'',*,*,#18110,.T."
12738,ORIENTED_EDGE,"'',*,*,#16842,.T."
12739,ORIENTED_EDGE,"'',*,*,#18110,.F."
12740,ORIENTED_EDGE,"'',*,*,#18094,.F."
12741,ORIENTED_EDGE,"'',*,*,#18111,.T."
12742,ORIENTED_EDGE,"'',*,*,#16843,.T."
12743,ORIENTED_EDGE,"'',*,*,#18111,.F."
12744,ORIENTED_EDGE,"'',*,*,#18093,.F."
12745,ORIENTED_EDGE,"'',*,*,#18112,.T."
12746,ORIENTED_EDGE,"'',*,*,#16844,.T."
12747,ORIENTED_EDGE,"'',*,*,#18112,.F."
12748,ORIENTED_EDGE,"'',*,*,#18092,.F."
12749,ORIENTED_EDGE,"'',*,*,#18102,.T."
12750,ORIENTED_EDGE,"'',*,*,#18113,.T."
12751,ORIENTED_EDGE,"'',*,*,#18114,.T."
12752,ORIENTED_EDGE,"'',*,*,#18090,.F."
12753,ORIENTED_EDGE,"'',*,*,#18115,.F."
12754,ORIENTED_EDGE,"'',*,*,#18116,.T."
12755,ORIENTED_EDGE,"'',*,*,#18115,.T."
12756,ORIENTED_EDGE,"'',*,*,#18089,.F."
12757,ORIENTED_EDGE,"'',*,*,#18117,.F."
12758,ORIENTED_EDGE,"'',*,*,#18118,.T."
12759,ORIENTED_EDGE,"'',*,*,#18117,.T."
12760,ORIENTED_EDGE,"'',*,*,#18088,.F."
12761,ORIENTED_EDGE,"'',*,*,#18114,.F."
12762,ORIENTED_EDGE,"'',*,*,#18113,.F."
12763,ORIENTED_EDGE,"'',*,*,#18116,.F."
12764,ORIENTED_EDGE,"'',*,*,#18118,.F."
12765,ORIENTED_EDGE,"'',*,*,#17033,.F."
12766,ORIENTED_EDGE,"'',*,*,#16451,.F."
12767,ORIENTED_EDGE,"'',*,*,#17037,.F."
12768,ORIENTED_EDGE,"'',*,*,#16450,.F."
12769,ORIENTED_EDGE,"'',*,*,#17031,.F."
12770,ORIENTED_EDGE,"'',*,*,#16449,.F."
12771,ORIENTED_EDGE,"'',*,*,#17035,.F."
12772,ORIENTED_EDGE,"'',*,*,#16448,.F."
12773,ORIENTED_EDGE,"'',*,*,#18119,.T."
12774,ORIENTED_EDGE,"'',*,*,#17274,.F."
12775,ORIENTED_EDGE,"'',*,*,#18120,.T."
12776,ORIENTED_EDGE,"'',*,*,#18121,.T."
12777,ORIENTED_EDGE,"'',*,*,#18122,.T."
12778,ORIENTED_EDGE,"'',*,*,#18123,.T."
12779,ORIENTED_EDGE,"'',*,*,#18124,.T."
12780,ORIENTED_EDGE,"'',*,*,#16232,.T."
12781,ORIENTED_EDGE,"'',*,*,#18125,.T."
12782,ORIENTED_EDGE,"'',*,*,#18126,.T."
12783,ORIENTED_EDGE,"'',*,*,#18127,.T."
12784,ORIENTED_EDGE,"'',*,*,#18128,.T."
12785,ORIENTED_EDGE,"'',*,*,#18129,.T."
12786,ORIENTED_EDGE,"'',*,*,#18130,.T."
12787,ORIENTED_EDGE,"'',*,*,#18131,.T."
12788,ORIENTED_EDGE,"'',*,*,#18132,.T."
12789,ORIENTED_EDGE,"'',*,*,#18133,.T."
12790,ORIENTED_EDGE,"'',*,*,#16234,.T."
12791,ORIENTED_EDGE,"'',*,*,#18133,.F."
12792,ORIENTED_EDGE,"'',*,*,#18134,.T."
12793,ORIENTED_EDGE,"'',*,*,#16335,.F."
12794,ORIENTED_EDGE,"'',*,*,#16235,.F."
12795,ORIENTED_EDGE,"'',*,*,#18124,.F."
12796,ORIENTED_EDGE,"'',*,*,#18135,.T."
12797,ORIENTED_EDGE,"'',*,*,#18131,.F."
12798,ORIENTED_EDGE,"'',*,*,#16233,.F."
12799,ORIENTED_EDGE,"'',*,*,#16348,.F."
12800,ORIENTED_EDGE,"'',*,*,#18136,.T."
12801,ORIENTED_EDGE,"'',*,*,#18125,.F."
12802,ORIENTED_EDGE,"'',*,*,#16231,.F."
12803,ORIENTED_EDGE,"'',*,*,#18137,.T."
12804,ORIENTED_EDGE,"'',*,*,#18138,.T."
12805,ORIENTED_EDGE,"'',*,*,#18139,.T."
12806,ORIENTED_EDGE,"'',*,*,#18140,.T."
12807,ORIENTED_EDGE,"'',*,*,#18141,.T."
12808,ORIENTED_EDGE,"'',*,*,#18142,.T."
12809,ORIENTED_EDGE,"'',*,*,#18143,.T."
12810,ORIENTED_EDGE,"'',*,*,#18144,.T."
12811,ORIENTED_EDGE,"'',*,*,#18145,.T."
12812,ORIENTED_EDGE,"'',*,*,#18146,.T."
12813,ORIENTED_EDGE,"'',*,*,#18147,.T."
12814,ORIENTED_EDGE,"'',*,*,#18148,.T."
12815,ORIENTED_EDGE,"'',*,*,#18139,.F."
12816,ORIENTED_EDGE,"'',*,*,#18149,.T."
12817,ORIENTED_EDGE,"'',*,*,#18150,.T."
12818,ORIENTED_EDGE,"'',*,*,#18151,.T."
12819,ORIENTED_EDGE,"'',*,*,#18150,.F."
12820,ORIENTED_EDGE,"'',*,*,#18152,.T."
12821,ORIENTED_EDGE,"'',*,*,#18153,.T."
12822,ORIENTED_EDGE,"'',*,*,#18120,.F."
12823,ORIENTED_EDGE,"'',*,*,#18154,.T."
12824,ORIENTED_EDGE,"'',*,*,#18155,.T."
12825,ORIENTED_EDGE,"'',*,*,#18156,.T."
12826,ORIENTED_EDGE,"'',*,*,#18157,.T."
12827,ORIENTED_EDGE,"'',*,*,#18158,.T."
12828,ORIENTED_EDGE,"'',*,*,#18159,.T."
12829,ORIENTED_EDGE,"'',*,*,#18160,.F."
12830,ORIENTED_EDGE,"'',*,*,#18161,.F."
12831,ORIENTED_EDGE,"'',*,*,#18162,.T."
12832,ORIENTED_EDGE,"'',*,*,#18163,.T."
12833,ORIENTED_EDGE,"'',*,*,#18164,.T."
12834,ORIENTED_EDGE,"'',*,*,#18165,.T."
12835,ORIENTED_EDGE,"'',*,*,#18157,.F."
12836,ORIENTED_EDGE,"'',*,*,#18166,.T."
12837,ORIENTED_EDGE,"'',*,*,#18167,.T."
12838,ORIENTED_EDGE,"'',*,*,#18168,.T."
12839,ORIENTED_EDGE,"'',*,*,#18169,.T."
12840,ORIENTED_EDGE,"'',*,*,#18170,.T."
12841,ORIENTED_EDGE,"'',*,*,#18171,.T."
12842,ORIENTED_EDGE,"'',*,*,#18172,.F."
12843,ORIENTED_EDGE,"'',*,*,#18173,.F."
12844,ORIENTED_EDGE,"'',*,*,#18174,.T."
12845,ORIENTED_EDGE,"'',*,*,#18175,.T."
12846,ORIENTED_EDGE,"'',*,*,#18167,.F."
12847,ORIENTED_EDGE,"'',*,*,#18176,.T."
12848,ORIENTED_EDGE,"'',*,*,#18177,.T."
12849,ORIENTED_EDGE,"'',*,*,#18178,.T."
12850,ORIENTED_EDGE,"'',*,*,#18179,.T."
12851,ORIENTED_EDGE,"'',*,*,#18180,.T."
12852,ORIENTED_EDGE,"'',*,*,#18181,.T."
12853,ORIENTED_EDGE,"'',*,*,#18182,.T."
12854,ORIENTED_EDGE,"'',*,*,#18183,.T."
12855,ORIENTED_EDGE,"'',*,*,#18184,.T."
12856,ORIENTED_EDGE,"'',*,*,#18185,.T."
12857,ORIENTED_EDGE,"'',*,*,#18186,.T."
12858,ORIENTED_EDGE,"'',*,*,#18187,.T."
12859,ORIENTED_EDGE,"'',*,*,#18188,.T."
12860,ORIENTED_EDGE,"'',*,*,#18189,.T."
12861,ORIENTED_EDGE,"'',*,*,#18190,.T."
12862,ORIENTED_EDGE,"'',*,*,#18181,.F."
12863,ORIENTED_EDGE,"'',*,*,#18191,.T."
12864,ORIENTED_EDGE,"'',*,*,#18192,.T."
12865,ORIENTED_EDGE,"'',*,*,#18193,.T."
12866,ORIENTED_EDGE,"'',*,*,#18192,.F."
12867,ORIENTED_EDGE,"'',*,*,#18194,.T."
12868,ORIENTED_EDGE,"'',*,*,#18195,.T."
12869,ORIENTED_EDGE,"'',*,*,#18196,.T."
12870,ORIENTED_EDGE,"'',*,*,#18197,.T."
12871,ORIENTED_EDGE,"'',*,*,#18198,.T."
12872,ORIENTED_EDGE,"'',*,*,#18199,.T."
12873,ORIENTED_EDGE,"'',*,*,#18200,.T."
12874,ORIENTED_EDGE,"'',*,*,#18201,.T."
12875,ORIENTED_EDGE,"'',*,*,#18202,.F."
12876,ORIENTED_EDGE,"'',*,*,#18203,.F."
12877,ORIENTED_EDGE,"'',*,*,#18204,.T."
12878,ORIENTED_EDGE,"'',*,*,#18205,.T."
12879,ORIENTED_EDGE,"'',*,*,#18206,.T."
12880,ORIENTED_EDGE,"'',*,*,#18207,.T."
12881,ORIENTED_EDGE,"'',*,*,#18197,.F."
12882,ORIENTED_EDGE,"'',*,*,#18208,.T."
12883,ORIENTED_EDGE,"'',*,*,#18209,.T."
12884,ORIENTED_EDGE,"'',*,*,#18210,.T."
12885,ORIENTED_EDGE,"'',*,*,#18211,.T."
12886,ORIENTED_EDGE,"'',*,*,#18212,.T."
12887,ORIENTED_EDGE,"'',*,*,#18213,.T."
12888,ORIENTED_EDGE,"'',*,*,#18214,.F."
12889,ORIENTED_EDGE,"'',*,*,#18215,.F."
12890,ORIENTED_EDGE,"'',*,*,#18216,.T."
12891,ORIENTED_EDGE,"'',*,*,#18217,.T."
12892,ORIENTED_EDGE,"'',*,*,#18211,.F."
12893,ORIENTED_EDGE,"'',*,*,#18218,.T."
12894,ORIENTED_EDGE,"'',*,*,#18219,.T."
12895,ORIENTED_EDGE,"'',*,*,#18220,.T."
12896,ORIENTED_EDGE,"'',*,*,#18217,.F."
12897,ORIENTED_EDGE,"'',*,*,#18221,.T."
12898,ORIENTED_EDGE,"'',*,*,#18221,.F."
12899,ORIENTED_EDGE,"'',*,*,#18216,.F."
12900,ORIENTED_EDGE,"'',*,*,#18222,.T."
12901,ORIENTED_EDGE,"'',*,*,#18222,.F."
12902,ORIENTED_EDGE,"'',*,*,#18205,.F."
12903,ORIENTED_EDGE,"'',*,*,#18223,.T."
12904,ORIENTED_EDGE,"'',*,*,#18223,.F."
12905,ORIENTED_EDGE,"'',*,*,#18204,.F."
12906,ORIENTED_EDGE,"'',*,*,#18224,.T."
12907,ORIENTED_EDGE,"'',*,*,#18224,.F."
12908,ORIENTED_EDGE,"'',*,*,#18175,.F."
12909,ORIENTED_EDGE,"'',*,*,#18225,.T."
12910,ORIENTED_EDGE,"'',*,*,#18225,.F."
12911,ORIENTED_EDGE,"'',*,*,#18174,.F."
12912,ORIENTED_EDGE,"'',*,*,#18226,.T."
12913,ORIENTED_EDGE,"'',*,*,#18226,.F."
12914,ORIENTED_EDGE,"'',*,*,#18163,.F."
12915,ORIENTED_EDGE,"'',*,*,#18227,.T."
12916,ORIENTED_EDGE,"'',*,*,#18227,.F."
12917,ORIENTED_EDGE,"'',*,*,#18162,.F."
12918,ORIENTED_EDGE,"'',*,*,#18228,.T."
12919,ORIENTED_EDGE,"'',*,*,#18228,.F."
12920,ORIENTED_EDGE,"'',*,*,#18229,.T."
12921,ORIENTED_EDGE,"'',*,*,#18230,.F."
12922,ORIENTED_EDGE,"'',*,*,#16237,.F."
12923,ORIENTED_EDGE,"'',*,*,#18229,.F."
12924,ORIENTED_EDGE,"'',*,*,#16453,.T."
12925,ORIENTED_EDGE,"'',*,*,#18230,.T."
12926,ORIENTED_EDGE,"'',*,*,#18231,.F."
12927,ORIENTED_EDGE,"'',*,*,#18232,.T."
12928,ORIENTED_EDGE,"'',*,*,#16236,.T."
12929,ORIENTED_EDGE,"'',*,*,#18231,.T."
12930,ORIENTED_EDGE,"'',*,*,#18119,.F."
12931,ORIENTED_EDGE,"'',*,*,#18232,.F."
12932,ORIENTED_EDGE,"'',*,*,#18233,.F."
12933,ORIENTED_EDGE,"'',*,*,#18234,.T."
12934,ORIENTED_EDGE,"'',*,*,#18235,.F."
12935,ORIENTED_EDGE,"'',*,*,#18236,.F."
12936,ORIENTED_EDGE,"'',*,*,#18237,.F."
12937,ORIENTED_EDGE,"'',*,*,#18238,.T."
12938,ORIENTED_EDGE,"'',*,*,#18233,.T."
12939,ORIENTED_EDGE,"'',*,*,#18239,.F."
12940,ORIENTED_EDGE,"'',*,*,#18236,.T."
12941,ORIENTED_EDGE,"'',*,*,#18240,.T."
12942,ORIENTED_EDGE,"'',*,*,#18239,.T."
12943,ORIENTED_EDGE,"'',*,*,#18241,.T."
12944,ORIENTED_EDGE,"'',*,*,#18242,.T."
12945,ORIENTED_EDGE,"'',*,*,#18243,.T."
12946,ORIENTED_EDGE,"'',*,*,#16258,.T."
12947,ORIENTED_EDGE,"'',*,*,#18244,.T."
12948,ORIENTED_EDGE,"'',*,*,#18245,.T."
12949,ORIENTED_EDGE,"'',*,*,#18246,.T."
12950,ORIENTED_EDGE,"'',*,*,#16260,.T."
12951,ORIENTED_EDGE,"'',*,*,#18247,.T."
12952,ORIENTED_EDGE,"'',*,*,#18248,.T."
12953,ORIENTED_EDGE,"'',*,*,#18249,.T."
12954,ORIENTED_EDGE,"'',*,*,#16244,.T."
12955,ORIENTED_EDGE,"'',*,*,#18250,.T."
12956,ORIENTED_EDGE,"'',*,*,#18251,.T."
12957,ORIENTED_EDGE,"'',*,*,#18252,.T."
12958,ORIENTED_EDGE,"'',*,*,#16246,.T."
12959,ORIENTED_EDGE,"'',*,*,#18253,.T."
12960,ORIENTED_EDGE,"'',*,*,#18254,.T."
12961,ORIENTED_EDGE,"'',*,*,#18255,.T."
12962,ORIENTED_EDGE,"'',*,*,#16248,.T."
12963,ORIENTED_EDGE,"'',*,*,#18256,.T."
12964,ORIENTED_EDGE,"'',*,*,#18257,.T."
12965,ORIENTED_EDGE,"'',*,*,#18258,.T."
12966,ORIENTED_EDGE,"'',*,*,#16250,.T."
12967,ORIENTED_EDGE,"'',*,*,#18259,.T."
12968,ORIENTED_EDGE,"'',*,*,#18260,.T."
12969,ORIENTED_EDGE,"'',*,*,#18261,.T."
12970,ORIENTED_EDGE,"'',*,*,#16252,.T."
12971,ORIENTED_EDGE,"'',*,*,#18262,.T."
12972,ORIENTED_EDGE,"'',*,*,#18263,.T."
12973,ORIENTED_EDGE,"'',*,*,#18264,.T."
12974,ORIENTED_EDGE,"'',*,*,#16254,.T."
12975,ORIENTED_EDGE,"'',*,*,#18265,.T."
12976,ORIENTED_EDGE,"'',*,*,#18266,.T."
12977,ORIENTED_EDGE,"'',*,*,#18267,.T."
12978,ORIENTED_EDGE,"'',*,*,#16256,.T."
12979,ORIENTED_EDGE,"'',*,*,#18246,.F."
12980,ORIENTED_EDGE,"'',*,*,#18268,.T."
12981,ORIENTED_EDGE,"'',*,*,#18269,.F."
12982,ORIENTED_EDGE,"'',*,*,#16261,.F."
12983,ORIENTED_EDGE,"'',*,*,#18269,.T."
12984,ORIENTED_EDGE,"'',*,*,#18270,.T."
12985,ORIENTED_EDGE,"'',*,*,#18247,.F."
12986,ORIENTED_EDGE,"'',*,*,#16262,.F."
12987,ORIENTED_EDGE,"'',*,*,#18243,.F."
12988,ORIENTED_EDGE,"'',*,*,#18271,.T."
12989,ORIENTED_EDGE,"'',*,*,#18244,.F."
12990,ORIENTED_EDGE,"'',*,*,#16259,.F."
12991,ORIENTED_EDGE,"'',*,*,#18264,.F."
12992,ORIENTED_EDGE,"'',*,*,#18272,.T."
12993,ORIENTED_EDGE,"'',*,*,#18265,.F."
12994,ORIENTED_EDGE,"'',*,*,#16255,.F."
12995,ORIENTED_EDGE,"'',*,*,#18267,.F."
12996,ORIENTED_EDGE,"'',*,*,#18273,.T."
12997,ORIENTED_EDGE,"'',*,*,#18241,.F."
12998,ORIENTED_EDGE,"'',*,*,#16257,.F."
12999,ORIENTED_EDGE,"'',*,*,#18261,.F."
13000,ORIENTED_EDGE,"'',*,*,#18274,.T."
13001,ORIENTED_EDGE,"'',*,*,#18262,.F."
13002,ORIENTED_EDGE,"'',*,*,#16253,.F."
13003,ORIENTED_EDGE,"'',*,*,#18255,.F."
13004,ORIENTED_EDGE,"'',*,*,#18275,.T."
13005,ORIENTED_EDGE,"'',*,*,#18256,.F."
13006,ORIENTED_EDGE,"'',*,*,#16249,.F."
13007,ORIENTED_EDGE,"'',*,*,#18258,.F."
13008,ORIENTED_EDGE,"'',*,*,#18276,.T."
13009,ORIENTED_EDGE,"'',*,*,#18259,.F."
13010,ORIENTED_EDGE,"'',*,*,#16251,.F."
13011,ORIENTED_EDGE,"'',*,*,#18249,.F."
13012,ORIENTED_EDGE,"'',*,*,#18277,.T."
13013,ORIENTED_EDGE,"'',*,*,#18237,.T."
13014,ORIENTED_EDGE,"'',*,*,#18240,.F."
13015,ORIENTED_EDGE,"'',*,*,#18235,.T."
13016,ORIENTED_EDGE,"'',*,*,#18278,.T."
13017,ORIENTED_EDGE,"'',*,*,#18250,.F."
13018,ORIENTED_EDGE,"'',*,*,#16245,.F."
13019,ORIENTED_EDGE,"'',*,*,#18252,.F."
13020,ORIENTED_EDGE,"'',*,*,#18279,.T."
13021,ORIENTED_EDGE,"'',*,*,#18253,.F."
13022,ORIENTED_EDGE,"'',*,*,#16247,.F."
13023,ORIENTED_EDGE,"'',*,*,#18280,.T."
13024,ORIENTED_EDGE,"'',*,*,#18281,.T."
13025,ORIENTED_EDGE,"'',*,*,#18282,.T."
13026,ORIENTED_EDGE,"'',*,*,#16282,.T."
13027,ORIENTED_EDGE,"'',*,*,#18283,.T."
13028,ORIENTED_EDGE,"'',*,*,#18284,.T."
13029,ORIENTED_EDGE,"'',*,*,#18285,.T."
13030,ORIENTED_EDGE,"'',*,*,#16284,.T."
13031,ORIENTED_EDGE,"'',*,*,#18286,.T."
13032,ORIENTED_EDGE,"'',*,*,#18287,.T."
13033,ORIENTED_EDGE,"'',*,*,#18288,.T."
13034,ORIENTED_EDGE,"'',*,*,#16268,.T."
13035,ORIENTED_EDGE,"'',*,*,#18289,.T."
13036,ORIENTED_EDGE,"'',*,*,#18290,.T."
13037,ORIENTED_EDGE,"'',*,*,#18291,.T."
13038,ORIENTED_EDGE,"'',*,*,#16270,.T."
13039,ORIENTED_EDGE,"'',*,*,#18292,.T."
13040,ORIENTED_EDGE,"'',*,*,#18293,.T."
13041,ORIENTED_EDGE,"'',*,*,#18294,.T."
13042,ORIENTED_EDGE,"'',*,*,#16272,.T."
13043,ORIENTED_EDGE,"'',*,*,#18295,.T."
13044,ORIENTED_EDGE,"'',*,*,#18296,.T."
13045,ORIENTED_EDGE,"'',*,*,#18297,.T."
13046,ORIENTED_EDGE,"'',*,*,#16274,.T."
13047,ORIENTED_EDGE,"'',*,*,#18298,.T."
13048,ORIENTED_EDGE,"'',*,*,#18299,.T."
13049,ORIENTED_EDGE,"'',*,*,#18300,.T."
13050,ORIENTED_EDGE,"'',*,*,#16276,.T."
13051,ORIENTED_EDGE,"'',*,*,#18301,.T."
13052,ORIENTED_EDGE,"'',*,*,#18302,.T."
13053,ORIENTED_EDGE,"'',*,*,#18303,.T."
13054,ORIENTED_EDGE,"'',*,*,#16278,.T."
13055,ORIENTED_EDGE,"'',*,*,#18304,.T."
13056,ORIENTED_EDGE,"'',*,*,#18305,.T."
13057,ORIENTED_EDGE,"'',*,*,#18306,.T."
13058,ORIENTED_EDGE,"'',*,*,#16280,.T."
13059,ORIENTED_EDGE,"'',*,*,#18285,.F."
13060,ORIENTED_EDGE,"'',*,*,#18307,.T."
13061,ORIENTED_EDGE,"'',*,*,#18308,.F."
13062,ORIENTED_EDGE,"'',*,*,#16285,.F."
13063,ORIENTED_EDGE,"'',*,*,#18308,.T."
13064,ORIENTED_EDGE,"'',*,*,#18309,.T."
13065,ORIENTED_EDGE,"'',*,*,#18286,.F."
13066,ORIENTED_EDGE,"'',*,*,#16286,.F."
13067,ORIENTED_EDGE,"'',*,*,#18282,.F."
13068,ORIENTED_EDGE,"'',*,*,#18310,.T."
13069,ORIENTED_EDGE,"'',*,*,#18283,.F."
13070,ORIENTED_EDGE,"'',*,*,#16283,.F."
13071,ORIENTED_EDGE,"'',*,*,#18303,.F."
13072,ORIENTED_EDGE,"'',*,*,#18311,.T."
13073,ORIENTED_EDGE,"'',*,*,#18304,.F."
13074,ORIENTED_EDGE,"'',*,*,#16279,.F."
13075,ORIENTED_EDGE,"'',*,*,#18306,.F."
13076,ORIENTED_EDGE,"'',*,*,#18312,.T."
13077,ORIENTED_EDGE,"'',*,*,#18280,.F."
13078,ORIENTED_EDGE,"'',*,*,#16281,.F."
13079,ORIENTED_EDGE,"'',*,*,#18300,.F."
13080,ORIENTED_EDGE,"'',*,*,#18313,.T."
13081,ORIENTED_EDGE,"'',*,*,#18301,.F."
13082,ORIENTED_EDGE,"'',*,*,#16277,.F."
13083,ORIENTED_EDGE,"'',*,*,#18294,.F."
13084,ORIENTED_EDGE,"'',*,*,#18314,.T."
13085,ORIENTED_EDGE,"'',*,*,#18295,.F."
13086,ORIENTED_EDGE,"'',*,*,#16273,.F."
13087,ORIENTED_EDGE,"'',*,*,#18297,.F."
13088,ORIENTED_EDGE,"'',*,*,#18315,.T."
13089,ORIENTED_EDGE,"'',*,*,#18298,.F."
13090,ORIENTED_EDGE,"'',*,*,#16275,.F."
13091,ORIENTED_EDGE,"'',*,*,#18288,.F."
13092,ORIENTED_EDGE,"'',*,*,#18316,.T."
13093,ORIENTED_EDGE,"'',*,*,#18289,.F."
13094,ORIENTED_EDGE,"'',*,*,#16269,.F."
13095,ORIENTED_EDGE,"'',*,*,#18291,.F."
13096,ORIENTED_EDGE,"'',*,*,#18317,.T."
13097,ORIENTED_EDGE,"'',*,*,#18292,.F."
13098,ORIENTED_EDGE,"'',*,*,#16271,.F."
13099,ORIENTED_EDGE,"'',*,*,#18318,.T."
13100,ORIENTED_EDGE,"'',*,*,#18319,.T."
13101,ORIENTED_EDGE,"'',*,*,#18320,.T."
13102,ORIENTED_EDGE,"'',*,*,#16306,.T."
13103,ORIENTED_EDGE,"'',*,*,#18321,.T."
13104,ORIENTED_EDGE,"'',*,*,#18322,.T."
13105,ORIENTED_EDGE,"'',*,*,#18323,.T."
13106,ORIENTED_EDGE,"'',*,*,#16308,.T."
13107,ORIENTED_EDGE,"'',*,*,#18324,.T."
13108,ORIENTED_EDGE,"'',*,*,#18325,.T."
13109,ORIENTED_EDGE,"'',*,*,#18326,.T."
13110,ORIENTED_EDGE,"'',*,*,#16292,.T."
13111,ORIENTED_EDGE,"'',*,*,#18327,.T."
13112,ORIENTED_EDGE,"'',*,*,#18328,.T."
13113,ORIENTED_EDGE,"'',*,*,#18329,.T."
13114,ORIENTED_EDGE,"'',*,*,#16294,.T."
13115,ORIENTED_EDGE,"'',*,*,#18330,.T."
13116,ORIENTED_EDGE,"'',*,*,#18331,.T."
13117,ORIENTED_EDGE,"'',*,*,#18332,.T."
13118,ORIENTED_EDGE,"'',*,*,#16296,.T."
13119,ORIENTED_EDGE,"'',*,*,#18333,.T."
13120,ORIENTED_EDGE,"'',*,*,#18334,.T."
13121,ORIENTED_EDGE,"'',*,*,#18335,.T."
13122,ORIENTED_EDGE,"'',*,*,#16298,.T."
13123,ORIENTED_EDGE,"'',*,*,#18336,.T."
13124,ORIENTED_EDGE,"'',*,*,#18337,.T."
13125,ORIENTED_EDGE,"'',*,*,#18338,.T."
13126,ORIENTED_EDGE,"'',*,*,#16300,.T."
13127,ORIENTED_EDGE,"'',*,*,#18339,.T."
13128,ORIENTED_EDGE,"'',*,*,#18340,.T."
13129,ORIENTED_EDGE,"'',*,*,#18341,.T."
13130,ORIENTED_EDGE,"'',*,*,#16302,.T."
13131,ORIENTED_EDGE,"'',*,*,#18342,.T."
13132,ORIENTED_EDGE,"'',*,*,#18343,.T."
13133,ORIENTED_EDGE,"'',*,*,#18344,.T."
13134,ORIENTED_EDGE,"'',*,*,#16304,.T."
13135,ORIENTED_EDGE,"'',*,*,#18323,.F."
13136,ORIENTED_EDGE,"'',*,*,#18345,.T."
13137,ORIENTED_EDGE,"'',*,*,#18346,.F."
13138,ORIENTED_EDGE,"'',*,*,#16309,.F."
13139,ORIENTED_EDGE,"'',*,*,#18346,.T."
13140,ORIENTED_EDGE,"'',*,*,#18347,.T."
13141,ORIENTED_EDGE,"'',*,*,#18324,.F."
13142,ORIENTED_EDGE,"'',*,*,#16310,.F."
13143,ORIENTED_EDGE,"'',*,*,#18320,.F."
13144,ORIENTED_EDGE,"'',*,*,#18348,.T."
13145,ORIENTED_EDGE,"'',*,*,#18321,.F."
13146,ORIENTED_EDGE,"'',*,*,#16307,.F."
13147,ORIENTED_EDGE,"'',*,*,#18341,.F."
13148,ORIENTED_EDGE,"'',*,*,#18349,.T."
13149,ORIENTED_EDGE,"'',*,*,#18342,.F."
13150,ORIENTED_EDGE,"'',*,*,#16303,.F."
13151,ORIENTED_EDGE,"'',*,*,#18344,.F."
13152,ORIENTED_EDGE,"'',*,*,#18350,.T."
13153,ORIENTED_EDGE,"'',*,*,#18318,.F."
13154,ORIENTED_EDGE,"'',*,*,#16305,.F."
13155,ORIENTED_EDGE,"'',*,*,#18338,.F."
13156,ORIENTED_EDGE,"'',*,*,#18351,.T."
13157,ORIENTED_EDGE,"'',*,*,#18339,.F."
13158,ORIENTED_EDGE,"'',*,*,#16301,.F."
13159,ORIENTED_EDGE,"'',*,*,#18332,.F."
13160,ORIENTED_EDGE,"'',*,*,#18352,.T."
13161,ORIENTED_EDGE,"'',*,*,#18333,.F."
13162,ORIENTED_EDGE,"'',*,*,#16297,.F."
13163,ORIENTED_EDGE,"'',*,*,#18335,.F."
13164,ORIENTED_EDGE,"'',*,*,#18353,.T."
13165,ORIENTED_EDGE,"'',*,*,#18336,.F."
13166,ORIENTED_EDGE,"'',*,*,#16299,.F."
13167,ORIENTED_EDGE,"'',*,*,#18326,.F."
13168,ORIENTED_EDGE,"'',*,*,#18354,.T."
13169,ORIENTED_EDGE,"'',*,*,#18327,.F."
13170,ORIENTED_EDGE,"'',*,*,#16293,.F."
13171,ORIENTED_EDGE,"'',*,*,#18329,.F."
13172,ORIENTED_EDGE,"'',*,*,#18355,.T."
13173,ORIENTED_EDGE,"'',*,*,#18330,.F."
13174,ORIENTED_EDGE,"'',*,*,#16295,.F."
13175,ORIENTED_EDGE,"'',*,*,#18356,.T."
13176,ORIENTED_EDGE,"'',*,*,#18357,.T."
13177,ORIENTED_EDGE,"'',*,*,#18358,.T."
13178,ORIENTED_EDGE,"'',*,*,#16330,.T."
13179,ORIENTED_EDGE,"'',*,*,#18359,.T."
13180,ORIENTED_EDGE,"'',*,*,#18360,.T."
13181,ORIENTED_EDGE,"'',*,*,#18361,.T."
13182,ORIENTED_EDGE,"'',*,*,#16332,.T."
13183,ORIENTED_EDGE,"'',*,*,#18362,.T."
13184,ORIENTED_EDGE,"'',*,*,#18363,.T."
13185,ORIENTED_EDGE,"'',*,*,#18364,.T."
13186,ORIENTED_EDGE,"'',*,*,#16316,.T."
13187,ORIENTED_EDGE,"'',*,*,#18365,.T."
13188,ORIENTED_EDGE,"'',*,*,#18366,.T."
13189,ORIENTED_EDGE,"'',*,*,#18367,.T."
13190,ORIENTED_EDGE,"'',*,*,#16318,.T."
13191,ORIENTED_EDGE,"'',*,*,#18368,.T."
13192,ORIENTED_EDGE,"'',*,*,#18369,.T."
13193,ORIENTED_EDGE,"'',*,*,#18370,.T."
13194,ORIENTED_EDGE,"'',*,*,#16320,.T."
13195,ORIENTED_EDGE,"'',*,*,#18371,.T."
13196,ORIENTED_EDGE,"'',*,*,#18372,.T."
13197,ORIENTED_EDGE,"'',*,*,#18373,.T."
13198,ORIENTED_EDGE,"'',*,*,#16322,.T."
13199,ORIENTED_EDGE,"'',*,*,#18374,.T."
13200,ORIENTED_EDGE,"'',*,*,#18375,.T."
13201,ORIENTED_EDGE,"'',*,*,#18376,.T."
13202,ORIENTED_EDGE,"'',*,*,#16324,.T."
13203,ORIENTED_EDGE,"'',*,*,#18377,.T."
13204,ORIENTED_EDGE,"'',*,*,#18378,.T."
13205,ORIENTED_EDGE,"'',*,*,#18379,.T."
13206,ORIENTED_EDGE,"'',*,*,#16326,.T."
13207,ORIENTED_EDGE,"'',*,*,#18380,.T."
13208,ORIENTED_EDGE,"'',*,*,#18381,.T."
13209,ORIENTED_EDGE,"'',*,*,#18382,.T."
13210,ORIENTED_EDGE,"'',*,*,#16328,.T."
13211,ORIENTED_EDGE,"'',*,*,#18361,.F."
13212,ORIENTED_EDGE,"'',*,*,#18383,.T."
13213,ORIENTED_EDGE,"'',*,*,#18384,.F."
13214,ORIENTED_EDGE,"'',*,*,#16333,.F."
13215,ORIENTED_EDGE,"'',*,*,#18384,.T."
13216,ORIENTED_EDGE,"'',*,*,#18385,.T."
13217,ORIENTED_EDGE,"'',*,*,#18362,.F."
13218,ORIENTED_EDGE,"'',*,*,#16334,.F."
13219,ORIENTED_EDGE,"'',*,*,#18358,.F."
13220,ORIENTED_EDGE,"'',*,*,#18386,.T."
13221,ORIENTED_EDGE,"'',*,*,#18359,.F."
13222,ORIENTED_EDGE,"'',*,*,#16331,.F."
13223,ORIENTED_EDGE,"'',*,*,#18379,.F."
13224,ORIENTED_EDGE,"'',*,*,#18387,.T."
13225,ORIENTED_EDGE,"'',*,*,#18380,.F."
13226,ORIENTED_EDGE,"'',*,*,#16327,.F."
13227,ORIENTED_EDGE,"'',*,*,#18382,.F."
13228,ORIENTED_EDGE,"'',*,*,#18388,.T."
13229,ORIENTED_EDGE,"'',*,*,#18356,.F."
13230,ORIENTED_EDGE,"'',*,*,#16329,.F."
13231,ORIENTED_EDGE,"'',*,*,#18376,.F."
13232,ORIENTED_EDGE,"'',*,*,#18389,.T."
13233,ORIENTED_EDGE,"'',*,*,#18377,.F."
13234,ORIENTED_EDGE,"'',*,*,#16325,.F."
13235,ORIENTED_EDGE,"'',*,*,#18370,.F."
13236,ORIENTED_EDGE,"'',*,*,#18390,.T."
13237,ORIENTED_EDGE,"'',*,*,#18371,.F."
13238,ORIENTED_EDGE,"'',*,*,#16321,.F."
13239,ORIENTED_EDGE,"'',*,*,#18373,.F."
13240,ORIENTED_EDGE,"'',*,*,#18391,.T."
13241,ORIENTED_EDGE,"'',*,*,#18374,.F."
13242,ORIENTED_EDGE,"'',*,*,#16323,.F."
13243,ORIENTED_EDGE,"'',*,*,#18364,.F."
13244,ORIENTED_EDGE,"'',*,*,#18392,.T."
13245,ORIENTED_EDGE,"'',*,*,#18365,.F."
13246,ORIENTED_EDGE,"'',*,*,#16317,.F."
13247,ORIENTED_EDGE,"'',*,*,#18367,.F."
13248,ORIENTED_EDGE,"'',*,*,#18393,.T."
13249,ORIENTED_EDGE,"'',*,*,#18368,.F."
13250,ORIENTED_EDGE,"'',*,*,#16319,.F."
13251,ORIENTED_EDGE,"'',*,*,#18394,.T."
13252,ORIENTED_EDGE,"'',*,*,#18395,.T."
13253,ORIENTED_EDGE,"'',*,*,#16228,.F."
13254,ORIENTED_EDGE,"'',*,*,#18396,.T."
13255,ORIENTED_EDGE,"'',*,*,#18397,.T."
13256,ORIENTED_EDGE,"'',*,*,#18398,.T."
13257,ORIENTED_EDGE,"'',*,*,#18399,.T."
13258,ORIENTED_EDGE,"'',*,*,#18400,.T."
13259,ORIENTED_EDGE,"'',*,*,#18401,.T."
13260,ORIENTED_EDGE,"'',*,*,#18402,.T."
13261,ORIENTED_EDGE,"'',*,*,#18403,.T."
13262,ORIENTED_EDGE,"'',*,*,#18404,.T."
13263,ORIENTED_EDGE,"'',*,*,#18405,.T."
13264,ORIENTED_EDGE,"'',*,*,#18406,.T."
13265,ORIENTED_EDGE,"'',*,*,#18407,.T."
13266,ORIENTED_EDGE,"'',*,*,#16224,.F."
13267,ORIENTED_EDGE,"'',*,*,#18408,.T."
13268,ORIENTED_EDGE,"'',*,*,#16238,.F."
13269,ORIENTED_EDGE,"'',*,*,#16435,.F."
13270,ORIENTED_EDGE,"'',*,*,#16225,.F."
13271,ORIENTED_EDGE,"'',*,*,#18409,.T."
13272,ORIENTED_EDGE,"'',*,*,#18410,.T."
13273,ORIENTED_EDGE,"'',*,*,#18411,.T."
13274,ORIENTED_EDGE,"'',*,*,#18412,.T."
13275,ORIENTED_EDGE,"'',*,*,#18413,.T."
13276,ORIENTED_EDGE,"'',*,*,#18414,.T."
13277,ORIENTED_EDGE,"'',*,*,#18415,.T."
13278,ORIENTED_EDGE,"'',*,*,#18416,.T."
13279,ORIENTED_EDGE,"'',*,*,#18417,.T."
13280,ORIENTED_EDGE,"'',*,*,#16223,.F."
13281,ORIENTED_EDGE,"'',*,*,#18418,.T."
13282,ORIENTED_EDGE,"'',*,*,#18419,.T."
13283,ORIENTED_EDGE,"'',*,*,#18420,.T."
13284,ORIENTED_EDGE,"'',*,*,#18421,.T."
13285,ORIENTED_EDGE,"'',*,*,#18422,.T."
13286,ORIENTED_EDGE,"'',*,*,#18423,.T."
13287,ORIENTED_EDGE,"'',*,*,#18424,.T."
13288,ORIENTED_EDGE,"'',*,*,#18425,.T."
13289,ORIENTED_EDGE,"'',*,*,#18426,.T."
13290,ORIENTED_EDGE,"'',*,*,#18427,.T."
13291,ORIENTED_EDGE,"'',*,*,#18428,.T."
13292,ORIENTED_EDGE,"'',*,*,#18429,.T."
13293,ORIENTED_EDGE,"'',*,*,#18430,.T."
13294,ORIENTED_EDGE,"'',*,*,#18431,.T."
13295,ORIENTED_EDGE,"'',*,*,#18432,.T."
13296,ORIENTED_EDGE,"'',*,*,#18433,.T."
13297,ORIENTED_EDGE,"'',*,*,#18397,.F."
13298,ORIENTED_EDGE,"'',*,*,#16206,.F."
13299,ORIENTED_EDGE,"'',*,*,#18398,.F."
13300,ORIENTED_EDGE,"'',*,*,#16311,.F."
13301,ORIENTED_EDGE,"'',*,*,#18432,.F."
13302,ORIENTED_EDGE,"'',*,*,#16239,.F."
13303,ORIENTED_EDGE,"'',*,*,#18433,.F."
13304,ORIENTED_EDGE,"'',*,*,#16207,.F."
13305,ORIENTED_EDGE,"'',*,*,#18422,.F."
13306,ORIENTED_EDGE,"'',*,*,#16263,.F."
13307,ORIENTED_EDGE,"'',*,*,#18426,.F."
13308,ORIENTED_EDGE,"'',*,*,#16208,.F."
13309,ORIENTED_EDGE,"'',*,*,#18427,.F."
13310,ORIENTED_EDGE,"'',*,*,#16264,.F."
13311,ORIENTED_EDGE,"'',*,*,#18403,.F."
13312,ORIENTED_EDGE,"'',*,*,#16209,.F."
13313,ORIENTED_EDGE,"'',*,*,#18404,.F."
13314,ORIENTED_EDGE,"'',*,*,#16265,.F."
13315,ORIENTED_EDGE,"'',*,*,#18423,.F."
13316,ORIENTED_EDGE,"'',*,*,#16210,.F."
13317,ORIENTED_EDGE,"'',*,*,#18405,.F."
13318,ORIENTED_EDGE,"'',*,*,#16211,.F."
13319,ORIENTED_EDGE,"'',*,*,#18406,.F."
13320,ORIENTED_EDGE,"'',*,*,#16266,.F."
13321,ORIENTED_EDGE,"'',*,*,#18399,.F."
13322,ORIENTED_EDGE,"'',*,*,#16212,.F."
13323,ORIENTED_EDGE,"'',*,*,#18400,.F."
13324,ORIENTED_EDGE,"'',*,*,#16287,.F."
13325,ORIENTED_EDGE,"'',*,*,#18401,.F."
13326,ORIENTED_EDGE,"'',*,*,#16213,.F."
13327,ORIENTED_EDGE,"'',*,*,#18402,.F."
13328,ORIENTED_EDGE,"'',*,*,#16288,.F."
13329,ORIENTED_EDGE,"'',*,*,#18420,.F."
13330,ORIENTED_EDGE,"'',*,*,#16214,.F."
13331,ORIENTED_EDGE,"'',*,*,#18421,.F."
13332,ORIENTED_EDGE,"'',*,*,#16289,.F."
13333,ORIENTED_EDGE,"'',*,*,#18417,.F."
13334,ORIENTED_EDGE,"'',*,*,#16290,.F."
13335,ORIENTED_EDGE,"'',*,*,#18418,.F."
13336,ORIENTED_EDGE,"'',*,*,#16215,.F."
13337,ORIENTED_EDGE,"'',*,*,#18419,.F."
13338,ORIENTED_EDGE,"'',*,*,#16291,.F."
13339,ORIENTED_EDGE,"'',*,*,#18424,.F."
13340,ORIENTED_EDGE,"'',*,*,#16216,.F."
13341,ORIENTED_EDGE,"'',*,*,#18425,.F."
13342,ORIENTED_EDGE,"'',*,*,#16267,.F."
13343,ORIENTED_EDGE,"'',*,*,#18411,.F."
13344,ORIENTED_EDGE,"'',*,*,#16312,.F."
13345,ORIENTED_EDGE,"'',*,*,#18412,.F."
13346,ORIENTED_EDGE,"'',*,*,#16217,.F."
13347,ORIENTED_EDGE,"'',*,*,#18409,.F."
13348,ORIENTED_EDGE,"'',*,*,#16218,.F."
13349,ORIENTED_EDGE,"'',*,*,#18410,.F."
13350,ORIENTED_EDGE,"'',*,*,#16313,.F."
13351,ORIENTED_EDGE,"'',*,*,#18415,.F."
13352,ORIENTED_EDGE,"'',*,*,#16219,.F."
13353,ORIENTED_EDGE,"'',*,*,#18416,.F."
13354,ORIENTED_EDGE,"'',*,*,#16314,.F."
13355,ORIENTED_EDGE,"'',*,*,#18413,.F."
13356,ORIENTED_EDGE,"'',*,*,#16220,.F."
13357,ORIENTED_EDGE,"'',*,*,#18414,.F."
13358,ORIENTED_EDGE,"'',*,*,#16315,.F."
13359,ORIENTED_EDGE,"'',*,*,#18430,.F."
13360,ORIENTED_EDGE,"'',*,*,#16221,.F."
13361,ORIENTED_EDGE,"'',*,*,#18408,.F."
13362,ORIENTED_EDGE,"'',*,*,#16240,.F."
13363,ORIENTED_EDGE,"'',*,*,#18407,.F."
13364,ORIENTED_EDGE,"'',*,*,#16241,.F."
13365,ORIENTED_EDGE,"'',*,*,#18428,.F."
13366,ORIENTED_EDGE,"'',*,*,#16222,.F."
13367,ORIENTED_EDGE,"'',*,*,#18431,.F."
13368,ORIENTED_EDGE,"'',*,*,#16242,.F."
13369,ORIENTED_EDGE,"'',*,*,#18429,.F."
13370,ORIENTED_EDGE,"'',*,*,#16243,.F."
13371,ORIENTED_EDGE,"'',*,*,#18434,.F."
13372,ORIENTED_EDGE,"'',*,*,#18343,.F."
13373,ORIENTED_EDGE,"'',*,*,#18435,.F."
13374,ORIENTED_EDGE,"'',*,*,#16369,.F."
13375,ORIENTED_EDGE,"'',*,*,#18435,.T."
13376,ORIENTED_EDGE,"'',*,*,#18349,.F."
13377,ORIENTED_EDGE,"'',*,*,#18436,.F."
13378,ORIENTED_EDGE,"'',*,*,#16370,.F."
13379,ORIENTED_EDGE,"'',*,*,#18434,.T."
13380,ORIENTED_EDGE,"'',*,*,#16368,.F."
13381,ORIENTED_EDGE,"'',*,*,#18437,.F."
13382,ORIENTED_EDGE,"'',*,*,#18350,.F."
13383,ORIENTED_EDGE,"'',*,*,#18436,.T."
13384,ORIENTED_EDGE,"'',*,*,#18340,.F."
13385,ORIENTED_EDGE,"'',*,*,#18438,.F."
13386,ORIENTED_EDGE,"'',*,*,#16371,.F."
13387,ORIENTED_EDGE,"'',*,*,#18437,.T."
13388,ORIENTED_EDGE,"'',*,*,#16367,.F."
13389,ORIENTED_EDGE,"'',*,*,#18439,.F."
13390,ORIENTED_EDGE,"'',*,*,#18319,.F."
13391,ORIENTED_EDGE,"'',*,*,#18438,.T."
13392,ORIENTED_EDGE,"'',*,*,#18351,.F."
13393,ORIENTED_EDGE,"'',*,*,#18440,.F."
13394,ORIENTED_EDGE,"'',*,*,#16372,.F."
13395,ORIENTED_EDGE,"'',*,*,#18439,.T."
13396,ORIENTED_EDGE,"'',*,*,#16366,.F."
13397,ORIENTED_EDGE,"'',*,*,#18441,.F."
13398,ORIENTED_EDGE,"'',*,*,#18348,.F."
13399,ORIENTED_EDGE,"'',*,*,#18440,.T."
13400,ORIENTED_EDGE,"'',*,*,#18337,.F."
13401,ORIENTED_EDGE,"'',*,*,#18442,.F."
13402,ORIENTED_EDGE,"'',*,*,#16373,.F."
13403,ORIENTED_EDGE,"'',*,*,#18441,.T."
13404,ORIENTED_EDGE,"'',*,*,#16365,.F."
13405,ORIENTED_EDGE,"'',*,*,#18443,.F."
13406,ORIENTED_EDGE,"'',*,*,#18322,.F."
13407,ORIENTED_EDGE,"'',*,*,#18442,.T."
13408,ORIENTED_EDGE,"'',*,*,#18353,.F."
13409,ORIENTED_EDGE,"'',*,*,#18444,.F."
13410,ORIENTED_EDGE,"'',*,*,#16374,.F."
13411,ORIENTED_EDGE,"'',*,*,#18443,.T."
13412,ORIENTED_EDGE,"'',*,*,#16364,.F."
13413,ORIENTED_EDGE,"'',*,*,#18445,.F."
13414,ORIENTED_EDGE,"'',*,*,#18345,.F."
13415,ORIENTED_EDGE,"'',*,*,#18444,.T."
13416,ORIENTED_EDGE,"'',*,*,#18334,.F."
13417,ORIENTED_EDGE,"'',*,*,#18446,.F."
13418,ORIENTED_EDGE,"'',*,*,#16375,.F."
13419,ORIENTED_EDGE,"'',*,*,#18445,.T."
13420,ORIENTED_EDGE,"'',*,*,#16363,.F."
13421,ORIENTED_EDGE,"'',*,*,#18447,.F."
13422,ORIENTED_EDGE,"'',*,*,#18347,.F."
13423,ORIENTED_EDGE,"'',*,*,#18446,.T."
13424,ORIENTED_EDGE,"'',*,*,#18352,.F."
13425,ORIENTED_EDGE,"'',*,*,#18448,.F."
13426,ORIENTED_EDGE,"'',*,*,#16376,.F."
13427,ORIENTED_EDGE,"'',*,*,#18447,.T."
13428,ORIENTED_EDGE,"'',*,*,#16362,.F."
13429,ORIENTED_EDGE,"'',*,*,#18449,.F."
13430,ORIENTED_EDGE,"'',*,*,#18325,.F."
13431,ORIENTED_EDGE,"'',*,*,#18448,.T."
13432,ORIENTED_EDGE,"'',*,*,#18331,.F."
13433,ORIENTED_EDGE,"'',*,*,#18450,.F."
13434,ORIENTED_EDGE,"'',*,*,#16377,.F."
13435,ORIENTED_EDGE,"'',*,*,#18449,.T."
13436,ORIENTED_EDGE,"'',*,*,#16361,.F."
13437,ORIENTED_EDGE,"'',*,*,#18451,.F."
13438,ORIENTED_EDGE,"'',*,*,#18354,.F."
13439,ORIENTED_EDGE,"'',*,*,#18450,.T."
13440,ORIENTED_EDGE,"'',*,*,#18355,.F."
13441,ORIENTED_EDGE,"'',*,*,#18452,.F."
13442,ORIENTED_EDGE,"'',*,*,#16359,.F."
13443,ORIENTED_EDGE,"'',*,*,#18451,.T."
13444,ORIENTED_EDGE,"'',*,*,#16360,.F."
13445,ORIENTED_EDGE,"'',*,*,#18452,.T."
13446,ORIENTED_EDGE,"'',*,*,#18328,.F."
13447,ORIENTED_EDGE,"'',*,*,#18453,.F."
13448,ORIENTED_EDGE,"'',*,*,#18305,.F."
13449,ORIENTED_EDGE,"'',*,*,#18454,.F."
13450,ORIENTED_EDGE,"'',*,*,#16388,.F."
13451,ORIENTED_EDGE,"'',*,*,#18454,.T."
13452,ORIENTED_EDGE,"'',*,*,#18311,.F."
13453,ORIENTED_EDGE,"'',*,*,#18455,.F."
13454,ORIENTED_EDGE,"'',*,*,#16389,.F."
13455,ORIENTED_EDGE,"'',*,*,#18453,.T."
13456,ORIENTED_EDGE,"'',*,*,#16387,.F."
13457,ORIENTED_EDGE,"'',*,*,#18456,.F."
13458,ORIENTED_EDGE,"'',*,*,#18312,.F."
13459,ORIENTED_EDGE,"'',*,*,#18455,.T."
13460,ORIENTED_EDGE,"'',*,*,#18302,.F."
13461,ORIENTED_EDGE,"'',*,*,#18457,.F."
13462,ORIENTED_EDGE,"'',*,*,#16390,.F."
13463,ORIENTED_EDGE,"'',*,*,#18456,.T."
13464,ORIENTED_EDGE,"'',*,*,#16386,.F."
13465,ORIENTED_EDGE,"'',*,*,#18458,.F."
13466,ORIENTED_EDGE,"'',*,*,#18281,.F."
13467,ORIENTED_EDGE,"'',*,*,#18457,.T."
13468,ORIENTED_EDGE,"'',*,*,#18313,.F."
13469,ORIENTED_EDGE,"'',*,*,#18459,.F."
13470,ORIENTED_EDGE,"'',*,*,#16391,.F."
13471,ORIENTED_EDGE,"'',*,*,#18458,.T."
13472,ORIENTED_EDGE,"'',*,*,#16385,.F."
13473,ORIENTED_EDGE,"'',*,*,#18460,.F."
13474,ORIENTED_EDGE,"'',*,*,#18310,.F."
13475,ORIENTED_EDGE,"'',*,*,#18459,.T."
13476,ORIENTED_EDGE,"'',*,*,#18299,.F."
13477,ORIENTED_EDGE,"'',*,*,#18461,.F."
13478,ORIENTED_EDGE,"'',*,*,#16392,.F."
13479,ORIENTED_EDGE,"'',*,*,#18460,.T."
13480,ORIENTED_EDGE,"'',*,*,#16384,.F."
13481,ORIENTED_EDGE,"'',*,*,#18462,.F."
13482,ORIENTED_EDGE,"'',*,*,#18284,.F."
13483,ORIENTED_EDGE,"'',*,*,#18461,.T."
13484,ORIENTED_EDGE,"'',*,*,#18315,.F."
13485,ORIENTED_EDGE,"'',*,*,#18463,.F."
13486,ORIENTED_EDGE,"'',*,*,#16393,.F."
13487,ORIENTED_EDGE,"'',*,*,#18462,.T."
13488,ORIENTED_EDGE,"'',*,*,#16383,.F."
13489,ORIENTED_EDGE,"'',*,*,#18464,.F."
13490,ORIENTED_EDGE,"'',*,*,#18307,.F."
13491,ORIENTED_EDGE,"'',*,*,#18463,.T."
13492,ORIENTED_EDGE,"'',*,*,#18296,.F."
13493,ORIENTED_EDGE,"'',*,*,#18465,.F."
13494,ORIENTED_EDGE,"'',*,*,#16394,.F."
13495,ORIENTED_EDGE,"'',*,*,#18464,.T."
13496,ORIENTED_EDGE,"'',*,*,#16382,.F."
13497,ORIENTED_EDGE,"'',*,*,#18466,.F."
13498,ORIENTED_EDGE,"'',*,*,#18309,.F."
13499,ORIENTED_EDGE,"'',*,*,#18465,.T."
13500,ORIENTED_EDGE,"'',*,*,#18314,.F."
13501,ORIENTED_EDGE,"'',*,*,#18467,.F."
13502,ORIENTED_EDGE,"'',*,*,#16395,.F."
13503,ORIENTED_EDGE,"'',*,*,#18466,.T."
13504,ORIENTED_EDGE,"'',*,*,#16381,.F."
13505,ORIENTED_EDGE,"'',*,*,#18468,.F."
13506,ORIENTED_EDGE,"'',*,*,#18287,.F."
13507,ORIENTED_EDGE,"'',*,*,#18467,.T."
13508,ORIENTED_EDGE,"'',*,*,#18293,.F."
13509,ORIENTED_EDGE,"'',*,*,#18469,.F."
13510,ORIENTED_EDGE,"'',*,*,#16396,.F."
13511,ORIENTED_EDGE,"'',*,*,#18468,.T."
13512,ORIENTED_EDGE,"'',*,*,#16380,.F."
13513,ORIENTED_EDGE,"'',*,*,#18470,.F."
13514,ORIENTED_EDGE,"'',*,*,#18316,.F."
13515,ORIENTED_EDGE,"'',*,*,#18469,.T."
13516,ORIENTED_EDGE,"'',*,*,#18317,.F."
13517,ORIENTED_EDGE,"'',*,*,#18471,.F."
13518,ORIENTED_EDGE,"'',*,*,#16378,.F."
13519,ORIENTED_EDGE,"'',*,*,#18470,.T."
13520,ORIENTED_EDGE,"'',*,*,#16379,.F."
13521,ORIENTED_EDGE,"'',*,*,#18471,.T."
13522,ORIENTED_EDGE,"'',*,*,#18290,.F."
13523,ORIENTED_EDGE,"'',*,*,#18472,.F."
13524,ORIENTED_EDGE,"'',*,*,#18390,.F."
13525,ORIENTED_EDGE,"'',*,*,#18473,.F."
13526,ORIENTED_EDGE,"'',*,*,#16407,.F."
13527,ORIENTED_EDGE,"'',*,*,#18473,.T."
13528,ORIENTED_EDGE,"'',*,*,#18369,.F."
13529,ORIENTED_EDGE,"'',*,*,#18474,.F."
13530,ORIENTED_EDGE,"'',*,*,#16408,.F."
13531,ORIENTED_EDGE,"'',*,*,#18472,.T."
13532,ORIENTED_EDGE,"'',*,*,#16406,.F."
13533,ORIENTED_EDGE,"'',*,*,#18475,.F."
13534,ORIENTED_EDGE,"'',*,*,#18372,.F."
13535,ORIENTED_EDGE,"'',*,*,#18474,.T."
13536,ORIENTED_EDGE,"'',*,*,#18393,.F."
13537,ORIENTED_EDGE,"'',*,*,#18476,.F."
13538,ORIENTED_EDGE,"'',*,*,#16409,.F."
13539,ORIENTED_EDGE,"'',*,*,#18475,.T."
13540,ORIENTED_EDGE,"'',*,*,#16405,.F."
13541,ORIENTED_EDGE,"'',*,*,#18477,.F."
13542,ORIENTED_EDGE,"'',*,*,#18391,.F."
13543,ORIENTED_EDGE,"'',*,*,#18476,.T."
13544,ORIENTED_EDGE,"'',*,*,#18366,.F."
13545,ORIENTED_EDGE,"'',*,*,#18478,.F."
13546,ORIENTED_EDGE,"'',*,*,#16410,.F."
13547,ORIENTED_EDGE,"'',*,*,#18477,.T."
13548,ORIENTED_EDGE,"'',*,*,#16404,.F."
13549,ORIENTED_EDGE,"'',*,*,#18479,.F."
13550,ORIENTED_EDGE,"'',*,*,#18375,.F."
13551,ORIENTED_EDGE,"'',*,*,#18478,.T."
13552,ORIENTED_EDGE,"'',*,*,#18392,.F."
13553,ORIENTED_EDGE,"'',*,*,#18480,.F."
13554,ORIENTED_EDGE,"'',*,*,#16411,.F."
13555,ORIENTED_EDGE,"'',*,*,#18479,.T."
13556,ORIENTED_EDGE,"'',*,*,#16403,.F."
13557,ORIENTED_EDGE,"'',*,*,#18481,.F."
13558,ORIENTED_EDGE,"'',*,*,#18389,.F."
13559,ORIENTED_EDGE,"'',*,*,#18480,.T."
13560,ORIENTED_EDGE,"'',*,*,#18363,.F."
13561,ORIENTED_EDGE,"'',*,*,#18482,.F."
13562,ORIENTED_EDGE,"'',*,*,#16412,.F."
13563,ORIENTED_EDGE,"'',*,*,#18481,.T."
13564,ORIENTED_EDGE,"'',*,*,#16402,.F."
13565,ORIENTED_EDGE,"'',*,*,#18483,.F."
13566,ORIENTED_EDGE,"'',*,*,#18378,.F."
13567,ORIENTED_EDGE,"'',*,*,#18482,.T."
13568,ORIENTED_EDGE,"'',*,*,#18385,.F."
13569,ORIENTED_EDGE,"'',*,*,#18484,.F."
13570,ORIENTED_EDGE,"'',*,*,#16413,.F."
13571,ORIENTED_EDGE,"'',*,*,#18483,.T."
13572,ORIENTED_EDGE,"'',*,*,#16401,.F."
13573,ORIENTED_EDGE,"'',*,*,#18485,.F."
13574,ORIENTED_EDGE,"'',*,*,#18387,.F."
13575,ORIENTED_EDGE,"'',*,*,#18484,.T."
13576,ORIENTED_EDGE,"'',*,*,#18383,.F."
13577,ORIENTED_EDGE,"'',*,*,#18486,.F."
13578,ORIENTED_EDGE,"'',*,*,#16414,.F."
13579,ORIENTED_EDGE,"'',*,*,#18485,.T."
13580,ORIENTED_EDGE,"'',*,*,#16400,.F."
13581,ORIENTED_EDGE,"'',*,*,#18487,.F."
13582,ORIENTED_EDGE,"'',*,*,#18381,.F."
13583,ORIENTED_EDGE,"'',*,*,#18486,.T."
13584,ORIENTED_EDGE,"'',*,*,#18360,.F."
13585,ORIENTED_EDGE,"'',*,*,#18488,.F."
13586,ORIENTED_EDGE,"'',*,*,#16415,.F."
13587,ORIENTED_EDGE,"'',*,*,#18487,.T."
13588,ORIENTED_EDGE,"'',*,*,#16399,.F."
13589,ORIENTED_EDGE,"'',*,*,#18489,.F."
13590,ORIENTED_EDGE,"'',*,*,#18388,.F."
13591,ORIENTED_EDGE,"'',*,*,#18488,.T."
13592,ORIENTED_EDGE,"'',*,*,#18386,.F."
13593,ORIENTED_EDGE,"'',*,*,#18490,.F."
13594,ORIENTED_EDGE,"'',*,*,#16397,.F."
13595,ORIENTED_EDGE,"'',*,*,#18489,.T."
13596,ORIENTED_EDGE,"'',*,*,#16398,.F."
13597,ORIENTED_EDGE,"'',*,*,#18490,.T."
13598,ORIENTED_EDGE,"'',*,*,#18357,.F."
13599,ORIENTED_EDGE,"'',*,*,#18491,.F."
13600,ORIENTED_EDGE,"'',*,*,#16426,.F."
13601,ORIENTED_EDGE,"'',*,*,#18492,.F."
13602,ORIENTED_EDGE,"'',*,*,#18263,.F."
13603,ORIENTED_EDGE,"'',*,*,#18492,.T."
13604,ORIENTED_EDGE,"'',*,*,#16425,.F."
13605,ORIENTED_EDGE,"'',*,*,#18493,.F."
13606,ORIENTED_EDGE,"'',*,*,#18272,.F."
13607,ORIENTED_EDGE,"'',*,*,#18491,.T."
13608,ORIENTED_EDGE,"'',*,*,#18274,.F."
13609,ORIENTED_EDGE,"'',*,*,#18494,.F."
13610,ORIENTED_EDGE,"'',*,*,#16427,.F."
13611,ORIENTED_EDGE,"'',*,*,#18493,.T."
13612,ORIENTED_EDGE,"'',*,*,#16424,.F."
13613,ORIENTED_EDGE,"'',*,*,#18495,.F."
13614,ORIENTED_EDGE,"'',*,*,#18266,.F."
13615,ORIENTED_EDGE,"'',*,*,#18494,.T."
13616,ORIENTED_EDGE,"'',*,*,#18260,.F."
13617,ORIENTED_EDGE,"'',*,*,#18496,.F."
13618,ORIENTED_EDGE,"'',*,*,#16428,.F."
13619,ORIENTED_EDGE,"'',*,*,#18495,.T."
13620,ORIENTED_EDGE,"'',*,*,#16423,.F."
13621,ORIENTED_EDGE,"'',*,*,#18497,.F."
13622,ORIENTED_EDGE,"'',*,*,#18273,.F."
13623,ORIENTED_EDGE,"'',*,*,#18496,.T."
13624,ORIENTED_EDGE,"'',*,*,#18276,.F."
13625,ORIENTED_EDGE,"'',*,*,#18498,.F."
13626,ORIENTED_EDGE,"'',*,*,#16429,.F."
13627,ORIENTED_EDGE,"'',*,*,#18497,.T."
13628,ORIENTED_EDGE,"'',*,*,#16422,.F."
13629,ORIENTED_EDGE,"'',*,*,#18499,.F."
13630,ORIENTED_EDGE,"'',*,*,#18242,.F."
13631,ORIENTED_EDGE,"'',*,*,#18498,.T."
13632,ORIENTED_EDGE,"'',*,*,#18257,.F."
13633,ORIENTED_EDGE,"'',*,*,#18500,.F."
13634,ORIENTED_EDGE,"'',*,*,#16430,.F."
13635,ORIENTED_EDGE,"'',*,*,#18499,.T."
13636,ORIENTED_EDGE,"'',*,*,#16421,.F."
13637,ORIENTED_EDGE,"'',*,*,#18501,.F."
13638,ORIENTED_EDGE,"'',*,*,#18271,.F."
13639,ORIENTED_EDGE,"'',*,*,#18500,.T."
13640,ORIENTED_EDGE,"'',*,*,#18275,.F."
13641,ORIENTED_EDGE,"'',*,*,#18502,.F."
13642,ORIENTED_EDGE,"'',*,*,#16431,.F."
13643,ORIENTED_EDGE,"'',*,*,#18501,.T."
13644,ORIENTED_EDGE,"'',*,*,#16420,.F."
13645,ORIENTED_EDGE,"'',*,*,#18503,.F."
13646,ORIENTED_EDGE,"'',*,*,#18245,.F."
13647,ORIENTED_EDGE,"'',*,*,#18502,.T."
13648,ORIENTED_EDGE,"'',*,*,#18254,.F."
13649,ORIENTED_EDGE,"'',*,*,#18504,.F."
13650,ORIENTED_EDGE,"'',*,*,#16432,.F."
13651,ORIENTED_EDGE,"'',*,*,#18503,.T."
13652,ORIENTED_EDGE,"'',*,*,#16419,.F."
13653,ORIENTED_EDGE,"'',*,*,#18505,.F."
13654,ORIENTED_EDGE,"'',*,*,#18268,.F."
13655,ORIENTED_EDGE,"'',*,*,#18504,.T."
13656,ORIENTED_EDGE,"'',*,*,#18279,.F."
13657,ORIENTED_EDGE,"'',*,*,#18506,.F."
13658,ORIENTED_EDGE,"'',*,*,#16433,.F."
13659,ORIENTED_EDGE,"'',*,*,#18505,.T."
13660,ORIENTED_EDGE,"'',*,*,#16418,.F."
13661,ORIENTED_EDGE,"'',*,*,#18507,.F."
13662,ORIENTED_EDGE,"'',*,*,#18270,.F."
13663,ORIENTED_EDGE,"'',*,*,#18506,.T."
13664,ORIENTED_EDGE,"'',*,*,#18251,.F."
13665,ORIENTED_EDGE,"'',*,*,#18508,.F."
13666,ORIENTED_EDGE,"'',*,*,#16434,.F."
13667,ORIENTED_EDGE,"'',*,*,#18507,.T."
13668,ORIENTED_EDGE,"'',*,*,#16417,.F."
13669,ORIENTED_EDGE,"'',*,*,#18509,.F."
13670,ORIENTED_EDGE,"'',*,*,#18248,.F."
13671,ORIENTED_EDGE,"'',*,*,#18278,.F."
13672,ORIENTED_EDGE,"'',*,*,#18234,.F."
13673,ORIENTED_EDGE,"'',*,*,#18238,.F."
13674,ORIENTED_EDGE,"'',*,*,#18277,.F."
13675,ORIENTED_EDGE,"'',*,*,#18509,.T."
13676,ORIENTED_EDGE,"'',*,*,#16416,.F."
13677,ORIENTED_EDGE,"'',*,*,#18508,.T."
13678,ORIENTED_EDGE,"'',*,*,#16605,.F."
13679,ORIENTED_EDGE,"'',*,*,#16974,.F."
13680,ORIENTED_EDGE,"'',*,*,#16606,.F."
13681,ORIENTED_EDGE,"'',*,*,#17039,.F."
13682,ORIENTED_EDGE,"'',*,*,#18510,.T."
13683,ORIENTED_EDGE,"'',*,*,#18511,.T."
13684,ORIENTED_EDGE,"'',*,*,#18512,.T."
13685,ORIENTED_EDGE,"'',*,*,#18513,.T."
13686,ORIENTED_EDGE,"'',*,*,#18514,.T."
13687,ORIENTED_EDGE,"'',*,*,#18513,.F."
13688,ORIENTED_EDGE,"'',*,*,#18512,.F."
13689,ORIENTED_EDGE,"'',*,*,#18511,.F."
13690,ORIENTED_EDGE,"'',*,*,#16358,.T."
13691,ORIENTED_EDGE,"'',*,*,#18514,.F."
13692,ORIENTED_EDGE,"'',*,*,#16205,.T."
13693,ORIENTED_EDGE,"'',*,*,#18510,.F."
13694,ORIENTED_EDGE,"'',*,*,#18515,.T."
13695,ORIENTED_EDGE,"'',*,*,#18516,.T."
13696,ORIENTED_EDGE,"'',*,*,#18517,.T."
13697,ORIENTED_EDGE,"'',*,*,#18518,.T."
13698,ORIENTED_EDGE,"'',*,*,#18519,.T."
13699,ORIENTED_EDGE,"'',*,*,#18518,.F."
13700,ORIENTED_EDGE,"'',*,*,#18517,.F."
13701,ORIENTED_EDGE,"'',*,*,#18516,.F."
13702,ORIENTED_EDGE,"'',*,*,#16357,.T."
13703,ORIENTED_EDGE,"'',*,*,#18519,.F."
13704,ORIENTED_EDGE,"'',*,*,#16204,.T."
13705,ORIENTED_EDGE,"'',*,*,#18515,.F."
13706,ORIENTED_EDGE,"'',*,*,#18520,.T."
13707,ORIENTED_EDGE,"'',*,*,#18521,.T."
13708,ORIENTED_EDGE,"'',*,*,#18522,.T."
13709,ORIENTED_EDGE,"'',*,*,#18523,.T."
13710,ORIENTED_EDGE,"'',*,*,#18524,.T."
13711,ORIENTED_EDGE,"'',*,*,#18523,.F."
13712,ORIENTED_EDGE,"'',*,*,#18522,.F."
13713,ORIENTED_EDGE,"'',*,*,#18521,.F."
13714,ORIENTED_EDGE,"'',*,*,#16356,.T."
13715,ORIENTED_EDGE,"'',*,*,#18524,.F."
13716,ORIENTED_EDGE,"'',*,*,#16203,.T."
13717,ORIENTED_EDGE,"'',*,*,#18520,.F."
13718,ORIENTED_EDGE,"'',*,*,#18525,.T."
13719,ORIENTED_EDGE,"'',*,*,#18526,.T."
13720,ORIENTED_EDGE,"'',*,*,#18527,.T."
13721,ORIENTED_EDGE,"'',*,*,#18528,.T."
13722,ORIENTED_EDGE,"'',*,*,#18529,.T."
13723,ORIENTED_EDGE,"'',*,*,#18528,.F."
13724,ORIENTED_EDGE,"'',*,*,#18527,.F."
13725,ORIENTED_EDGE,"'',*,*,#18526,.F."
13726,ORIENTED_EDGE,"'',*,*,#16355,.T."
13727,ORIENTED_EDGE,"'',*,*,#18529,.F."
13728,ORIENTED_EDGE,"'',*,*,#16202,.T."
13729,ORIENTED_EDGE,"'',*,*,#18525,.F."
13730,ORIENTED_EDGE,"'',*,*,#18203,.T."
13731,ORIENTED_EDGE,"'',*,*,#18530,.F."
13732,ORIENTED_EDGE,"'',*,*,#18531,.T."
13733,ORIENTED_EDGE,"'',*,*,#18530,.T."
13734,ORIENTED_EDGE,"'',*,*,#18531,.F."
13735,ORIENTED_EDGE,"'',*,*,#18215,.T."
13736,ORIENTED_EDGE,"'',*,*,#18532,.F."
13737,ORIENTED_EDGE,"'',*,*,#18533,.T."
13738,ORIENTED_EDGE,"'',*,*,#18532,.T."
13739,ORIENTED_EDGE,"'',*,*,#18533,.F."
13740,ORIENTED_EDGE,"'',*,*,#18202,.T."
13741,ORIENTED_EDGE,"'',*,*,#18534,.F."
13742,ORIENTED_EDGE,"'',*,*,#18535,.T."
13743,ORIENTED_EDGE,"'',*,*,#18534,.T."
13744,ORIENTED_EDGE,"'',*,*,#18535,.F."
13745,ORIENTED_EDGE,"'',*,*,#18214,.T."
13746,ORIENTED_EDGE,"'',*,*,#18536,.F."
13747,ORIENTED_EDGE,"'',*,*,#18537,.T."
13748,ORIENTED_EDGE,"'',*,*,#18536,.T."
13749,ORIENTED_EDGE,"'',*,*,#18537,.F."
13750,ORIENTED_EDGE,"'',*,*,#18173,.T."
13751,ORIENTED_EDGE,"'',*,*,#18538,.F."
13752,ORIENTED_EDGE,"'',*,*,#18539,.T."
13753,ORIENTED_EDGE,"'',*,*,#18538,.T."
13754,ORIENTED_EDGE,"'',*,*,#18539,.F."
13755,ORIENTED_EDGE,"'',*,*,#18161,.T."
13756,ORIENTED_EDGE,"'',*,*,#18540,.F."
13757,ORIENTED_EDGE,"'',*,*,#18541,.T."
13758,ORIENTED_EDGE,"'',*,*,#18540,.T."
13759,ORIENTED_EDGE,"'',*,*,#18541,.F."
13760,ORIENTED_EDGE,"'',*,*,#18172,.T."
13761,ORIENTED_EDGE,"'',*,*,#18542,.F."
13762,ORIENTED_EDGE,"'',*,*,#18543,.T."
13763,ORIENTED_EDGE,"'',*,*,#18542,.T."
13764,ORIENTED_EDGE,"'',*,*,#18543,.F."
13765,ORIENTED_EDGE,"'',*,*,#18160,.T."
13766,ORIENTED_EDGE,"'',*,*,#18544,.F."
13767,ORIENTED_EDGE,"'',*,*,#18545,.T."
13768,ORIENTED_EDGE,"'',*,*,#18544,.T."
13769,ORIENTED_EDGE,"'',*,*,#18545,.F."
13770,ORIENTED_EDGE,"'',*,*,#18546,.T."
13771,ORIENTED_EDGE,"'',*,*,#18547,.T."
13772,ORIENTED_EDGE,"'',*,*,#18548,.T."
13773,ORIENTED_EDGE,"'',*,*,#18549,.T."
13774,ORIENTED_EDGE,"'',*,*,#18550,.T."
13775,ORIENTED_EDGE,"'',*,*,#18551,.T."
13776,ORIENTED_EDGE,"'',*,*,#18552,.T."
13777,ORIENTED_EDGE,"'',*,*,#18553,.T."
13778,ORIENTED_EDGE,"'',*,*,#18554,.T."
13779,ORIENTED_EDGE,"'',*,*,#18555,.T."
13780,ORIENTED_EDGE,"'',*,*,#18556,.T."
13781,ORIENTED_EDGE,"'',*,*,#18557,.T."
13782,ORIENTED_EDGE,"'',*,*,#18558,.T."
13783,ORIENTED_EDGE,"'',*,*,#18559,.T."
13784,ORIENTED_EDGE,"'',*,*,#18560,.T."
13785,ORIENTED_EDGE,"'',*,*,#18561,.T."
13786,ORIENTED_EDGE,"'',*,*,#18562,.T."
13787,ORIENTED_EDGE,"'',*,*,#18563,.T."
13788,ORIENTED_EDGE,"'',*,*,#18564,.T."
13789,ORIENTED_EDGE,"'',*,*,#18565,.T."
13790,ORIENTED_EDGE,"'',*,*,#18566,.T."
13791,ORIENTED_EDGE,"'',*,*,#18567,.T."
13792,ORIENTED_EDGE,"'',*,*,#18568,.T."
13793,ORIENTED_EDGE,"'',*,*,#18569,.T."
13794,ORIENTED_EDGE,"'',*,*,#18570,.F."
13795,ORIENTED_EDGE,"'',*,*,#18571,.F."
13796,ORIENTED_EDGE,"'',*,*,#18572,.F."
13797,ORIENTED_EDGE,"'',*,*,#18573,.F."
13798,ORIENTED_EDGE,"'',*,*,#18549,.F."
13799,ORIENTED_EDGE,"'',*,*,#18574,.T."
13800,ORIENTED_EDGE,"'',*,*,#18553,.F."
13801,ORIENTED_EDGE,"'',*,*,#18575,.T."
13802,ORIENTED_EDGE,"'',*,*,#18557,.F."
13803,ORIENTED_EDGE,"'',*,*,#18576,.T."
13804,ORIENTED_EDGE,"'',*,*,#18561,.F."
13805,ORIENTED_EDGE,"'',*,*,#18577,.T."
13806,ORIENTED_EDGE,"'',*,*,#18578,.T."
13807,ORIENTED_EDGE,"'',*,*,#18579,.T."
13808,ORIENTED_EDGE,"'',*,*,#18580,.T."
13809,ORIENTED_EDGE,"'',*,*,#18581,.T."
13810,ORIENTED_EDGE,"'',*,*,#18582,.T."
13811,ORIENTED_EDGE,"'',*,*,#18583,.T."
13812,ORIENTED_EDGE,"'',*,*,#18584,.T."
13813,ORIENTED_EDGE,"'',*,*,#18585,.T."
13814,ORIENTED_EDGE,"'',*,*,#18586,.T."
13815,ORIENTED_EDGE,"'',*,*,#18587,.T."
13816,ORIENTED_EDGE,"'',*,*,#18588,.T."
13817,ORIENTED_EDGE,"'',*,*,#18589,.T."
13818,ORIENTED_EDGE,"'',*,*,#18590,.T."
13819,ORIENTED_EDGE,"'',*,*,#18591,.T."
13820,ORIENTED_EDGE,"'',*,*,#18592,.T."
13821,ORIENTED_EDGE,"'',*,*,#18593,.T."
13822,ORIENTED_EDGE,"'',*,*,#18581,.F."
13823,ORIENTED_EDGE,"'',*,*,#18594,.T."
13824,ORIENTED_EDGE,"'',*,*,#18585,.F."
13825,ORIENTED_EDGE,"'',*,*,#18595,.T."
13826,ORIENTED_EDGE,"'',*,*,#18589,.F."
13827,ORIENTED_EDGE,"'',*,*,#18596,.T."
13828,ORIENTED_EDGE,"'',*,*,#18593,.F."
13829,ORIENTED_EDGE,"'',*,*,#18597,.T."
13830,ORIENTED_EDGE,"'',*,*,#18598,.T."
13831,ORIENTED_EDGE,"'',*,*,#18599,.T."
13832,ORIENTED_EDGE,"'',*,*,#18600,.T."
13833,ORIENTED_EDGE,"'',*,*,#18601,.T."
13834,ORIENTED_EDGE,"'',*,*,#18602,.T."
13835,ORIENTED_EDGE,"'',*,*,#18603,.T."
13836,ORIENTED_EDGE,"'',*,*,#18604,.T."
13837,ORIENTED_EDGE,"'',*,*,#18605,.T."
13838,ORIENTED_EDGE,"'',*,*,#18606,.F."
13839,ORIENTED_EDGE,"'',*,*,#18607,.F."
13840,ORIENTED_EDGE,"'',*,*,#18608,.F."
13841,ORIENTED_EDGE,"'',*,*,#18609,.F."
13842,ORIENTED_EDGE,"'',*,*,#18610,.F."
13843,ORIENTED_EDGE,"'',*,*,#18611,.T."
13844,ORIENTED_EDGE,"'',*,*,#18612,.F."
13845,ORIENTED_EDGE,"'',*,*,#18613,.T."
13846,ORIENTED_EDGE,"'',*,*,#18614,.F."
13847,ORIENTED_EDGE,"'',*,*,#18615,.T."
13848,ORIENTED_EDGE,"'',*,*,#18616,.F."
13849,ORIENTED_EDGE,"'',*,*,#18617,.T."
13850,ORIENTED_EDGE,"'',*,*,#18618,.T."
13851,ORIENTED_EDGE,"'',*,*,#18619,.T."
13852,ORIENTED_EDGE,"'',*,*,#18620,.T."
13853,ORIENTED_EDGE,"'',*,*,#18614,.T."
13854,ORIENTED_EDGE,"'',*,*,#18621,.T."
13855,ORIENTED_EDGE,"'',*,*,#18622,.T."
13856,ORIENTED_EDGE,"'',*,*,#18623,.T."
13857,ORIENTED_EDGE,"'',*,*,#18616,.T."
13858,ORIENTED_EDGE,"'',*,*,#18624,.T."
13859,ORIENTED_EDGE,"'',*,*,#18625,.T."
13860,ORIENTED_EDGE,"'',*,*,#18626,.T."
13861,ORIENTED_EDGE,"'',*,*,#18610,.T."
13862,ORIENTED_EDGE,"'',*,*,#18627,.T."
13863,ORIENTED_EDGE,"'',*,*,#18628,.T."
13864,ORIENTED_EDGE,"'',*,*,#18629,.T."
13865,ORIENTED_EDGE,"'',*,*,#18612,.T."
13866,ORIENTED_EDGE,"'',*,*,#18630,.F."
13867,ORIENTED_EDGE,"'',*,*,#18631,.T."
13868,ORIENTED_EDGE,"'',*,*,#18632,.F."
13869,ORIENTED_EDGE,"'',*,*,#18633,.T."
13870,ORIENTED_EDGE,"'',*,*,#18634,.F."
13871,ORIENTED_EDGE,"'',*,*,#18635,.T."
13872,ORIENTED_EDGE,"'',*,*,#18636,.F."
13873,ORIENTED_EDGE,"'',*,*,#18637,.T."
13874,ORIENTED_EDGE,"'',*,*,#18638,.T."
13875,ORIENTED_EDGE,"'',*,*,#18639,.T."
13876,ORIENTED_EDGE,"'',*,*,#18640,.T."
13877,ORIENTED_EDGE,"'',*,*,#18632,.T."
13878,ORIENTED_EDGE,"'',*,*,#18641,.T."
13879,ORIENTED_EDGE,"'',*,*,#18642,.T."
13880,ORIENTED_EDGE,"'',*,*,#18643,.T."
13881,ORIENTED_EDGE,"'',*,*,#18630,.T."
13882,ORIENTED_EDGE,"'',*,*,#18644,.T."
13883,ORIENTED_EDGE,"'',*,*,#18645,.T."
13884,ORIENTED_EDGE,"'',*,*,#18646,.T."
13885,ORIENTED_EDGE,"'',*,*,#18636,.T."
13886,ORIENTED_EDGE,"'',*,*,#18647,.T."
13887,ORIENTED_EDGE,"'',*,*,#18648,.T."
13888,ORIENTED_EDGE,"'',*,*,#18649,.T."
13889,ORIENTED_EDGE,"'',*,*,#18634,.T."
13890,ORIENTED_EDGE,"'',*,*,#18643,.F."
13891,ORIENTED_EDGE,"'',*,*,#18650,.T."
13892,ORIENTED_EDGE,"'',*,*,#18638,.F."
13893,ORIENTED_EDGE,"'',*,*,#18631,.F."
13894,ORIENTED_EDGE,"'',*,*,#18646,.F."
13895,ORIENTED_EDGE,"'',*,*,#18651,.T."
13896,ORIENTED_EDGE,"'',*,*,#18641,.F."
13897,ORIENTED_EDGE,"'',*,*,#18637,.F."
13898,ORIENTED_EDGE,"'',*,*,#18649,.F."
13899,ORIENTED_EDGE,"'',*,*,#18652,.T."
13900,ORIENTED_EDGE,"'',*,*,#18644,.F."
13901,ORIENTED_EDGE,"'',*,*,#18635,.F."
13902,ORIENTED_EDGE,"'',*,*,#18640,.F."
13903,ORIENTED_EDGE,"'',*,*,#18653,.T."
13904,ORIENTED_EDGE,"'',*,*,#18647,.F."
13905,ORIENTED_EDGE,"'',*,*,#18633,.F."
13906,ORIENTED_EDGE,"'',*,*,#18580,.F."
13907,ORIENTED_EDGE,"'',*,*,#18654,.T."
13908,ORIENTED_EDGE,"'',*,*,#18582,.F."
13909,ORIENTED_EDGE,"'',*,*,#18594,.F."
13910,ORIENTED_EDGE,"'',*,*,#18584,.F."
13911,ORIENTED_EDGE,"'',*,*,#18655,.T."
13912,ORIENTED_EDGE,"'',*,*,#18586,.F."
13913,ORIENTED_EDGE,"'',*,*,#18595,.F."
13914,ORIENTED_EDGE,"'',*,*,#18592,.F."
13915,ORIENTED_EDGE,"'',*,*,#18656,.T."
13916,ORIENTED_EDGE,"'',*,*,#18578,.F."
13917,ORIENTED_EDGE,"'',*,*,#18597,.F."
13918,ORIENTED_EDGE,"'',*,*,#18588,.F."
13919,ORIENTED_EDGE,"'',*,*,#18657,.T."
13920,ORIENTED_EDGE,"'',*,*,#18590,.F."
13921,ORIENTED_EDGE,"'',*,*,#18596,.F."
13922,ORIENTED_EDGE,"'',*,*,#18609,.T."
13923,ORIENTED_EDGE,"'',*,*,#18658,.F."
13924,ORIENTED_EDGE,"'',*,*,#18659,.T."
13925,ORIENTED_EDGE,"'',*,*,#18658,.T."
13926,ORIENTED_EDGE,"'',*,*,#18659,.F."
13927,ORIENTED_EDGE,"'',*,*,#18608,.T."
13928,ORIENTED_EDGE,"'',*,*,#18660,.F."
13929,ORIENTED_EDGE,"'',*,*,#18661,.T."
13930,ORIENTED_EDGE,"'',*,*,#18660,.T."
13931,ORIENTED_EDGE,"'',*,*,#18661,.F."
13932,ORIENTED_EDGE,"'',*,*,#18607,.T."
13933,ORIENTED_EDGE,"'',*,*,#18662,.F."
13934,ORIENTED_EDGE,"'',*,*,#18663,.T."
13935,ORIENTED_EDGE,"'',*,*,#18662,.T."
13936,ORIENTED_EDGE,"'',*,*,#18663,.F."
13937,ORIENTED_EDGE,"'',*,*,#18606,.T."
13938,ORIENTED_EDGE,"'',*,*,#18664,.F."
13939,ORIENTED_EDGE,"'',*,*,#18665,.T."
13940,ORIENTED_EDGE,"'',*,*,#18664,.T."
13941,ORIENTED_EDGE,"'',*,*,#18665,.F."
13942,ORIENTED_EDGE,"'',*,*,#18626,.F."
13943,ORIENTED_EDGE,"'',*,*,#18666,.T."
13944,ORIENTED_EDGE,"'',*,*,#18627,.F."
13945,ORIENTED_EDGE,"'',*,*,#18611,.F."
13946,ORIENTED_EDGE,"'',*,*,#18629,.F."
13947,ORIENTED_EDGE,"'',*,*,#18667,.T."
13948,ORIENTED_EDGE,"'',*,*,#18618,.F."
13949,ORIENTED_EDGE,"'',*,*,#18613,.F."
13950,ORIENTED_EDGE,"'',*,*,#18623,.F."
13951,ORIENTED_EDGE,"'',*,*,#18668,.T."
13952,ORIENTED_EDGE,"'',*,*,#18624,.F."
13953,ORIENTED_EDGE,"'',*,*,#18617,.F."
13954,ORIENTED_EDGE,"'',*,*,#18620,.F."
13955,ORIENTED_EDGE,"'',*,*,#18669,.T."
13956,ORIENTED_EDGE,"'',*,*,#18621,.F."
13957,ORIENTED_EDGE,"'',*,*,#18615,.F."
13958,ORIENTED_EDGE,"'',*,*,#18548,.F."
13959,ORIENTED_EDGE,"'',*,*,#18670,.T."
13960,ORIENTED_EDGE,"'',*,*,#18550,.F."
13961,ORIENTED_EDGE,"'',*,*,#18574,.F."
13962,ORIENTED_EDGE,"'',*,*,#18552,.F."
13963,ORIENTED_EDGE,"'',*,*,#18671,.T."
13964,ORIENTED_EDGE,"'',*,*,#18554,.F."
13965,ORIENTED_EDGE,"'',*,*,#18575,.F."
13966,ORIENTED_EDGE,"'',*,*,#18560,.F."
13967,ORIENTED_EDGE,"'',*,*,#18672,.T."
13968,ORIENTED_EDGE,"'',*,*,#18546,.F."
13969,ORIENTED_EDGE,"'',*,*,#18577,.F."
13970,ORIENTED_EDGE,"'',*,*,#18556,.F."
13971,ORIENTED_EDGE,"'',*,*,#18673,.T."
13972,ORIENTED_EDGE,"'',*,*,#18558,.F."
13973,ORIENTED_EDGE,"'',*,*,#18576,.F."
13974,ORIENTED_EDGE,"'',*,*,#18573,.T."
13975,ORIENTED_EDGE,"'',*,*,#18674,.F."
13976,ORIENTED_EDGE,"'',*,*,#18675,.T."
13977,ORIENTED_EDGE,"'',*,*,#18674,.T."
13978,ORIENTED_EDGE,"'',*,*,#18675,.F."
13979,ORIENTED_EDGE,"'',*,*,#18572,.T."
13980,ORIENTED_EDGE,"'',*,*,#18676,.F."
13981,ORIENTED_EDGE,"'',*,*,#18677,.T."
13982,ORIENTED_EDGE,"'',*,*,#18676,.T."
13983,ORIENTED_EDGE,"'',*,*,#18677,.F."
13984,ORIENTED_EDGE,"'',*,*,#18571,.T."
13985,ORIENTED_EDGE,"'',*,*,#18678,.F."
13986,ORIENTED_EDGE,"'',*,*,#18679,.T."
13987,ORIENTED_EDGE,"'',*,*,#18678,.T."
13988,ORIENTED_EDGE,"'',*,*,#18679,.F."
13989,ORIENTED_EDGE,"'',*,*,#18570,.T."
13990,ORIENTED_EDGE,"'',*,*,#18680,.F."
13991,ORIENTED_EDGE,"'',*,*,#18681,.T."
13992,ORIENTED_EDGE,"'',*,*,#18680,.T."
13993,ORIENTED_EDGE,"'',*,*,#18681,.F."
13994,ORIENTED_EDGE,"'',*,*,#18682,.F."
13995,ORIENTED_EDGE,"'',*,*,#18651,.F."
13996,ORIENTED_EDGE,"'',*,*,#18683,.F."
13997,ORIENTED_EDGE,"'',*,*,#18603,.F."
13998,ORIENTED_EDGE,"'',*,*,#18683,.T."
13999,ORIENTED_EDGE,"'',*,*,#18645,.F."
14000,ORIENTED_EDGE,"'',*,*,#18684,.F."
14001,ORIENTED_EDGE,"'',*,*,#18604,.F."
14002,ORIENTED_EDGE,"'',*,*,#18682,.T."
14003,ORIENTED_EDGE,"'',*,*,#18602,.F."
14004,ORIENTED_EDGE,"'',*,*,#18685,.F."
14005,ORIENTED_EDGE,"'',*,*,#18642,.F."
14006,ORIENTED_EDGE,"'',*,*,#18684,.T."
14007,ORIENTED_EDGE,"'',*,*,#18652,.F."
14008,ORIENTED_EDGE,"'',*,*,#18686,.F."
14009,ORIENTED_EDGE,"'',*,*,#18605,.F."
14010,ORIENTED_EDGE,"'',*,*,#18685,.T."
14011,ORIENTED_EDGE,"'',*,*,#18601,.F."
14012,ORIENTED_EDGE,"'',*,*,#18687,.F."
14013,ORIENTED_EDGE,"'',*,*,#18650,.F."
14014,ORIENTED_EDGE,"'',*,*,#18686,.T."
14015,ORIENTED_EDGE,"'',*,*,#18648,.F."
14016,ORIENTED_EDGE,"'',*,*,#18688,.F."
14017,ORIENTED_EDGE,"'',*,*,#18598,.F."
14018,ORIENTED_EDGE,"'',*,*,#18687,.T."
14019,ORIENTED_EDGE,"'',*,*,#18600,.F."
14020,ORIENTED_EDGE,"'',*,*,#18689,.F."
14021,ORIENTED_EDGE,"'',*,*,#18639,.F."
14022,ORIENTED_EDGE,"'',*,*,#18688,.T."
14023,ORIENTED_EDGE,"'',*,*,#18653,.F."
14024,ORIENTED_EDGE,"'',*,*,#18689,.T."
14025,ORIENTED_EDGE,"'',*,*,#18599,.F."
14026,ORIENTED_EDGE,"'',*,*,#18690,.F."
14027,ORIENTED_EDGE,"'',*,*,#18691,.F."
14028,ORIENTED_EDGE,"'',*,*,#18692,.F."
14029,ORIENTED_EDGE,"'',*,*,#18691,.T."
14030,ORIENTED_EDGE,"'',*,*,#16604,.F."
14031,ORIENTED_EDGE,"'',*,*,#18693,.F."
14032,ORIENTED_EDGE,"'',*,*,#18180,.F."
14033,ORIENTED_EDGE,"'',*,*,#18692,.T."
14034,ORIENTED_EDGE,"'',*,*,#18179,.F."
14035,ORIENTED_EDGE,"'',*,*,#18694,.F."
14036,ORIENTED_EDGE,"'',*,*,#18219,.F."
14037,ORIENTED_EDGE,"'',*,*,#18690,.T."
14038,ORIENTED_EDGE,"'',*,*,#18218,.F."
14039,ORIENTED_EDGE,"'',*,*,#18695,.F."
14040,ORIENTED_EDGE,"'',*,*,#16589,.F."
14041,ORIENTED_EDGE,"'',*,*,#18693,.T."
14042,ORIENTED_EDGE,"'',*,*,#16603,.F."
14043,ORIENTED_EDGE,"'',*,*,#18696,.F."
14044,ORIENTED_EDGE,"'',*,*,#18191,.F."
14045,ORIENTED_EDGE,"'',*,*,#18697,.T."
14046,ORIENTED_EDGE,"'',*,*,#18694,.T."
14047,ORIENTED_EDGE,"'',*,*,#18698,.F."
14048,ORIENTED_EDGE,"'',*,*,#18695,.T."
14049,ORIENTED_EDGE,"'',*,*,#18210,.F."
14050,ORIENTED_EDGE,"'',*,*,#18699,.F."
14051,ORIENTED_EDGE,"'',*,*,#16590,.F."
14052,ORIENTED_EDGE,"'',*,*,#18696,.T."
14053,ORIENTED_EDGE,"'',*,*,#16602,.F."
14054,ORIENTED_EDGE,"'',*,*,#18700,.F."
14055,ORIENTED_EDGE,"'',*,*,#18194,.F."
14056,ORIENTED_EDGE,"'',*,*,#18698,.T."
14057,ORIENTED_EDGE,"'',*,*,#18182,.F."
14058,ORIENTED_EDGE,"'',*,*,#18701,.F."
14059,ORIENTED_EDGE,"'',*,*,#16339,.F."
14060,ORIENTED_EDGE,"'',*,*,#18697,.F."
14061,ORIENTED_EDGE,"'',*,*,#16338,.F."
14062,ORIENTED_EDGE,"'',*,*,#18702,.F."
14063,ORIENTED_EDGE,"'',*,*,#18220,.F."
14064,ORIENTED_EDGE,"'',*,*,#18699,.T."
14065,ORIENTED_EDGE,"'',*,*,#18209,.F."
14066,ORIENTED_EDGE,"'',*,*,#18703,.F."
14067,ORIENTED_EDGE,"'',*,*,#16629,.F."
14068,ORIENTED_EDGE,"'',*,*,#18704,.F."
14069,ORIENTED_EDGE,"'',*,*,#18700,.T."
14070,ORIENTED_EDGE,"'',*,*,#18705,.F."
14071,ORIENTED_EDGE,"'',*,*,#18701,.T."
14072,ORIENTED_EDGE,"'',*,*,#18193,.F."
14073,ORIENTED_EDGE,"'',*,*,#18706,.F."
14074,ORIENTED_EDGE,"'',*,*,#16340,.F."
14075,ORIENTED_EDGE,"'',*,*,#18702,.T."
14076,ORIENTED_EDGE,"'',*,*,#16337,.F."
14077,ORIENTED_EDGE,"'',*,*,#18707,.F."
14078,ORIENTED_EDGE,"'',*,*,#18212,.F."
14079,ORIENTED_EDGE,"'',*,*,#18703,.T."
14080,ORIENTED_EDGE,"'',*,*,#18213,.F."
14081,ORIENTED_EDGE,"'',*,*,#18708,.F."
14082,ORIENTED_EDGE,"'',*,*,#16487,.F."
14083,ORIENTED_EDGE,"'',*,*,#18705,.T."
14084,ORIENTED_EDGE,"'',*,*,#16601,.F."
14085,ORIENTED_EDGE,"'',*,*,#18709,.F."
14086,ORIENTED_EDGE,"'',*,*,#18207,.F."
14087,ORIENTED_EDGE,"'',*,*,#18704,.T."
14088,ORIENTED_EDGE,"'',*,*,#18206,.F."
14089,ORIENTED_EDGE,"'',*,*,#18710,.F."
14090,ORIENTED_EDGE,"'',*,*,#18195,.F."
14091,ORIENTED_EDGE,"'',*,*,#18706,.T."
14092,ORIENTED_EDGE,"'',*,*,#18196,.F."
14093,ORIENTED_EDGE,"'',*,*,#18711,.F."
14094,ORIENTED_EDGE,"'',*,*,#16341,.F."
14095,ORIENTED_EDGE,"'',*,*,#18708,.T."
14096,ORIENTED_EDGE,"'',*,*,#18707,.T."
14097,ORIENTED_EDGE,"'',*,*,#18712,.F."
14098,ORIENTED_EDGE,"'',*,*,#18709,.T."
14099,ORIENTED_EDGE,"'',*,*,#16600,.F."
14100,ORIENTED_EDGE,"'',*,*,#18713,.F."
14101,ORIENTED_EDGE,"'',*,*,#18198,.F."
14102,ORIENTED_EDGE,"'',*,*,#18711,.T."
14103,ORIENTED_EDGE,"'',*,*,#18710,.T."
14104,ORIENTED_EDGE,"'',*,*,#18714,.F."
14105,ORIENTED_EDGE,"'',*,*,#18712,.T."
14106,ORIENTED_EDGE,"'',*,*,#16336,.F."
14107,ORIENTED_EDGE,"'',*,*,#18715,.F."
14108,ORIENTED_EDGE,"'',*,*,#16488,.F."
14109,ORIENTED_EDGE,"'',*,*,#18713,.T."
14110,ORIENTED_EDGE,"'',*,*,#16627,.F."
14111,ORIENTED_EDGE,"'',*,*,#18716,.F."
14112,ORIENTED_EDGE,"'',*,*,#18199,.F."
14113,ORIENTED_EDGE,"'',*,*,#18714,.T."
14114,ORIENTED_EDGE,"'',*,*,#18208,.F."
14115,ORIENTED_EDGE,"'',*,*,#18717,.F."
14116,ORIENTED_EDGE,"'',*,*,#16342,.F."
14117,ORIENTED_EDGE,"'',*,*,#18715,.T."
14118,ORIENTED_EDGE,"'',*,*,#18134,.F."
14119,ORIENTED_EDGE,"'',*,*,#18718,.F."
14120,ORIENTED_EDGE,"'',*,*,#16489,.F."
14121,ORIENTED_EDGE,"'',*,*,#18716,.T."
14122,ORIENTED_EDGE,"'',*,*,#16465,.F."
14123,ORIENTED_EDGE,"'',*,*,#18719,.F."
14124,ORIENTED_EDGE,"'',*,*,#18200,.F."
14125,ORIENTED_EDGE,"'',*,*,#18717,.T."
14126,ORIENTED_EDGE,"'',*,*,#18201,.F."
14127,ORIENTED_EDGE,"'',*,*,#18720,.F."
14128,ORIENTED_EDGE,"'',*,*,#16343,.F."
14129,ORIENTED_EDGE,"'',*,*,#18718,.T."
14130,ORIENTED_EDGE,"'',*,*,#18132,.F."
14131,ORIENTED_EDGE,"'',*,*,#18721,.F."
14132,ORIENTED_EDGE,"'',*,*,#16490,.F."
14133,ORIENTED_EDGE,"'',*,*,#18720,.T."
14134,ORIENTED_EDGE,"'',*,*,#18719,.T."
14135,ORIENTED_EDGE,"'',*,*,#18722,.F."
14136,ORIENTED_EDGE,"'',*,*,#18721,.T."
14137,ORIENTED_EDGE,"'',*,*,#18135,.F."
14138,ORIENTED_EDGE,"'',*,*,#18723,.F."
14139,ORIENTED_EDGE,"'',*,*,#16491,.F."
14140,ORIENTED_EDGE,"'',*,*,#18722,.T."
14141,ORIENTED_EDGE,"'',*,*,#16464,.F."
14142,ORIENTED_EDGE,"'',*,*,#18724,.F."
14143,ORIENTED_EDGE,"'',*,*,#16344,.F."
14144,ORIENTED_EDGE,"'',*,*,#16227,.F."
14145,ORIENTED_EDGE,"'',*,*,#16345,.F."
14146,ORIENTED_EDGE,"'',*,*,#18725,.F."
14147,ORIENTED_EDGE,"'',*,*,#18396,.F."
14148,ORIENTED_EDGE,"'',*,*,#18723,.T."
14149,ORIENTED_EDGE,"'',*,*,#18123,.F."
14150,ORIENTED_EDGE,"'',*,*,#18726,.F."
14151,ORIENTED_EDGE,"'',*,*,#16480,.F."
14152,ORIENTED_EDGE,"'',*,*,#18725,.T."
14153,ORIENTED_EDGE,"'',*,*,#18724,.T."
14154,ORIENTED_EDGE,"'',*,*,#18727,.F."
14155,ORIENTED_EDGE,"'',*,*,#18728,.F."
14156,ORIENTED_EDGE,"'',*,*,#18729,.T."
14157,ORIENTED_EDGE,"'',*,*,#18726,.T."
14158,ORIENTED_EDGE,"'',*,*,#18729,.F."
14159,ORIENTED_EDGE,"'',*,*,#18155,.F."
14160,ORIENTED_EDGE,"'',*,*,#18730,.F."
14161,ORIENTED_EDGE,"'',*,*,#16481,.F."
14162,ORIENTED_EDGE,"'',*,*,#18727,.T."
14163,ORIENTED_EDGE,"'',*,*,#16463,.F."
14164,ORIENTED_EDGE,"'',*,*,#18731,.F."
14165,ORIENTED_EDGE,"'',*,*,#18394,.F."
14166,ORIENTED_EDGE,"'',*,*,#16229,.F."
14167,ORIENTED_EDGE,"'',*,*,#18395,.F."
14168,ORIENTED_EDGE,"'',*,*,#18732,.F."
14169,ORIENTED_EDGE,"'',*,*,#16346,.F."
14170,ORIENTED_EDGE,"'',*,*,#18728,.T."
14171,ORIENTED_EDGE,"'',*,*,#18122,.F."
14172,ORIENTED_EDGE,"'',*,*,#18733,.F."
14173,ORIENTED_EDGE,"'',*,*,#18156,.F."
14174,ORIENTED_EDGE,"'',*,*,#18730,.T."
14175,ORIENTED_EDGE,"'',*,*,#18159,.F."
14176,ORIENTED_EDGE,"'',*,*,#18734,.F."
14177,ORIENTED_EDGE,"'',*,*,#16623,.F."
14178,ORIENTED_EDGE,"'',*,*,#18732,.T."
14179,ORIENTED_EDGE,"'',*,*,#18731,.T."
14180,ORIENTED_EDGE,"'',*,*,#18735,.F."
14181,ORIENTED_EDGE,"'',*,*,#18733,.T."
14182,ORIENTED_EDGE,"'',*,*,#18121,.F."
14183,ORIENTED_EDGE,"'',*,*,#18736,.F."
14184,ORIENTED_EDGE,"'',*,*,#18166,.F."
14185,ORIENTED_EDGE,"'',*,*,#18734,.T."
14186,ORIENTED_EDGE,"'',*,*,#18158,.F."
14187,ORIENTED_EDGE,"'',*,*,#18737,.F."
14188,ORIENTED_EDGE,"'',*,*,#16618,.F."
14189,ORIENTED_EDGE,"'',*,*,#18735,.T."
14190,ORIENTED_EDGE,"'',*,*,#16462,.F."
14191,ORIENTED_EDGE,"'',*,*,#18738,.F."
14192,ORIENTED_EDGE,"'',*,*,#16347,.F."
14193,ORIENTED_EDGE,"'',*,*,#18736,.T."
14194,ORIENTED_EDGE,"'',*,*,#18153,.F."
14195,ORIENTED_EDGE,"'',*,*,#18739,.F."
14196,ORIENTED_EDGE,"'',*,*,#18164,.F."
14197,ORIENTED_EDGE,"'',*,*,#18737,.T."
14198,ORIENTED_EDGE,"'',*,*,#18165,.F."
14199,ORIENTED_EDGE,"'',*,*,#18740,.F."
14200,ORIENTED_EDGE,"'',*,*,#16619,.F."
14201,ORIENTED_EDGE,"'',*,*,#18738,.T."
14202,ORIENTED_EDGE,"'',*,*,#16461,.F."
14203,ORIENTED_EDGE,"'',*,*,#18741,.F."
14204,ORIENTED_EDGE,"'',*,*,#18136,.F."
14205,ORIENTED_EDGE,"'',*,*,#18154,.F."
14206,ORIENTED_EDGE,"'',*,*,#18130,.F."
14207,ORIENTED_EDGE,"'',*,*,#18742,.F."
14208,ORIENTED_EDGE,"'',*,*,#18151,.F."
14209,ORIENTED_EDGE,"'',*,*,#18740,.T."
14210,ORIENTED_EDGE,"'',*,*,#18739,.T."
14211,ORIENTED_EDGE,"'',*,*,#18743,.F."
14212,ORIENTED_EDGE,"'',*,*,#18741,.T."
14213,ORIENTED_EDGE,"'',*,*,#16460,.F."
14214,ORIENTED_EDGE,"'',*,*,#18744,.F."
14215,ORIENTED_EDGE,"'',*,*,#18126,.F."
14216,ORIENTED_EDGE,"'',*,*,#18745,.F."
14217,ORIENTED_EDGE,"'',*,*,#18168,.F."
14218,ORIENTED_EDGE,"'',*,*,#18746,.F."
14219,ORIENTED_EDGE,"'',*,*,#18127,.F."
14220,ORIENTED_EDGE,"'',*,*,#18746,.T."
14221,ORIENTED_EDGE,"'',*,*,#18178,.F."
14222,ORIENTED_EDGE,"'',*,*,#18747,.F."
14223,ORIENTED_EDGE,"'',*,*,#18128,.F."
14224,ORIENTED_EDGE,"'',*,*,#18742,.T."
14225,ORIENTED_EDGE,"'',*,*,#18129,.F."
14226,ORIENTED_EDGE,"'',*,*,#18748,.F."
14227,ORIENTED_EDGE,"'',*,*,#18140,.F."
14228,ORIENTED_EDGE,"'',*,*,#18743,.T."
14229,ORIENTED_EDGE,"'',*,*,#18152,.F."
14230,ORIENTED_EDGE,"'',*,*,#18749,.F."
14231,ORIENTED_EDGE,"'',*,*,#16620,.F."
14232,ORIENTED_EDGE,"'',*,*,#18745,.T."
14233,ORIENTED_EDGE,"'',*,*,#18744,.T."
14234,ORIENTED_EDGE,"'',*,*,#18750,.F."
14235,ORIENTED_EDGE,"'',*,*,#18748,.T."
14236,ORIENTED_EDGE,"'',*,*,#18747,.T."
14237,ORIENTED_EDGE,"'',*,*,#18751,.F."
14238,ORIENTED_EDGE,"'',*,*,#18749,.T."
14239,ORIENTED_EDGE,"'',*,*,#18149,.F."
14240,ORIENTED_EDGE,"'',*,*,#18752,.F."
14241,ORIENTED_EDGE,"'',*,*,#16621,.F."
14242,ORIENTED_EDGE,"'',*,*,#18750,.T."
14243,ORIENTED_EDGE,"'',*,*,#16459,.F."
14244,ORIENTED_EDGE,"'',*,*,#18753,.F."
14245,ORIENTED_EDGE,"'',*,*,#18169,.F."
14246,ORIENTED_EDGE,"'',*,*,#18751,.T."
14247,ORIENTED_EDGE,"'',*,*,#18177,.F."
14248,ORIENTED_EDGE,"'',*,*,#18754,.F."
14249,ORIENTED_EDGE,"'',*,*,#18137,.F."
14250,ORIENTED_EDGE,"'',*,*,#18752,.T."
14251,ORIENTED_EDGE,"'',*,*,#18138,.F."
14252,ORIENTED_EDGE,"'',*,*,#18755,.F."
14253,ORIENTED_EDGE,"'',*,*,#16622,.F."
14254,ORIENTED_EDGE,"'',*,*,#18753,.T."
14255,ORIENTED_EDGE,"'',*,*,#16625,.F."
14256,ORIENTED_EDGE,"'',*,*,#18756,.F."
14257,ORIENTED_EDGE,"'',*,*,#18170,.F."
14258,ORIENTED_EDGE,"'',*,*,#18755,.T."
14259,ORIENTED_EDGE,"'',*,*,#18754,.T."
14260,ORIENTED_EDGE,"'',*,*,#18757,.F."
14261,ORIENTED_EDGE,"'',*,*,#18756,.T."
14262,ORIENTED_EDGE,"'',*,*,#16608,.F."
14263,ORIENTED_EDGE,"'',*,*,#18758,.F."
14264,ORIENTED_EDGE,"'',*,*,#18171,.F."
14265,ORIENTED_EDGE,"'',*,*,#18757,.T."
14266,ORIENTED_EDGE,"'',*,*,#18176,.F."
14267,ORIENTED_EDGE,"'',*,*,#18758,.T."
14268,ORIENTED_EDGE,"'',*,*,#16607,.F."
14269,ORIENTED_EDGE,"'',*,*,#18759,.F."
14270,ORIENTED_EDGE,"'',*,*,#18146,.F."
14271,ORIENTED_EDGE,"'',*,*,#18760,.F."
14272,ORIENTED_EDGE,"'',*,*,#18625,.F."
14273,ORIENTED_EDGE,"'',*,*,#18760,.T."
14274,ORIENTED_EDGE,"'',*,*,#18145,.F."
14275,ORIENTED_EDGE,"'',*,*,#18761,.F."
14276,ORIENTED_EDGE,"'',*,*,#18666,.F."
14277,ORIENTED_EDGE,"'',*,*,#18759,.T."
14278,ORIENTED_EDGE,"'',*,*,#18668,.F."
14279,ORIENTED_EDGE,"'',*,*,#18762,.F."
14280,ORIENTED_EDGE,"'',*,*,#18147,.F."
14281,ORIENTED_EDGE,"'',*,*,#18761,.T."
14282,ORIENTED_EDGE,"'',*,*,#18144,.F."
14283,ORIENTED_EDGE,"'',*,*,#18763,.F."
14284,ORIENTED_EDGE,"'',*,*,#18628,.F."
14285,ORIENTED_EDGE,"'',*,*,#18762,.T."
14286,ORIENTED_EDGE,"'',*,*,#18622,.F."
14287,ORIENTED_EDGE,"'',*,*,#18764,.F."
14288,ORIENTED_EDGE,"'',*,*,#18148,.F."
14289,ORIENTED_EDGE,"'',*,*,#18763,.T."
14290,ORIENTED_EDGE,"'',*,*,#18143,.F."
14291,ORIENTED_EDGE,"'',*,*,#18765,.F."
14292,ORIENTED_EDGE,"'',*,*,#18667,.F."
14293,ORIENTED_EDGE,"'',*,*,#18764,.T."
14294,ORIENTED_EDGE,"'',*,*,#18669,.F."
14295,ORIENTED_EDGE,"'',*,*,#18766,.F."
14296,ORIENTED_EDGE,"'',*,*,#18141,.F."
14297,ORIENTED_EDGE,"'',*,*,#18765,.T."
14298,ORIENTED_EDGE,"'',*,*,#18142,.F."
14299,ORIENTED_EDGE,"'',*,*,#18766,.T."
14300,ORIENTED_EDGE,"'',*,*,#18619,.F."
14301,ORIENTED_EDGE,"'',*,*,#18767,.F."
14302,ORIENTED_EDGE,"'',*,*,#18567,.F."
14303,ORIENTED_EDGE,"'',*,*,#18768,.F."
14304,ORIENTED_EDGE,"'',*,*,#18579,.F."
14305,ORIENTED_EDGE,"'',*,*,#18768,.T."
14306,ORIENTED_EDGE,"'',*,*,#18566,.F."
14307,ORIENTED_EDGE,"'',*,*,#18769,.F."
14308,ORIENTED_EDGE,"'',*,*,#18654,.F."
14309,ORIENTED_EDGE,"'',*,*,#18767,.T."
14310,ORIENTED_EDGE,"'',*,*,#18656,.F."
14311,ORIENTED_EDGE,"'',*,*,#18770,.F."
14312,ORIENTED_EDGE,"'',*,*,#18568,.F."
14313,ORIENTED_EDGE,"'',*,*,#18769,.T."
14314,ORIENTED_EDGE,"'',*,*,#18565,.F."
14315,ORIENTED_EDGE,"'',*,*,#18771,.F."
14316,ORIENTED_EDGE,"'',*,*,#18583,.F."
14317,ORIENTED_EDGE,"'',*,*,#18770,.T."
14318,ORIENTED_EDGE,"'',*,*,#18591,.F."
14319,ORIENTED_EDGE,"'',*,*,#18772,.F."
14320,ORIENTED_EDGE,"'',*,*,#18569,.F."
14321,ORIENTED_EDGE,"'',*,*,#18771,.T."
14322,ORIENTED_EDGE,"'',*,*,#18564,.F."
14323,ORIENTED_EDGE,"'',*,*,#18773,.F."
14324,ORIENTED_EDGE,"'',*,*,#18655,.F."
14325,ORIENTED_EDGE,"'',*,*,#18772,.T."
14326,ORIENTED_EDGE,"'',*,*,#18657,.F."
14327,ORIENTED_EDGE,"'',*,*,#18774,.F."
14328,ORIENTED_EDGE,"'',*,*,#18562,.F."
14329,ORIENTED_EDGE,"'',*,*,#18773,.T."
14330,ORIENTED_EDGE,"'',*,*,#18563,.F."
14331,ORIENTED_EDGE,"'',*,*,#18774,.T."
14332,ORIENTED_EDGE,"'',*,*,#18587,.F."
14333,ORIENTED_EDGE,"'',*,*,#18775,.F."
14334,ORIENTED_EDGE,"'',*,*,#18188,.F."
14335,ORIENTED_EDGE,"'',*,*,#18776,.F."
14336,ORIENTED_EDGE,"'',*,*,#18547,.F."
14337,ORIENTED_EDGE,"'',*,*,#18776,.T."
14338,ORIENTED_EDGE,"'',*,*,#18187,.F."
14339,ORIENTED_EDGE,"'',*,*,#18777,.F."
14340,ORIENTED_EDGE,"'',*,*,#18670,.F."
14341,ORIENTED_EDGE,"'',*,*,#18775,.T."
14342,ORIENTED_EDGE,"'',*,*,#18672,.F."
14343,ORIENTED_EDGE,"'',*,*,#18778,.F."
14344,ORIENTED_EDGE,"'',*,*,#18189,.F."
14345,ORIENTED_EDGE,"'',*,*,#18777,.T."
14346,ORIENTED_EDGE,"'',*,*,#18186,.F."
14347,ORIENTED_EDGE,"'',*,*,#18779,.F."
14348,ORIENTED_EDGE,"'',*,*,#18551,.F."
14349,ORIENTED_EDGE,"'',*,*,#18778,.T."
14350,ORIENTED_EDGE,"'',*,*,#18559,.F."
14351,ORIENTED_EDGE,"'',*,*,#18780,.F."
14352,ORIENTED_EDGE,"'',*,*,#18190,.F."
14353,ORIENTED_EDGE,"'',*,*,#18779,.T."
14354,ORIENTED_EDGE,"'',*,*,#18185,.F."
14355,ORIENTED_EDGE,"'',*,*,#18781,.F."
14356,ORIENTED_EDGE,"'',*,*,#18671,.F."
14357,ORIENTED_EDGE,"'',*,*,#18780,.T."
14358,ORIENTED_EDGE,"'',*,*,#18673,.F."
14359,ORIENTED_EDGE,"'',*,*,#18782,.F."
14360,ORIENTED_EDGE,"'',*,*,#18183,.F."
14361,ORIENTED_EDGE,"'',*,*,#18781,.T."
14362,ORIENTED_EDGE,"'',*,*,#18184,.F."
14363,ORIENTED_EDGE,"'',*,*,#18782,.T."
14364,ORIENTED_EDGE,"'',*,*,#18555,.F."
14365,ORIENTED_EDGE,"'',*,*,#16492,.T."
14366,ORIENTED_EDGE,"'',*,*,#18783,.F."
14367,ORIENTED_EDGE,"'',*,*,#18784,.T."
14368,ORIENTED_EDGE,"'',*,*,#18783,.T."
14369,ORIENTED_EDGE,"'',*,*,#18784,.F."
14370,ORIENTED_EDGE,"'',*,*,#18785,.T."
14371,ORIENTED_EDGE,"'',*,*,#18786,.T."
14372,ORIENTED_EDGE,"'',*,*,#18785,.F."
14373,ORIENTED_EDGE,"'',*,*,#18786,.F."
14374,ORIENTED_EDGE,"'',*,*,#16354,.F."
14375,ORIENTED_EDGE,"'',*,*,#18787,.T."
14376,ORIENTED_EDGE,"'',*,*,#18788,.T."
14377,ORIENTED_EDGE,"'',*,*,#18787,.F."
14378,ORIENTED_EDGE,"'',*,*,#18788,.F."
14379,ORIENTED_EDGE,"'',*,*,#16353,.F."
14380,ORIENTED_EDGE,"'',*,*,#18789,.T."
14381,ORIENTED_EDGE,"'',*,*,#18790,.T."
14382,ORIENTED_EDGE,"'',*,*,#18789,.F."
14383,ORIENTED_EDGE,"'',*,*,#18790,.F."
14384,ORIENTED_EDGE,"'',*,*,#16352,.F."
14385,ORIENTED_EDGE,"'',*,*,#18791,.T."
14386,ORIENTED_EDGE,"'',*,*,#18792,.T."
14387,ORIENTED_EDGE,"'',*,*,#18791,.F."
14388,ORIENTED_EDGE,"'',*,*,#18792,.F."
14389,ORIENTED_EDGE,"'',*,*,#16351,.F."
14390,ORIENTED_EDGE,"'',*,*,#18793,.T."
14391,ORIENTED_EDGE,"'',*,*,#18794,.T."
14392,ORIENTED_EDGE,"'',*,*,#18793,.F."
14393,ORIENTED_EDGE,"'',*,*,#18794,.F."
14394,ORIENTED_EDGE,"'',*,*,#16350,.F."
14395,ORIENTED_EDGE,"'',*,*,#18795,.T."
14396,ORIENTED_EDGE,"'',*,*,#18796,.T."
14397,ORIENTED_EDGE,"'',*,*,#18795,.F."
14398,ORIENTED_EDGE,"'',*,*,#18796,.F."
14399,ORIENTED_EDGE,"'',*,*,#16349,.F."
14400,VERTEX_POINT,"'',#27549"
14401,VERTEX_POINT,"'',#27551"
14402,VERTEX_POINT,"'',#27554"
14403,VERTEX_POINT,"'',#27556"
14404,VERTEX_POINT,"'',#27558"
14405,VERTEX_POINT,"'',#27560"
14406,VERTEX_POINT,"'',#27562"
14407,VERTEX_POINT,"'',#27564"
14408,VERTEX_POINT,"'',#27566"
14409,VERTEX_POINT,"'',#27568"
14410,VERTEX_POINT,"'',#27570"
14411,VERTEX_POINT,"'',#27572"
14412,VERTEX_POINT,"'',#27574"
14413,VERTEX_POINT,"'',#27576"
14414,VERTEX_POINT,"'',#27578"
14415,VERTEX_POINT,"'',#27580"
14416,VERTEX_POINT,"'',#27582"
14417,VERTEX_POINT,"'',#27584"
14418,VERTEX_POINT,"'',#27586"
14419,VERTEX_POINT,"'',#27588"
14420,VERTEX_POINT,"'',#27590"
14421,VERTEX_POINT,"'',#27592"
14422,VERTEX_POINT,"'',#27594"
14423,VERTEX_POINT,"'',#27596"
14424,VERTEX_POINT,"'',#27598"
14425,VERTEX_POINT,"'',#27600"
14426,VERTEX_POINT,"'',#27602"
14427,VERTEX_POINT,"'',#27603"
14428,VERTEX_POINT,"'',#27605"
14429,VERTEX_POINT,"'',#27607"
14430,VERTEX_POINT,"'',#27609"
14431,VERTEX_POINT,"'',#27611"
14432,VERTEX_POINT,"'',#27613"
14433,VERTEX_POINT,"'',#27615"
14434,VERTEX_POINT,"'',#27617"
14435,VERTEX_POINT,"'',#27619"
14436,VERTEX_POINT,"'',#27622"
14437,VERTEX_POINT,"'',#27624"
14438,VERTEX_POINT,"'',#27626"
14439,VERTEX_POINT,"'',#27629"
14440,VERTEX_POINT,"'',#27631"
14441,VERTEX_POINT,"'',#27633"
14442,VERTEX_POINT,"'',#27635"
14443,VERTEX_POINT,"'',#27637"
14444,VERTEX_POINT,"'',#27639"
14445,VERTEX_POINT,"'',#27640"
14446,VERTEX_POINT,"'',#27642"
14447,VERTEX_POINT,"'',#27644"
14448,VERTEX_POINT,"'',#27646"
14449,VERTEX_POINT,"'',#27648"
14450,VERTEX_POINT,"'',#27650"
14451,VERTEX_POINT,"'',#27652"
14452,VERTEX_POINT,"'',#27654"
14453,VERTEX_POINT,"'',#27656"
14454,VERTEX_POINT,"'',#27658"
14455,VERTEX_POINT,"'',#27660"
14456,VERTEX_POINT,"'',#27662"
14457,VERTEX_POINT,"'',#27664"
14458,VERTEX_POINT,"'',#27666"
14459,VERTEX_POINT,"'',#27668"
14460,VERTEX_POINT,"'',#27670"
14461,VERTEX_POINT,"'',#27672"
14462,VERTEX_POINT,"'',#27674"
14463,VERTEX_POINT,"'',#27678"
14464,VERTEX_POINT,"'',#27680"
14465,VERTEX_POINT,"'',#27682"
14466,VERTEX_POINT,"'',#27684"
14467,VERTEX_POINT,"'',#27686"
14468,VERTEX_POINT,"'',#27688"
14469,VERTEX_POINT,"'',#27689"
14470,VERTEX_POINT,"'',#27691"
14471,VERTEX_POINT,"'',#27693"
14472,VERTEX_POINT,"'',#27695"
14473,VERTEX_POINT,"'',#27697"
14474,VERTEX_POINT,"'',#27699"
14475,VERTEX_POINT,"'',#27701"
14476,VERTEX_POINT,"'',#27703"
14477,VERTEX_POINT,"'',#27705"
14478,VERTEX_POINT,"'',#27707"
14479,VERTEX_POINT,"'',#27709"
14480,VERTEX_POINT,"'',#27711"
14481,VERTEX_POINT,"'',#27713"
14482,VERTEX_POINT,"'',#27715"
14483,VERTEX_POINT,"'',#27717"
14484,VERTEX_POINT,"'',#27719"
14485,VERTEX_POINT,"'',#27721"
14486,VERTEX_POINT,"'',#27723"
14487,VERTEX_POINT,"'',#27727"
14488,VERTEX_POINT,"'',#27729"
14489,VERTEX_POINT,"'',#27731"
14490,VERTEX_POINT,"'',#27733"
14491,VERTEX_POINT,"'',#27735"
14492,VERTEX_POINT,"'',#27737"
14493,VERTEX_POINT,"'',#27738"
14494,VERTEX_POINT,"'',#27740"
14495,VERTEX_POINT,"'',#27742"
14496,VERTEX_POINT,"'',#27744"
14497,VERTEX_POINT,"'',#27746"
14498,VERTEX_POINT,"'',#27748"
14499,VERTEX_POINT,"'',#27750"
14500,VERTEX_POINT,"'',#27752"
14501,VERTEX_POINT,"'',#27754"
14502,VERTEX_POINT,"'',#27756"
14503,VERTEX_POINT,"'',#27758"
14504,VERTEX_POINT,"'',#27760"
14505,VERTEX_POINT,"'',#27762"
14506,VERTEX_POINT,"'',#27764"
14507,VERTEX_POINT,"'',#27766"
14508,VERTEX_POINT,"'',#27768"
14509,VERTEX_POINT,"'',#27770"
14510,VERTEX_POINT,"'',#27772"
14511,VERTEX_POINT,"'',#27776"
14512,VERTEX_POINT,"'',#27778"
14513,VERTEX_POINT,"'',#27780"
14514,VERTEX_POINT,"'',#27782"
14515,VERTEX_POINT,"'',#27784"
14516,VERTEX_POINT,"'',#27786"
14517,VERTEX_POINT,"'',#27787"
14518,VERTEX_POINT,"'',#27789"
14519,VERTEX_POINT,"'',#27791"
14520,VERTEX_POINT,"'',#27793"
14521,VERTEX_POINT,"'',#27795"
14522,VERTEX_POINT,"'',#27797"
14523,VERTEX_POINT,"'',#27799"
14524,VERTEX_POINT,"'',#27801"
14525,VERTEX_POINT,"'',#27803"
14526,VERTEX_POINT,"'',#27805"
14527,VERTEX_POINT,"'',#27807"
14528,VERTEX_POINT,"'',#27809"
14529,VERTEX_POINT,"'',#27811"
14530,VERTEX_POINT,"'',#27813"
14531,VERTEX_POINT,"'',#27815"
14532,VERTEX_POINT,"'',#27817"
14533,VERTEX_POINT,"'',#27819"
14534,VERTEX_POINT,"'',#27821"
14535,VERTEX_POINT,"'',#27825"
14536,VERTEX_POINT,"'',#27827"
14537,VERTEX_POINT,"'',#27829"
14538,VERTEX_POINT,"'',#27831"
14539,VERTEX_POINT,"'',#27833"
14540,VERTEX_POINT,"'',#27835"
14541,VERTEX_POINT,"'',#27837"
14542,VERTEX_POINT,"'',#27839"
14543,VERTEX_POINT,"'',#27841"
14544,VERTEX_POINT,"'',#27843"
14545,VERTEX_POINT,"'',#27847"
14546,VERTEX_POINT,"'',#27849"
14547,VERTEX_POINT,"'',#27853"
14548,VERTEX_POINT,"'',#27855"
14549,VERTEX_POINT,"'',#27857"
14550,VERTEX_POINT,"'',#27859"
14551,VERTEX_POINT,"'',#27861"
14552,VERTEX_POINT,"'',#27863"
14553,VERTEX_POINT,"'',#27865"
14554,VERTEX_POINT,"'',#27867"
14555,VERTEX_POINT,"'',#27869"
14556,VERTEX_POINT,"'',#27871"
14557,VERTEX_POINT,"'',#27873"
14558,VERTEX_POINT,"'',#27874"
14559,VERTEX_POINT,"'',#27876"
14560,VERTEX_POINT,"'',#27878"
14561,VERTEX_POINT,"'',#27880"
14562,VERTEX_POINT,"'',#27882"
14563,VERTEX_POINT,"'',#27884"
14564,VERTEX_POINT,"'',#27886"
14565,VERTEX_POINT,"'',#27888"
14566,VERTEX_POINT,"'',#27890"
14567,VERTEX_POINT,"'',#27892"
14568,VERTEX_POINT,"'',#27894"
14569,VERTEX_POINT,"'',#27896"
14570,VERTEX_POINT,"'',#27898"
14571,VERTEX_POINT,"'',#27900"
14572,VERTEX_POINT,"'',#27902"
14573,VERTEX_POINT,"'',#27904"
14574,VERTEX_POINT,"'',#27906"
14575,VERTEX_POINT,"'',#27908"
14576,VERTEX_POINT,"'',#27911"
14577,VERTEX_POINT,"'',#27912"
14578,VERTEX_POINT,"'',#27914"
14579,VERTEX_POINT,"'',#27916"
14580,VERTEX_POINT,"'',#27918"
14581,VERTEX_POINT,"'',#27920"
14582,VERTEX_POINT,"'',#27922"
14583,VERTEX_POINT,"'',#27924"
14584,VERTEX_POINT,"'',#27926"
14585,VERTEX_POINT,"'',#27928"
14586,VERTEX_POINT,"'',#27930"
14587,VERTEX_POINT,"'',#27932"
14588,VERTEX_POINT,"'',#27934"
14589,VERTEX_POINT,"'',#27936"
14590,VERTEX_POINT,"'',#27938"
14591,VERTEX_POINT,"'',#27940"
14592,VERTEX_POINT,"'',#27942"
14593,VERTEX_POINT,"'',#27944"
14594,VERTEX_POINT,"'',#27946"
14595,VERTEX_POINT,"'',#27949"
14596,VERTEX_POINT,"'',#27950"
14597,VERTEX_POINT,"'',#27952"
14598,VERTEX_POINT,"'',#27954"
14599,VERTEX_POINT,"'',#27956"
14600,VERTEX_POINT,"'',#27958"
14601,VERTEX_POINT,"'',#27960"
14602,VERTEX_POINT,"'',#27962"
14603,VERTEX_POINT,"'',#27964"
14604,VERTEX_POINT,"'',#27966"
14605,VERTEX_POINT,"'',#27968"
14606,VERTEX_POINT,"'',#27970"
14607,VERTEX_POINT,"'',#27972"
14608,VERTEX_POINT,"'',#27974"
14609,VERTEX_POINT,"'',#27976"
14610,VERTEX_POINT,"'',#27978"
14611,VERTEX_POINT,"'',#27980"
14612,VERTEX_POINT,"'',#27982"
14613,VERTEX_POINT,"'',#27984"
14614,VERTEX_POINT,"'',#27987"
14615,VERTEX_POINT,"'',#27988"
14616,VERTEX_POINT,"'',#27990"
14617,VERTEX_POINT,"'',#27992"
14618,VERTEX_POINT,"'',#27994"
14619,VERTEX_POINT,"'',#27996"
14620,VERTEX_POINT,"'',#27998"
14621,VERTEX_POINT,"'',#28000"
14622,VERTEX_POINT,"'',#28002"
14623,VERTEX_POINT,"'',#28004"
14624,VERTEX_POINT,"'',#28006"
14625,VERTEX_POINT,"'',#28008"
14626,VERTEX_POINT,"'',#28010"
14627,VERTEX_POINT,"'',#28012"
14628,VERTEX_POINT,"'',#28014"
14629,VERTEX_POINT,"'',#28016"
14630,VERTEX_POINT,"'',#28018"
14631,VERTEX_POINT,"'',#28020"
14632,VERTEX_POINT,"'',#28022"
14633,VERTEX_POINT,"'',#28025"
14634,VERTEX_POINT,"'',#28027"
14635,VERTEX_POINT,"'',#28029"
14636,VERTEX_POINT,"'',#28031"
14637,VERTEX_POINT,"'',#28033"
14638,VERTEX_POINT,"'',#28035"
14639,VERTEX_POINT,"'',#28037"
14640,VERTEX_POINT,"'',#28039"
14641,VERTEX_POINT,"'',#28041"
14642,VERTEX_POINT,"'',#28043"
14643,VERTEX_POINT,"'',#28044"
14644,VERTEX_POINT,"'',#28046"
14645,VERTEX_POINT,"'',#28048"
14646,VERTEX_POINT,"'',#28051"
14647,VERTEX_POINT,"'',#28053"
14648,VERTEX_POINT,"'',#28055"
14649,VERTEX_POINT,"'',#28057"
14650,VERTEX_POINT,"'',#28060"
14651,VERTEX_POINT,"'',#28062"
14652,VERTEX_POINT,"'',#28065"
14653,VERTEX_POINT,"'',#28067"
14654,VERTEX_POINT,"'',#28069"
14655,VERTEX_POINT,"'',#28071"
14656,VERTEX_POINT,"'',#28073"
14657,VERTEX_POINT,"'',#28074"
14658,VERTEX_POINT,"'',#28076"
14659,VERTEX_POINT,"'',#28078"
14660,VERTEX_POINT,"'',#28080"
14661,VERTEX_POINT,"'',#28082"
14662,VERTEX_POINT,"'',#28084"
14663,VERTEX_POINT,"'',#28086"
14664,VERTEX_POINT,"'',#28088"
14665,VERTEX_POINT,"'',#28090"
14666,VERTEX_POINT,"'',#28092"
14667,VERTEX_POINT,"'',#28094"
14668,VERTEX_POINT,"'',#28096"
14669,VERTEX_POINT,"'',#28098"
14670,VERTEX_POINT,"'',#28100"
14671,VERTEX_POINT,"'',#28102"
14672,VERTEX_POINT,"'',#28104"
14673,VERTEX_POINT,"'',#28106"
14674,VERTEX_POINT,"'',#28110"
14675,VERTEX_POINT,"'',#28112"
14676,VERTEX_POINT,"'',#28114"
14677,VERTEX_POINT,"'',#28116"
14678,VERTEX_POINT,"'',#28118"
14679,VERTEX_POINT,"'',#28119"
14680,VERTEX_POINT,"'',#28121"
14681,VERTEX_POINT,"'',#28123"
14682,VERTEX_POINT,"'',#28125"
14683,VERTEX_POINT,"'',#28127"
14684,VERTEX_POINT,"'',#28129"
14685,VERTEX_POINT,"'',#28131"
14686,VERTEX_POINT,"'',#28133"
14687,VERTEX_POINT,"'',#28135"
14688,VERTEX_POINT,"'',#28137"
14689,VERTEX_POINT,"'',#28139"
14690,VERTEX_POINT,"'',#28143"
14691,VERTEX_POINT,"'',#28145"
14692,VERTEX_POINT,"'',#28146"
14693,VERTEX_POINT,"'',#28148"
14694,VERTEX_POINT,"'',#28153"
14695,VERTEX_POINT,"'',#28155"
14696,VERTEX_POINT,"'',#28157"
14697,VERTEX_POINT,"'',#28159"
14698,VERTEX_POINT,"'',#28161"
14699,VERTEX_POINT,"'',#28163"
14700,VERTEX_POINT,"'',#28166"
14701,VERTEX_POINT,"'',#28167"
14702,VERTEX_POINT,"'',#28169"
14703,VERTEX_POINT,"'',#28174"
14704,VERTEX_POINT,"'',#28179"
14705,VERTEX_POINT,"'',#28181"
14706,VERTEX_POINT,"'',#28183"
14707,VERTEX_POINT,"'',#28185"
14708,VERTEX_POINT,"'',#28187"
14709,VERTEX_POINT,"'',#28189"
14710,VERTEX_POINT,"'',#28191"
14711,VERTEX_POINT,"'',#28193"
14712,VERTEX_POINT,"'',#28195"
14713,VERTEX_POINT,"'',#28197"
14714,VERTEX_POINT,"'',#28199"
14715,VERTEX_POINT,"'',#28202"
14716,VERTEX_POINT,"'',#28203"
14717,VERTEX_POINT,"'',#28205"
14718,VERTEX_POINT,"'',#28207"
14719,VERTEX_POINT,"'',#28209"
14720,VERTEX_POINT,"'',#28211"
14721,VERTEX_POINT,"'',#28213"
14722,VERTEX_POINT,"'',#28215"
14723,VERTEX_POINT,"'',#28217"
14724,VERTEX_POINT,"'',#28219"
14725,VERTEX_POINT,"'',#28221"
14726,VERTEX_POINT,"'',#28223"
14727,VERTEX_POINT,"'',#28225"
14728,VERTEX_POINT,"'',#28227"
14729,VERTEX_POINT,"'',#28232"
14730,VERTEX_POINT,"'',#28237"
14731,VERTEX_POINT,"'',#28239"
14732,VERTEX_POINT,"'',#28241"
14733,VERTEX_POINT,"'',#28243"
14734,VERTEX_POINT,"'',#28246"
14735,VERTEX_POINT,"'',#28247"
14736,VERTEX_POINT,"'',#28249"
14737,VERTEX_POINT,"'',#28251"
14738,VERTEX_POINT,"'',#28254"
14739,VERTEX_POINT,"'',#28256"
14740,VERTEX_POINT,"'',#28257"
14741,VERTEX_POINT,"'',#28259"
14742,VERTEX_POINT,"'',#28261"
14743,VERTEX_POINT,"'',#28264"
14744,VERTEX_POINT,"'',#28266"
14745,VERTEX_POINT,"'',#28267"
14746,VERTEX_POINT,"'',#28269"
14747,VERTEX_POINT,"'',#28274"
14748,VERTEX_POINT,"'',#28279"
14749,VERTEX_POINT,"'',#28281"
14750,VERTEX_POINT,"'',#28283"
14751,VERTEX_POINT,"'',#28285"
14752,VERTEX_POINT,"'',#28287"
14753,VERTEX_POINT,"'',#28289"
14754,VERTEX_POINT,"'',#28291"
14755,VERTEX_POINT,"'',#28293"
14756,VERTEX_POINT,"'',#28295"
14757,VERTEX_POINT,"'',#28297"
14758,VERTEX_POINT,"'',#28299"
14759,VERTEX_POINT,"'',#28302"
14760,VERTEX_POINT,"'',#28303"
14761,VERTEX_POINT,"'',#28305"
14762,VERTEX_POINT,"'',#28310"
14763,VERTEX_POINT,"'',#28312"
14764,VERTEX_POINT,"'',#28314"
14765,VERTEX_POINT,"'',#28316"
14766,VERTEX_POINT,"'',#28318"
14767,VERTEX_POINT,"'',#28320"
14768,VERTEX_POINT,"'',#28323"
14769,VERTEX_POINT,"'',#28324"
14770,VERTEX_POINT,"'',#28326"
14771,VERTEX_POINT,"'',#28328"
14772,VERTEX_POINT,"'',#28330"
14773,VERTEX_POINT,"'',#28332"
14774,VERTEX_POINT,"'',#28334"
14775,VERTEX_POINT,"'',#28336"
14776,VERTEX_POINT,"'',#28338"
14777,VERTEX_POINT,"'',#28340"
14778,VERTEX_POINT,"'',#28342"
14779,VERTEX_POINT,"'',#28344"
14780,VERTEX_POINT,"'',#28346"
14781,VERTEX_POINT,"'',#28348"
14782,VERTEX_POINT,"'',#28353"
14783,VERTEX_POINT,"'',#28358"
14784,VERTEX_POINT,"'',#28360"
14785,VERTEX_POINT,"'',#28362"
14786,VERTEX_POINT,"'',#28364"
14787,VERTEX_POINT,"'',#28367"
14788,VERTEX_POINT,"'',#28368"
14789,VERTEX_POINT,"'',#28370"
14790,VERTEX_POINT,"'',#28372"
14791,VERTEX_POINT,"'',#28374"
14792,VERTEX_POINT,"'',#28376"
14793,VERTEX_POINT,"'',#28378"
14794,VERTEX_POINT,"'',#28380"
14795,VERTEX_POINT,"'',#28382"
14796,VERTEX_POINT,"'',#28384"
14797,VERTEX_POINT,"'',#28386"
14798,VERTEX_POINT,"'',#28388"
14799,VERTEX_POINT,"'',#28390"
14800,VERTEX_POINT,"'',#28392"
14801,VERTEX_POINT,"'',#28394"
14802,VERTEX_POINT,"'',#28396"
14803,VERTEX_POINT,"'',#28400"
14804,VERTEX_POINT,"'',#28402"
14805,VERTEX_POINT,"'',#28404"
14806,VERTEX_POINT,"'',#28405"
14807,VERTEX_POINT,"'',#28407"
14808,VERTEX_POINT,"'',#28409"
14809,VERTEX_POINT,"'',#28411"
14810,VERTEX_POINT,"'',#28413"
14811,VERTEX_POINT,"'',#28415"
14812,VERTEX_POINT,"'',#28417"
14813,VERTEX_POINT,"'',#28419"
14814,VERTEX_POINT,"'',#28421"
14815,VERTEX_POINT,"'',#28423"
14816,VERTEX_POINT,"'',#28425"
14817,VERTEX_POINT,"'',#28427"
14818,VERTEX_POINT,"'',#28429"
14819,VERTEX_POINT,"'',#28431"
14820,VERTEX_POINT,"'',#28433"
14821,VERTEX_POINT,"'',#28449"
14822,VERTEX_POINT,"'',#28451"
14823,VERTEX_POINT,"'',#28452"
14824,VERTEX_POINT,"'',#28456"
14825,VERTEX_POINT,"'',#28457"
14826,VERTEX_POINT,"'',#28459"
14827,VERTEX_POINT,"'',#28461"
14828,VERTEX_POINT,"'',#28463"
14829,VERTEX_POINT,"'',#28465"
14830,VERTEX_POINT,"'',#28467"
14831,VERTEX_POINT,"'',#28469"
14832,VERTEX_POINT,"'',#28472"
14833,VERTEX_POINT,"'',#28473"
14834,VERTEX_POINT,"'',#28475"
14835,VERTEX_POINT,"'',#28477"
14836,VERTEX_POINT,"'',#28479"
14837,VERTEX_POINT,"'',#28481"
14838,VERTEX_POINT,"'',#28483"
14839,VERTEX_POINT,"'',#28485"
14840,VERTEX_POINT,"'',#28487"
14841,VERTEX_POINT,"'',#28489"
14842,VERTEX_POINT,"'',#28491"
14843,VERTEX_POINT,"'',#28493"
14844,VERTEX_POINT,"'',#28495"
14845,VERTEX_POINT,"'',#28497"
14846,VERTEX_POINT,"'',#28499"
14847,VERTEX_POINT,"'',#28501"
14848,VERTEX_POINT,"'',#28503"
14849,VERTEX_POINT,"'',#28505"
14850,VERTEX_POINT,"'',#28510"
14851,VERTEX_POINT,"'',#28515"
14852,VERTEX_POINT,"'',#28517"
14853,VERTEX_POINT,"'',#28519"
14854,VERTEX_POINT,"'',#28522"
14855,VERTEX_POINT,"'',#28523"
14856,VERTEX_POINT,"'',#28525"
14857,VERTEX_POINT,"'',#28530"
14858,VERTEX_POINT,"'',#28535"
14859,VERTEX_POINT,"'',#28537"
14860,VERTEX_POINT,"'',#28539"
14861,VERTEX_POINT,"'',#28541"
14862,VERTEX_POINT,"'',#28543"
14863,VERTEX_POINT,"'',#28545"
14864,VERTEX_POINT,"'',#28547"
14865,VERTEX_POINT,"'',#28549"
14866,VERTEX_POINT,"'',#28551"
14867,VERTEX_POINT,"'',#28553"
14868,VERTEX_POINT,"'',#28555"
14869,VERTEX_POINT,"'',#28558"
14870,VERTEX_POINT,"'',#28559"
14871,VERTEX_POINT,"'',#28561"
14872,VERTEX_POINT,"'',#28563"
14873,VERTEX_POINT,"'',#28565"
14874,VERTEX_POINT,"'',#28567"
14875,VERTEX_POINT,"'',#28569"
14876,VERTEX_POINT,"'',#28571"
14877,VERTEX_POINT,"'',#28573"
14878,VERTEX_POINT,"'',#28575"
14879,VERTEX_POINT,"'',#28577"
14880,VERTEX_POINT,"'',#28579"
14881,VERTEX_POINT,"'',#28581"
14882,VERTEX_POINT,"'',#28583"
14883,VERTEX_POINT,"'',#28588"
14884,VERTEX_POINT,"'',#28593"
14885,VERTEX_POINT,"'',#28595"
14886,VERTEX_POINT,"'',#28597"
14887,VERTEX_POINT,"'',#28599"
14888,VERTEX_POINT,"'',#28602"
14889,VERTEX_POINT,"'',#28603"
14890,VERTEX_POINT,"'',#28605"
14891,VERTEX_POINT,"'',#28610"
14892,VERTEX_POINT,"'',#28612"
14893,VERTEX_POINT,"'',#28614"
14894,VERTEX_POINT,"'',#28616"
14895,VERTEX_POINT,"'',#28618"
14896,VERTEX_POINT,"'',#28620"
14897,VERTEX_POINT,"'',#28623"
14898,VERTEX_POINT,"'',#28624"
14899,VERTEX_POINT,"'',#28626"
14900,VERTEX_POINT,"'',#28631"
14901,VERTEX_POINT,"'',#28636"
14902,VERTEX_POINT,"'',#28638"
14903,VERTEX_POINT,"'',#28640"
14904,VERTEX_POINT,"'',#28642"
14905,VERTEX_POINT,"'',#28644"
14906,VERTEX_POINT,"'',#28646"
14907,VERTEX_POINT,"'',#28648"
14908,VERTEX_POINT,"'',#28650"
14909,VERTEX_POINT,"'',#28652"
14910,VERTEX_POINT,"'',#28654"
14911,VERTEX_POINT,"'',#28656"
14912,VERTEX_POINT,"'',#28659"
14913,VERTEX_POINT,"'',#28660"
14914,VERTEX_POINT,"'',#28662"
14915,VERTEX_POINT,"'',#28664"
14916,VERTEX_POINT,"'',#28666"
14917,VERTEX_POINT,"'',#28668"
14918,VERTEX_POINT,"'',#28670"
14919,VERTEX_POINT,"'',#28672"
14920,VERTEX_POINT,"'',#28674"
14921,VERTEX_POINT,"'',#28676"
14922,VERTEX_POINT,"'',#28678"
14923,VERTEX_POINT,"'',#28683"
14924,VERTEX_POINT,"'',#28686"
14925,VERTEX_POINT,"'',#28688"
14926,VERTEX_POINT,"'',#28689"
14927,VERTEX_POINT,"'',#28691"
14928,VERTEX_POINT,"'',#28693"
14929,VERTEX_POINT,"'',#28696"
14930,VERTEX_POINT,"'',#28698"
14931,VERTEX_POINT,"'',#28699"
14932,VERTEX_POINT,"'',#28701"
14933,VERTEX_POINT,"'',#28703"
14934,VERTEX_POINT,"'',#28706"
14935,VERTEX_POINT,"'',#28708"
14936,VERTEX_POINT,"'',#28709"
14937,VERTEX_POINT,"'',#28711"
14938,VERTEX_POINT,"'',#28713"
14939,VERTEX_POINT,"'',#28716"
14940,VERTEX_POINT,"'',#28717"
14941,VERTEX_POINT,"'',#28719"
14942,VERTEX_POINT,"'',#28721"
14943,VERTEX_POINT,"'',#28723"
14944,VERTEX_POINT,"'',#28725"
14945,VERTEX_POINT,"'',#28727"
14946,VERTEX_POINT,"'',#28729"
14947,VERTEX_POINT,"'',#28731"
14948,VERTEX_POINT,"'',#28733"
14949,VERTEX_POINT,"'',#28735"
14950,VERTEX_POINT,"'',#28740"
14951,VERTEX_POINT,"'',#28743"
14952,VERTEX_POINT,"'',#28744"
14953,VERTEX_POINT,"'',#28746"
14954,VERTEX_POINT,"'',#28748"
14955,VERTEX_POINT,"'',#28750"
14956,VERTEX_POINT,"'',#28752"
14957,VERTEX_POINT,"'',#28754"
14958,VERTEX_POINT,"'',#28756"
14959,VERTEX_POINT,"'',#28758"
14960,VERTEX_POINT,"'',#28763"
14961,VERTEX_POINT,"'',#28765"
14962,VERTEX_POINT,"'',#28767"
14963,VERTEX_POINT,"'',#28769"
14964,VERTEX_POINT,"'',#28771"
14965,VERTEX_POINT,"'',#28773"
14966,VERTEX_POINT,"'',#28775"
14967,VERTEX_POINT,"'',#28777"
14968,VERTEX_POINT,"'',#28779"
14969,VERTEX_POINT,"'',#28781"
14970,VERTEX_POINT,"'',#28783"
14971,VERTEX_POINT,"'',#28785"
14972,VERTEX_POINT,"'',#28787"
14973,VERTEX_POINT,"'',#28789"
14974,VERTEX_POINT,"'',#28791"
14975,VERTEX_POINT,"'',#28793"
14976,VERTEX_POINT,"'',#28795"
14977,VERTEX_POINT,"'',#28797"
14978,VERTEX_POINT,"'',#28799"
14979,VERTEX_POINT,"'',#28801"
14980,VERTEX_POINT,"'',#28803"
14981,VERTEX_POINT,"'',#28806"
14982,VERTEX_POINT,"'',#28807"
14983,VERTEX_POINT,"'',#28809"
14984,VERTEX_POINT,"'',#28811"
14985,VERTEX_POINT,"'',#28813"
14986,VERTEX_POINT,"'',#28815"
14987,VERTEX_POINT,"'',#28817"
14988,VERTEX_POINT,"'',#28819"
14989,VERTEX_POINT,"'',#28821"
14990,VERTEX_POINT,"'',#28823"
14991,VERTEX_POINT,"'',#28825"
14992,VERTEX_POINT,"'',#28827"
14993,VERTEX_POINT,"'',#28829"
14994,VERTEX_POINT,"'',#28831"
14995,VERTEX_POINT,"'',#28836"
14996,VERTEX_POINT,"'',#28841"
14997,VERTEX_POINT,"'',#28843"
14998,VERTEX_POINT,"'',#28845"
14999,VERTEX_POINT,"'',#28847"
15000,VERTEX_POINT,"'',#28850"
15001,VERTEX_POINT,"'',#28851"
15002,VERTEX_POINT,"'',#28853"
15003,VERTEX_POINT,"'',#28858"
15004,VERTEX_POINT,"'',#28863"
15005,VERTEX_POINT,"'',#28865"
15006,VERTEX_POINT,"'',#28867"
15007,VERTEX_POINT,"'',#28869"
15008,VERTEX_POINT,"'',#28871"
15009,VERTEX_POINT,"'',#28873"
15010,VERTEX_POINT,"'',#28875"
15011,VERTEX_POINT,"'',#28877"
15012,VERTEX_POINT,"'',#28879"
15013,VERTEX_POINT,"'',#28881"
15014,VERTEX_POINT,"'',#28883"
15015,VERTEX_POINT,"'',#28886"
15016,VERTEX_POINT,"'',#28887"
15017,VERTEX_POINT,"'',#28889"
15018,VERTEX_POINT,"'',#28894"
15019,VERTEX_POINT,"'',#28896"
15020,VERTEX_POINT,"'',#28898"
15021,VERTEX_POINT,"'',#28900"
15022,VERTEX_POINT,"'',#28902"
15023,VERTEX_POINT,"'',#28904"
15024,VERTEX_POINT,"'',#28907"
15025,VERTEX_POINT,"'',#28908"
15026,VERTEX_POINT,"'',#28910"
15027,VERTEX_POINT,"'',#28912"
15028,VERTEX_POINT,"'',#28914"
15029,VERTEX_POINT,"'',#28916"
15030,VERTEX_POINT,"'',#28918"
15031,VERTEX_POINT,"'',#28920"
15032,VERTEX_POINT,"'',#28922"
15033,VERTEX_POINT,"'',#28924"
15034,VERTEX_POINT,"'',#28926"
15035,VERTEX_POINT,"'',#28930"
15036,VERTEX_POINT,"'',#28931"
15037,VERTEX_POINT,"'',#28933"
15038,VERTEX_POINT,"'',#28935"
15039,VERTEX_POINT,"'',#28937"
15040,VERTEX_POINT,"'',#28939"
15041,VERTEX_POINT,"'',#28941"
15042,VERTEX_POINT,"'',#28943"
15043,VERTEX_POINT,"'',#28946"
15044,VERTEX_POINT,"'',#28947"
15045,VERTEX_POINT,"'',#28949"
15046,VERTEX_POINT,"'',#28954"
15047,VERTEX_POINT,"'',#28956"
15048,VERTEX_POINT,"'',#28958"
15049,VERTEX_POINT,"'',#28960"
15050,VERTEX_POINT,"'',#28962"
15051,VERTEX_POINT,"'',#28964"
15052,VERTEX_POINT,"'',#28967"
15053,VERTEX_POINT,"'',#28968"
15054,VERTEX_POINT,"'',#28970"
15055,VERTEX_POINT,"'',#28975"
15056,VERTEX_POINT,"'',#28980"
15057,VERTEX_POINT,"'',#28982"
15058,VERTEX_POINT,"'',#28984"
15059,VERTEX_POINT,"'',#28986"
15060,VERTEX_POINT,"'',#28988"
15061,VERTEX_POINT,"'',#28990"
15062,VERTEX_POINT,"'',#28992"
15063,VERTEX_POINT,"'',#28994"
15064,VERTEX_POINT,"'',#28996"
15065,VERTEX_POINT,"'',#28998"
15066,VERTEX_POINT,"'',#29000"
15067,VERTEX_POINT,"'',#29003"
15068,VERTEX_POINT,"'',#29004"
15069,VERTEX_POINT,"'',#29006"
15070,VERTEX_POINT,"'',#29008"
15071,VERTEX_POINT,"'',#29010"
15072,VERTEX_POINT,"'',#29012"
15073,VERTEX_POINT,"'',#29014"
15074,VERTEX_POINT,"'',#29016"
15075,VERTEX_POINT,"'',#29018"
15076,VERTEX_POINT,"'',#29020"
15077,VERTEX_POINT,"'',#29022"
15078,VERTEX_POINT,"'',#29024"
15079,VERTEX_POINT,"'',#29026"
15080,VERTEX_POINT,"'',#29028"
15081,VERTEX_POINT,"'',#29033"
15082,VERTEX_POINT,"'',#29038"
15083,VERTEX_POINT,"'',#29040"
15084,VERTEX_POINT,"'',#29042"
15085,VERTEX_POINT,"'',#29044"
15086,VERTEX_POINT,"'',#29047"
15087,VERTEX_POINT,"'',#29049"
15088,VERTEX_POINT,"'',#29051"
15089,VERTEX_POINT,"'',#29052"
15090,VERTEX_POINT,"'',#29054"
15091,VERTEX_POINT,"'',#29056"
15092,VERTEX_POINT,"'',#29059"
15093,VERTEX_POINT,"'',#29061"
15094,VERTEX_POINT,"'',#29062"
15095,VERTEX_POINT,"'',#29064"
15096,VERTEX_POINT,"'',#29066"
15097,VERTEX_POINT,"'',#29069"
15098,VERTEX_POINT,"'',#29070"
15099,VERTEX_POINT,"'',#29072"
15100,VERTEX_POINT,"'',#29074"
15101,VERTEX_POINT,"'',#29077"
15102,VERTEX_POINT,"'',#29078"
15103,VERTEX_POINT,"'',#29080"
15104,VERTEX_POINT,"'',#29085"
15105,VERTEX_POINT,"'',#29090"
15106,VERTEX_POINT,"'',#29092"
15107,VERTEX_POINT,"'',#29094"
15108,VERTEX_POINT,"'',#29096"
15109,VERTEX_POINT,"'',#29098"
15110,VERTEX_POINT,"'',#29100"
15111,VERTEX_POINT,"'',#29102"
15112,VERTEX_POINT,"'',#29104"
15113,VERTEX_POINT,"'',#29106"
15114,VERTEX_POINT,"'',#29108"
15115,VERTEX_POINT,"'',#29110"
15116,VERTEX_POINT,"'',#29113"
15117,VERTEX_POINT,"'',#29114"
15118,VERTEX_POINT,"'',#29116"
15119,VERTEX_POINT,"'',#29121"
15120,VERTEX_POINT,"'',#29123"
15121,VERTEX_POINT,"'',#29125"
15122,VERTEX_POINT,"'',#29127"
15123,VERTEX_POINT,"'',#29129"
15124,VERTEX_POINT,"'',#29131"
15125,VERTEX_POINT,"'',#29134"
15126,VERTEX_POINT,"'',#29135"
15127,VERTEX_POINT,"'',#29137"
15128,VERTEX_POINT,"'',#29139"
15129,VERTEX_POINT,"'',#29141"
15130,VERTEX_POINT,"'',#29143"
15131,VERTEX_POINT,"'',#29145"
15132,VERTEX_POINT,"'',#29147"
15133,VERTEX_POINT,"'',#29149"
15134,VERTEX_POINT,"'',#29151"
15135,VERTEX_POINT,"'',#29153"
15136,VERTEX_POINT,"'',#29155"
15137,VERTEX_POINT,"'',#29157"
15138,VERTEX_POINT,"'',#29159"
15139,VERTEX_POINT,"'',#29164"
15140,VERTEX_POINT,"'',#29169"
15141,VERTEX_POINT,"'',#29171"
15142,VERTEX_POINT,"'',#29173"
15143,VERTEX_POINT,"'',#29175"
15144,VERTEX_POINT,"'',#29179"
15145,VERTEX_POINT,"'',#29181"
15146,VERTEX_POINT,"'',#29184"
15147,VERTEX_POINT,"'',#29186"
15148,VERTEX_POINT,"'',#29189"
15149,VERTEX_POINT,"'',#29191"
15150,VERTEX_POINT,"'',#29194"
15151,VERTEX_POINT,"'',#29196"
15152,VERTEX_POINT,"'',#29199"
15153,VERTEX_POINT,"'',#29201"
15154,VERTEX_POINT,"'',#29204"
15155,VERTEX_POINT,"'',#29206"
15156,VERTEX_POINT,"'',#29209"
15157,VERTEX_POINT,"'',#29211"
15158,VERTEX_POINT,"'',#29214"
15159,VERTEX_POINT,"'',#29216"
15160,VERTEX_POINT,"'',#29219"
15161,VERTEX_POINT,"'',#29221"
15162,VERTEX_POINT,"'',#29224"
15163,VERTEX_POINT,"'',#29226"
15164,VERTEX_POINT,"'',#29229"
15165,VERTEX_POINT,"'',#29231"
15166,VERTEX_POINT,"'',#29246"
15167,VERTEX_POINT,"'',#29248"
15168,VERTEX_POINT,"'',#29252"
15169,VERTEX_POINT,"'',#29256"
15170,VERTEX_POINT,"'',#29258"
15171,VERTEX_POINT,"'',#29262"
15172,VERTEX_POINT,"'',#29292"
15173,VERTEX_POINT,"'',#29294"
15174,VERTEX_POINT,"'',#29297"
15175,VERTEX_POINT,"'',#29299"
15176,VERTEX_POINT,"'',#29302"
15177,VERTEX_POINT,"'',#29304"
15178,VERTEX_POINT,"'',#29307"
15179,VERTEX_POINT,"'',#29309"
15180,VERTEX_POINT,"'',#29316"
15181,VERTEX_POINT,"'',#29318"
15182,VERTEX_POINT,"'',#29321"
15183,VERTEX_POINT,"'',#29323"
15184,VERTEX_POINT,"'',#29326"
15185,VERTEX_POINT,"'',#29328"
15186,VERTEX_POINT,"'',#29331"
15187,VERTEX_POINT,"'',#29333"
15188,VERTEX_POINT,"'',#29347"
15189,VERTEX_POINT,"'',#29348"
15190,VERTEX_POINT,"'',#29350"
15191,VERTEX_POINT,"'',#29352"
15192,VERTEX_POINT,"'',#29354"
15193,VERTEX_POINT,"'',#29356"
15194,VERTEX_POINT,"'',#29360"
15195,VERTEX_POINT,"'',#29363"
15196,VERTEX_POINT,"'',#29366"
15197,VERTEX_POINT,"'',#29369"
15198,VERTEX_POINT,"'',#29372"
15199,VERTEX_POINT,"'',#29375"
15200,VERTEX_POINT,"'',#29378"
15201,VERTEX_POINT,"'',#29381"
15202,VERTEX_POINT,"'',#29384"
15203,VERTEX_POINT,"'',#29387"
15204,VERTEX_POINT,"'',#29392"
15205,VERTEX_POINT,"'',#29394"
15206,VERTEX_POINT,"'',#29395"
15207,VERTEX_POINT,"'',#29397"
15208,VERTEX_POINT,"'',#29399"
15209,VERTEX_POINT,"'',#29402"
15210,VERTEX_POINT,"'',#29405"
15211,VERTEX_POINT,"'',#29408"
15212,VERTEX_POINT,"'',#29412"
15213,VERTEX_POINT,"'',#29415"
15214,VERTEX_POINT,"'',#29425"
15215,VERTEX_POINT,"'',#29427"
15216,VERTEX_POINT,"'',#29428"
15217,VERTEX_POINT,"'',#29430"
15218,VERTEX_POINT,"'',#29432"
15219,VERTEX_POINT,"'',#29435"
15220,VERTEX_POINT,"'',#29438"
15221,VERTEX_POINT,"'',#29441"
15222,VERTEX_POINT,"'',#29445"
15223,VERTEX_POINT,"'',#29448"
15224,VERTEX_POINT,"'',#29458"
15225,VERTEX_POINT,"'',#29460"
15226,VERTEX_POINT,"'',#29461"
15227,VERTEX_POINT,"'',#29463"
15228,VERTEX_POINT,"'',#29465"
15229,VERTEX_POINT,"'',#29468"
15230,VERTEX_POINT,"'',#29471"
15231,VERTEX_POINT,"'',#29474"
15232,VERTEX_POINT,"'',#29478"
15233,VERTEX_POINT,"'',#29481"
15234,VERTEX_POINT,"'',#29491"
15235,VERTEX_POINT,"'',#29493"
15236,VERTEX_POINT,"'',#29494"
15237,VERTEX_POINT,"'',#29496"
15238,VERTEX_POINT,"'',#29498"
15239,VERTEX_POINT,"'',#29501"
15240,VERTEX_POINT,"'',#29504"
15241,VERTEX_POINT,"'',#29507"
15242,VERTEX_POINT,"'',#29511"
15243,VERTEX_POINT,"'',#29514"
15244,VERTEX_POINT,"'',#29524"
15245,VERTEX_POINT,"'',#29526"
15246,VERTEX_POINT,"'',#29527"
15247,VERTEX_POINT,"'',#29529"
15248,VERTEX_POINT,"'',#29531"
15249,VERTEX_POINT,"'',#29534"
15250,VERTEX_POINT,"'',#29537"
15251,VERTEX_POINT,"'',#29540"
15252,VERTEX_POINT,"'',#29544"
15253,VERTEX_POINT,"'',#29547"
15254,VERTEX_POINT,"'',#29560"
15255,VERTEX_POINT,"'',#29562"
15256,VERTEX_POINT,"'',#29569"
15257,VERTEX_POINT,"'',#29576"
15258,VERTEX_POINT,"'',#29580"
15259,VERTEX_POINT,"'',#29584"
15260,VERTEX_POINT,"'',#29591"
15261,VERTEX_POINT,"'',#29598"
15262,VERTEX_POINT,"'',#29605"
15263,VERTEX_POINT,"'',#29609"
15264,VERTEX_POINT,"'',#29613"
15265,VERTEX_POINT,"'',#29623"
15266,VERTEX_POINT,"'',#29641"
15267,VERTEX_POINT,"'',#29642"
15268,VERTEX_POINT,"'',#29647"
15269,VERTEX_POINT,"'',#29649"
15270,VERTEX_POINT,"'',#29651"
15271,VERTEX_POINT,"'',#29656"
15272,VERTEX_POINT,"'',#29661"
15273,VERTEX_POINT,"'',#29663"
15274,VERTEX_POINT,"'',#29667"
15275,VERTEX_POINT,"'',#29668"
15276,VERTEX_POINT,"'',#29676"
15277,VERTEX_POINT,"'',#29684"
15278,VERTEX_POINT,"'',#29698"
15279,VERTEX_POINT,"'',#29715"
15280,VERTEX_POINT,"'',#29722"
15281,VERTEX_POINT,"'',#29730"
15282,VERTEX_POINT,"'',#29758"
15283,VERTEX_POINT,"'',#29760"
15284,VERTEX_POINT,"'',#29767"
15285,VERTEX_POINT,"'',#29774"
15286,VERTEX_POINT,"'',#29778"
15287,VERTEX_POINT,"'',#29782"
15288,VERTEX_POINT,"'',#29789"
15289,VERTEX_POINT,"'',#29796"
15290,VERTEX_POINT,"'',#29803"
15291,VERTEX_POINT,"'',#29807"
15292,VERTEX_POINT,"'',#29811"
15293,VERTEX_POINT,"'',#29821"
15294,VERTEX_POINT,"'',#29839"
15295,VERTEX_POINT,"'',#29840"
15296,VERTEX_POINT,"'',#29845"
15297,VERTEX_POINT,"'',#29847"
15298,VERTEX_POINT,"'',#29849"
15299,VERTEX_POINT,"'',#29854"
15300,VERTEX_POINT,"'',#29859"
15301,VERTEX_POINT,"'',#29861"
15302,VERTEX_POINT,"'',#29865"
15303,VERTEX_POINT,"'',#29866"
15304,VERTEX_POINT,"'',#29874"
15305,VERTEX_POINT,"'',#29882"
15306,VERTEX_POINT,"'',#29897"
15307,VERTEX_POINT,"'',#29914"
15308,VERTEX_POINT,"'',#29921"
15309,VERTEX_POINT,"'',#29929"
15310,VERTEX_POINT,"'',#29954"
15311,VERTEX_POINT,"'',#29956"
15312,VERTEX_POINT,"'',#29963"
15313,VERTEX_POINT,"'',#29967"
15314,VERTEX_POINT,"'',#29971"
15315,VERTEX_POINT,"'',#29975"
15316,VERTEX_POINT,"'',#29979"
15317,VERTEX_POINT,"'',#29986"
15318,VERTEX_POINT,"'',#29990"
15319,VERTEX_POINT,"'',#29994"
15320,VERTEX_POINT,"'',#30001"
15321,VERTEX_POINT,"'',#30008"
15322,VERTEX_POINT,"'',#30015"
15323,VERTEX_POINT,"'',#30022"
15324,VERTEX_POINT,"'',#30029"
15325,VERTEX_POINT,"'',#30036"
15326,VERTEX_POINT,"'',#30040"
15327,VERTEX_POINT,"'',#30044"
15328,VERTEX_POINT,"'',#30051"
15329,VERTEX_POINT,"'',#30058"
15330,VERTEX_POINT,"'',#30065"
15331,VERTEX_POINT,"'',#30072"
15332,VERTEX_POINT,"'',#30076"
15333,VERTEX_POINT,"'',#30080"
15334,VERTEX_POINT,"'',#30087"
15335,VERTEX_POINT,"'',#30094"
15336,VERTEX_POINT,"'',#30101"
15337,VERTEX_POINT,"'',#30108"
15338,VERTEX_POINT,"'',#30112"
15339,VERTEX_POINT,"'',#30119"
15340,VERTEX_POINT,"'',#30128"
15341,VERTEX_POINT,"'',#30129"
15342,VERTEX_POINT,"'',#30133"
15343,VERTEX_POINT,"'',#30135"
15344,VERTEX_POINT,"'',#30139"
15345,VERTEX_POINT,"'',#30140"
15346,VERTEX_POINT,"'',#30144"
15347,VERTEX_POINT,"'',#30145"
15348,VERTEX_POINT,"'',#30147"
15349,VERTEX_POINT,"'',#30150"
15350,VERTEX_POINT,"'',#30155"
15351,VERTEX_POINT,"'',#30158"
15352,VERTEX_POINT,"'',#30170"
15353,VERTEX_POINT,"'',#30171"
15354,VERTEX_POINT,"'',#30173"
15355,VERTEX_POINT,"'',#30175"
15356,VERTEX_POINT,"'',#30178"
15357,VERTEX_POINT,"'',#30180"
15358,VERTEX_POINT,"'',#30183"
15359,VERTEX_POINT,"'',#30186"
15360,VERTEX_POINT,"'',#30190"
15361,VERTEX_POINT,"'',#30193"
15362,VERTEX_POINT,"'',#30203"
15363,VERTEX_POINT,"'',#30204"
15364,VERTEX_POINT,"'',#30206"
15365,VERTEX_POINT,"'',#30208"
15366,VERTEX_POINT,"'',#30211"
15367,VERTEX_POINT,"'',#30213"
15368,VERTEX_POINT,"'',#30216"
15369,VERTEX_POINT,"'',#30219"
15370,VERTEX_POINT,"'',#30223"
15371,VERTEX_POINT,"'',#30226"
15372,VERTEX_POINT,"'',#30236"
15373,VERTEX_POINT,"'',#30240"
15374,VERTEX_POINT,"'',#30244"
15375,VERTEX_POINT,"'',#30248"
15376,VERTEX_POINT,"'',#30252"
15377,VERTEX_POINT,"'',#30254"
15378,VERTEX_POINT,"'',#30258"
15379,VERTEX_POINT,"'',#30265"
15380,VERTEX_POINT,"'',#30269"
15381,VERTEX_POINT,"'',#30276"
15382,VERTEX_POINT,"'',#30280"
15383,VERTEX_POINT,"'',#30284"
15384,VERTEX_POINT,"'',#30288"
15385,VERTEX_POINT,"'',#30292"
15386,VERTEX_POINT,"'',#30296"
15387,VERTEX_POINT,"'',#30300"
15388,VERTEX_POINT,"'',#30304"
15389,VERTEX_POINT,"'',#30308"
15390,VERTEX_POINT,"'',#30312"
15391,VERTEX_POINT,"'',#30319"
15392,VERTEX_POINT,"'',#30321"
15393,VERTEX_POINT,"'',#30325"
15394,VERTEX_POINT,"'',#30332"
15395,VERTEX_POINT,"'',#30336"
15396,VERTEX_POINT,"'',#30340"
15397,VERTEX_POINT,"'',#30347"
15398,VERTEX_POINT,"'',#30351"
15399,VERTEX_POINT,"'',#30355"
15400,VERTEX_POINT,"'',#30362"
15401,VERTEX_POINT,"'',#30363"
15402,VERTEX_POINT,"'',#30365"
15403,VERTEX_POINT,"'',#30367"
15404,VERTEX_POINT,"'',#30369"
15405,VERTEX_POINT,"'',#30371"
15406,VERTEX_POINT,"'',#30373"
15407,VERTEX_POINT,"'',#30375"
15408,VERTEX_POINT,"'',#30377"
15409,VERTEX_POINT,"'',#30380"
15410,VERTEX_POINT,"'',#30381"
15411,VERTEX_POINT,"'',#30383"
15412,VERTEX_POINT,"'',#30385"
15413,VERTEX_POINT,"'',#30387"
15414,VERTEX_POINT,"'',#30389"
15415,VERTEX_POINT,"'',#30394"
15416,VERTEX_POINT,"'',#30399"
15417,VERTEX_POINT,"'',#30401"
15418,VERTEX_POINT,"'',#30403"
15419,VERTEX_POINT,"'',#30405"
15420,VERTEX_POINT,"'',#30407"
15421,VERTEX_POINT,"'',#30409"
15422,VERTEX_POINT,"'',#30411"
15423,VERTEX_POINT,"'',#30413"
15424,VERTEX_POINT,"'',#30415"
15425,VERTEX_POINT,"'',#30417"
15426,VERTEX_POINT,"'',#30419"
15427,VERTEX_POINT,"'',#30421"
15428,VERTEX_POINT,"'',#30509"
15429,VERTEX_POINT,"'',#30510"
15430,VERTEX_POINT,"'',#30521"
15431,VERTEX_POINT,"'',#30528"
15432,VERTEX_POINT,"'',#30535"
15433,VERTEX_POINT,"'',#30542"
15434,VERTEX_POINT,"'',#30549"
15435,VERTEX_POINT,"'',#30556"
15436,VERTEX_POINT,"'',#30563"
15437,VERTEX_POINT,"'',#30573"
15438,VERTEX_POINT,"'',#30575"
15439,VERTEX_POINT,"'',#30579"
15440,VERTEX_POINT,"'',#30586"
15441,VERTEX_POINT,"'',#30590"
15442,VERTEX_POINT,"'',#30597"
15443,VERTEX_POINT,"'',#30601"
15444,VERTEX_POINT,"'',#30605"
15445,VERTEX_POINT,"'',#30609"
15446,VERTEX_POINT,"'',#30613"
15447,VERTEX_POINT,"'',#30617"
15448,VERTEX_POINT,"'',#30621"
15449,VERTEX_POINT,"'',#30625"
15450,VERTEX_POINT,"'',#30629"
15451,VERTEX_POINT,"'',#30633"
15452,VERTEX_POINT,"'',#30640"
15453,VERTEX_POINT,"'',#30642"
15454,VERTEX_POINT,"'',#30646"
15455,VERTEX_POINT,"'',#30653"
15456,VERTEX_POINT,"'',#30657"
15457,VERTEX_POINT,"'',#30661"
15458,VERTEX_POINT,"'',#30668"
15459,VERTEX_POINT,"'',#30672"
15460,VERTEX_POINT,"'',#30676"
15461,VERTEX_POINT,"'',#30683"
15462,VERTEX_POINT,"'',#30684"
15463,VERTEX_POINT,"'',#30686"
15464,VERTEX_POINT,"'',#30688"
15465,VERTEX_POINT,"'',#30690"
15466,VERTEX_POINT,"'',#30692"
15467,VERTEX_POINT,"'',#30694"
15468,VERTEX_POINT,"'',#30696"
15469,VERTEX_POINT,"'',#30698"
15470,VERTEX_POINT,"'',#30701"
15471,VERTEX_POINT,"'',#30702"
15472,VERTEX_POINT,"'',#30704"
15473,VERTEX_POINT,"'',#30706"
15474,VERTEX_POINT,"'',#30708"
15475,VERTEX_POINT,"'',#30710"
15476,VERTEX_POINT,"'',#30715"
15477,VERTEX_POINT,"'',#30720"
15478,VERTEX_POINT,"'',#30722"
15479,VERTEX_POINT,"'',#30724"
15480,VERTEX_POINT,"'',#30726"
15481,VERTEX_POINT,"'',#30728"
15482,VERTEX_POINT,"'',#30730"
15483,VERTEX_POINT,"'',#30732"
15484,VERTEX_POINT,"'',#30734"
15485,VERTEX_POINT,"'',#30736"
15486,VERTEX_POINT,"'',#30738"
15487,VERTEX_POINT,"'',#30740"
15488,VERTEX_POINT,"'',#30742"
15489,VERTEX_POINT,"'',#30830"
15490,VERTEX_POINT,"'',#30831"
15491,VERTEX_POINT,"'',#30842"
15492,VERTEX_POINT,"'',#30849"
15493,VERTEX_POINT,"'',#30856"
15494,VERTEX_POINT,"'',#30863"
15495,VERTEX_POINT,"'',#30870"
15496,VERTEX_POINT,"'',#30877"
15497,VERTEX_POINT,"'',#30884"
15498,VERTEX_POINT,"'',#30894"
15499,VERTEX_POINT,"'',#30896"
15500,VERTEX_POINT,"'',#30900"
15501,VERTEX_POINT,"'',#30907"
15502,VERTEX_POINT,"'',#30911"
15503,VERTEX_POINT,"'',#30918"
15504,VERTEX_POINT,"'',#30922"
15505,VERTEX_POINT,"'',#30926"
15506,VERTEX_POINT,"'',#30930"
15507,VERTEX_POINT,"'',#30934"
15508,VERTEX_POINT,"'',#30938"
15509,VERTEX_POINT,"'',#30942"
15510,VERTEX_POINT,"'',#30946"
15511,VERTEX_POINT,"'',#30950"
15512,VERTEX_POINT,"'',#30954"
15513,VERTEX_POINT,"'',#30961"
15514,VERTEX_POINT,"'',#30963"
15515,VERTEX_POINT,"'',#30967"
15516,VERTEX_POINT,"'',#30974"
15517,VERTEX_POINT,"'',#30978"
15518,VERTEX_POINT,"'',#30982"
15519,VERTEX_POINT,"'',#30989"
15520,VERTEX_POINT,"'',#30993"
15521,VERTEX_POINT,"'',#30997"
15522,VERTEX_POINT,"'',#31004"
15523,VERTEX_POINT,"'',#31005"
15524,VERTEX_POINT,"'',#31007"
15525,VERTEX_POINT,"'',#31009"
15526,VERTEX_POINT,"'',#31011"
15527,VERTEX_POINT,"'',#31013"
15528,VERTEX_POINT,"'',#31015"
15529,VERTEX_POINT,"'',#31017"
15530,VERTEX_POINT,"'',#31019"
15531,VERTEX_POINT,"'',#31022"
15532,VERTEX_POINT,"'',#31023"
15533,VERTEX_POINT,"'',#31025"
15534,VERTEX_POINT,"'',#31027"
15535,VERTEX_POINT,"'',#31029"
15536,VERTEX_POINT,"'',#31031"
15537,VERTEX_POINT,"'',#31036"
15538,VERTEX_POINT,"'',#31041"
15539,VERTEX_POINT,"'',#31043"
15540,VERTEX_POINT,"'',#31045"
15541,VERTEX_POINT,"'',#31047"
15542,VERTEX_POINT,"'',#31049"
15543,VERTEX_POINT,"'',#31051"
15544,VERTEX_POINT,"'',#31053"
15545,VERTEX_POINT,"'',#31055"
15546,VERTEX_POINT,"'',#31057"
15547,VERTEX_POINT,"'',#31059"
15548,VERTEX_POINT,"'',#31061"
15549,VERTEX_POINT,"'',#31063"
15550,VERTEX_POINT,"'',#31151"
15551,VERTEX_POINT,"'',#31152"
15552,VERTEX_POINT,"'',#31163"
15553,VERTEX_POINT,"'',#31170"
15554,VERTEX_POINT,"'',#31177"
15555,VERTEX_POINT,"'',#31184"
15556,VERTEX_POINT,"'',#31191"
15557,VERTEX_POINT,"'',#31198"
15558,VERTEX_POINT,"'',#31205"
15559,VERTEX_POINT,"'',#31215"
15560,VERTEX_POINT,"'',#31217"
15561,VERTEX_POINT,"'',#31221"
15562,VERTEX_POINT,"'',#31228"
15563,VERTEX_POINT,"'',#31232"
15564,VERTEX_POINT,"'',#31239"
15565,VERTEX_POINT,"'',#31243"
15566,VERTEX_POINT,"'',#31247"
15567,VERTEX_POINT,"'',#31251"
15568,VERTEX_POINT,"'',#31255"
15569,VERTEX_POINT,"'',#31259"
15570,VERTEX_POINT,"'',#31263"
15571,VERTEX_POINT,"'',#31267"
15572,VERTEX_POINT,"'',#31271"
15573,VERTEX_POINT,"'',#31275"
15574,VERTEX_POINT,"'',#31282"
15575,VERTEX_POINT,"'',#31284"
15576,VERTEX_POINT,"'',#31288"
15577,VERTEX_POINT,"'',#31295"
15578,VERTEX_POINT,"'',#31299"
15579,VERTEX_POINT,"'',#31303"
15580,VERTEX_POINT,"'',#31310"
15581,VERTEX_POINT,"'',#31314"
15582,VERTEX_POINT,"'',#31318"
15583,VERTEX_POINT,"'',#31325"
15584,VERTEX_POINT,"'',#31326"
15585,VERTEX_POINT,"'',#31328"
15586,VERTEX_POINT,"'',#31330"
15587,VERTEX_POINT,"'',#31332"
15588,VERTEX_POINT,"'',#31334"
15589,VERTEX_POINT,"'',#31336"
15590,VERTEX_POINT,"'',#31338"
15591,VERTEX_POINT,"'',#31340"
15592,VERTEX_POINT,"'',#31343"
15593,VERTEX_POINT,"'',#31344"
15594,VERTEX_POINT,"'',#31346"
15595,VERTEX_POINT,"'',#31348"
15596,VERTEX_POINT,"'',#31350"
15597,VERTEX_POINT,"'',#31352"
15598,VERTEX_POINT,"'',#31357"
15599,VERTEX_POINT,"'',#31362"
15600,VERTEX_POINT,"'',#31364"
15601,VERTEX_POINT,"'',#31366"
15602,VERTEX_POINT,"'',#31368"
15603,VERTEX_POINT,"'',#31370"
15604,VERTEX_POINT,"'',#31372"
15605,VERTEX_POINT,"'',#31374"
15606,VERTEX_POINT,"'',#31376"
15607,VERTEX_POINT,"'',#31378"
15608,VERTEX_POINT,"'',#31380"
15609,VERTEX_POINT,"'',#31382"
15610,VERTEX_POINT,"'',#31384"
15611,VERTEX_POINT,"'',#31472"
15612,VERTEX_POINT,"'',#31473"
15613,VERTEX_POINT,"'',#31484"
15614,VERTEX_POINT,"'',#31491"
15615,VERTEX_POINT,"'',#31498"
15616,VERTEX_POINT,"'',#31505"
15617,VERTEX_POINT,"'',#31512"
15618,VERTEX_POINT,"'',#31519"
15619,VERTEX_POINT,"'',#31526"
15620,VERTEX_POINT,"'',#31536"
15621,VERTEX_POINT,"'',#31538"
15622,VERTEX_POINT,"'',#31542"
15623,VERTEX_POINT,"'',#31546"
15624,VERTEX_POINT,"'',#31550"
15625,VERTEX_POINT,"'',#31554"
15626,VERTEX_POINT,"'',#31561"
15627,VERTEX_POINT,"'',#31563"
15628,VERTEX_POINT,"'',#31567"
15629,VERTEX_POINT,"'',#31574"
15630,VERTEX_POINT,"'',#31578"
15631,VERTEX_POINT,"'',#31585"
15632,VERTEX_POINT,"'',#31589"
15633,VERTEX_POINT,"'',#31593"
15634,VERTEX_POINT,"'',#31597"
15635,VERTEX_POINT,"'',#31601"
15636,VERTEX_POINT,"'',#31605"
15637,VERTEX_POINT,"'',#31609"
15638,VERTEX_POINT,"'',#31613"
15639,VERTEX_POINT,"'',#31617"
15640,VERTEX_POINT,"'',#31621"
15641,VERTEX_POINT,"'',#31628"
15642,VERTEX_POINT,"'',#31630"
15643,VERTEX_POINT,"'',#31634"
15644,VERTEX_POINT,"'',#31641"
15645,VERTEX_POINT,"'',#31645"
15646,VERTEX_POINT,"'',#31649"
15647,VERTEX_POINT,"'',#31656"
15648,VERTEX_POINT,"'',#31660"
15649,VERTEX_POINT,"'',#31664"
15650,VERTEX_POINT,"'',#31671"
15651,VERTEX_POINT,"'',#31672"
15652,VERTEX_POINT,"'',#31674"
15653,VERTEX_POINT,"'',#31676"
15654,VERTEX_POINT,"'',#31678"
15655,VERTEX_POINT,"'',#31680"
15656,VERTEX_POINT,"'',#31682"
15657,VERTEX_POINT,"'',#31684"
15658,VERTEX_POINT,"'',#31686"
15659,VERTEX_POINT,"'',#31689"
15660,VERTEX_POINT,"'',#31690"
15661,VERTEX_POINT,"'',#31692"
15662,VERTEX_POINT,"'',#31694"
15663,VERTEX_POINT,"'',#31696"
15664,VERTEX_POINT,"'',#31698"
15665,VERTEX_POINT,"'',#31703"
15666,VERTEX_POINT,"'',#31708"
15667,VERTEX_POINT,"'',#31710"
15668,VERTEX_POINT,"'',#31712"
15669,VERTEX_POINT,"'',#31714"
15670,VERTEX_POINT,"'',#31716"
15671,VERTEX_POINT,"'',#31718"
15672,VERTEX_POINT,"'',#31720"
15673,VERTEX_POINT,"'',#31722"
15674,VERTEX_POINT,"'',#31724"
15675,VERTEX_POINT,"'',#31726"
15676,VERTEX_POINT,"'',#31728"
15677,VERTEX_POINT,"'',#31730"
15678,VERTEX_POINT,"'',#31818"
15679,VERTEX_POINT,"'',#31819"
15680,VERTEX_POINT,"'',#31830"
15681,VERTEX_POINT,"'',#31837"
15682,VERTEX_POINT,"'',#31844"
15683,VERTEX_POINT,"'',#31851"
15684,VERTEX_POINT,"'',#31858"
15685,VERTEX_POINT,"'',#31865"
15686,VERTEX_POINT,"'',#31872"
15687,VERTEX_POINT,"'',#31882"
15688,VERTEX_POINT,"'',#31884"
15689,VERTEX_POINT,"'',#31888"
15690,VERTEX_POINT,"'',#31895"
15691,VERTEX_POINT,"'',#31899"
15692,VERTEX_POINT,"'',#31906"
15693,VERTEX_POINT,"'',#31910"
15694,VERTEX_POINT,"'',#31914"
15695,VERTEX_POINT,"'',#31918"
15696,VERTEX_POINT,"'',#31922"
15697,VERTEX_POINT,"'',#31926"
15698,VERTEX_POINT,"'',#31930"
15699,VERTEX_POINT,"'',#31934"
15700,VERTEX_POINT,"'',#31938"
15701,VERTEX_POINT,"'',#31942"
15702,VERTEX_POINT,"'',#31949"
15703,VERTEX_POINT,"'',#31951"
15704,VERTEX_POINT,"'',#31955"
15705,VERTEX_POINT,"'',#31962"
15706,VERTEX_POINT,"'',#31966"
15707,VERTEX_POINT,"'',#31970"
15708,VERTEX_POINT,"'',#31977"
15709,VERTEX_POINT,"'',#31981"
15710,VERTEX_POINT,"'',#31985"
15711,VERTEX_POINT,"'',#31992"
15712,VERTEX_POINT,"'',#31993"
15713,VERTEX_POINT,"'',#31995"
15714,VERTEX_POINT,"'',#31997"
15715,VERTEX_POINT,"'',#31999"
15716,VERTEX_POINT,"'',#32001"
15717,VERTEX_POINT,"'',#32003"
15718,VERTEX_POINT,"'',#32005"
15719,VERTEX_POINT,"'',#32007"
15720,VERTEX_POINT,"'',#32010"
15721,VERTEX_POINT,"'',#32011"
15722,VERTEX_POINT,"'',#32013"
15723,VERTEX_POINT,"'',#32015"
15724,VERTEX_POINT,"'',#32017"
15725,VERTEX_POINT,"'',#32019"
15726,VERTEX_POINT,"'',#32024"
15727,VERTEX_POINT,"'',#32029"
15728,VERTEX_POINT,"'',#32031"
15729,VERTEX_POINT,"'',#32033"
15730,VERTEX_POINT,"'',#32035"
15731,VERTEX_POINT,"'',#32037"
15732,VERTEX_POINT,"'',#32039"
15733,VERTEX_POINT,"'',#32041"
15734,VERTEX_POINT,"'',#32043"
15735,VERTEX_POINT,"'',#32045"
15736,VERTEX_POINT,"'',#32047"
15737,VERTEX_POINT,"'',#32049"
15738,VERTEX_POINT,"'',#32051"
15739,VERTEX_POINT,"'',#32139"
15740,VERTEX_POINT,"'',#32140"
15741,VERTEX_POINT,"'',#32151"
15742,VERTEX_POINT,"'',#32158"
15743,VERTEX_POINT,"'',#32165"
15744,VERTEX_POINT,"'',#32172"
15745,VERTEX_POINT,"'',#32179"
15746,VERTEX_POINT,"'',#32186"
15747,VERTEX_POINT,"'',#32193"
15748,VERTEX_POINT,"'',#32211"
15749,VERTEX_POINT,"'',#32213"
15750,VERTEX_POINT,"'',#32217"
15751,VERTEX_POINT,"'',#32224"
15752,VERTEX_POINT,"'',#32228"
15753,VERTEX_POINT,"'',#32235"
15754,VERTEX_POINT,"'',#32239"
15755,VERTEX_POINT,"'',#32243"
15756,VERTEX_POINT,"'',#32247"
15757,VERTEX_POINT,"'',#32251"
15758,VERTEX_POINT,"'',#32255"
15759,VERTEX_POINT,"'',#32259"
15760,VERTEX_POINT,"'',#32263"
15761,VERTEX_POINT,"'',#32267"
15762,VERTEX_POINT,"'',#32271"
15763,VERTEX_POINT,"'',#32278"
15764,VERTEX_POINT,"'',#32280"
15765,VERTEX_POINT,"'',#32284"
15766,VERTEX_POINT,"'',#32291"
15767,VERTEX_POINT,"'',#32298"
15768,VERTEX_POINT,"'',#32305"
15769,VERTEX_POINT,"'',#32312"
15770,VERTEX_POINT,"'',#32316"
15771,VERTEX_POINT,"'',#32320"
15772,VERTEX_POINT,"'',#32327"
15773,VERTEX_POINT,"'',#32334"
15774,VERTEX_POINT,"'',#32338"
15775,VERTEX_POINT,"'',#32342"
15776,VERTEX_POINT,"'',#32349"
15777,VERTEX_POINT,"'',#32356"
15778,VERTEX_POINT,"'',#32360"
15779,VERTEX_POINT,"'',#32364"
15780,VERTEX_POINT,"'',#32371"
15781,VERTEX_POINT,"'',#32378"
15782,VERTEX_POINT,"'',#32385"
15783,VERTEX_POINT,"'',#32392"
15784,VERTEX_POINT,"'',#32399"
15785,VERTEX_POINT,"'',#32406"
15786,VERTEX_POINT,"'',#32407"
15787,VERTEX_POINT,"'',#32409"
15788,VERTEX_POINT,"'',#32412"
15789,VERTEX_POINT,"'',#32413"
15790,VERTEX_POINT,"'',#32415"
15791,VERTEX_POINT,"'',#32417"
15792,VERTEX_POINT,"'',#32419"
15793,VERTEX_POINT,"'',#32421"
15794,VERTEX_POINT,"'',#32423"
15795,VERTEX_POINT,"'',#32425"
15796,VERTEX_POINT,"'',#32427"
15797,VERTEX_POINT,"'',#32429"
15798,VERTEX_POINT,"'',#32431"
15799,VERTEX_POINT,"'',#32457"
15800,VERTEX_POINT,"'',#32458"
15801,VERTEX_POINT,"'',#32463"
15802,VERTEX_POINT,"'',#32474"
15803,VERTEX_POINT,"'',#32477"
15804,VERTEX_POINT,"'',#32478"
15805,VERTEX_POINT,"'',#32480"
15806,VERTEX_POINT,"'',#32482"
15807,VERTEX_POINT,"'',#32484"
15808,VERTEX_POINT,"'',#32487"
15809,VERTEX_POINT,"'',#32489"
15810,VERTEX_POINT,"'',#32491"
15811,VERTEX_POINT,"'',#32493"
15812,VERTEX_POINT,"'',#32495"
15813,VERTEX_POINT,"'',#32499"
15814,VERTEX_POINT,"'',#32501"
15815,VERTEX_POINT,"'',#32511"
15816,VERTEX_POINT,"'',#32512"
15817,VERTEX_POINT,"'',#32514"
15818,VERTEX_POINT,"'',#32516"
15819,VERTEX_POINT,"'',#32520"
15820,VERTEX_POINT,"'',#32521"
15821,VERTEX_POINT,"'',#32523"
15822,VERTEX_POINT,"'',#32525"
15823,VERTEX_POINT,"'',#32527"
15824,VERTEX_POINT,"'',#32529"
15825,VERTEX_POINT,"'',#32531"
15826,VERTEX_POINT,"'',#32533"
15827,VERTEX_POINT,"'',#32536"
15828,VERTEX_POINT,"'',#32538"
15829,VERTEX_POINT,"'',#32542"
15830,VERTEX_POINT,"'',#32547"
15831,VERTEX_POINT,"'',#32548"
15832,VERTEX_POINT,"'',#32550"
15833,VERTEX_POINT,"'',#32552"
15834,VERTEX_POINT,"'',#32554"
15835,VERTEX_POINT,"'',#32558"
15836,VERTEX_POINT,"'',#32560"
15837,VERTEX_POINT,"'',#32562"
15838,VERTEX_POINT,"'',#32564"
15839,VERTEX_POINT,"'',#32566"
15840,VERTEX_POINT,"'',#32567"
15841,VERTEX_POINT,"'',#32572"
15842,VERTEX_POINT,"'',#32573"
15843,VERTEX_POINT,"'',#32575"
15844,VERTEX_POINT,"'',#32577"
15845,VERTEX_POINT,"'',#32579"
15846,VERTEX_POINT,"'',#32583"
15847,VERTEX_POINT,"'',#32585"
15848,VERTEX_POINT,"'',#32587"
15849,VERTEX_POINT,"'',#32589"
15850,VERTEX_POINT,"'',#32591"
15851,VERTEX_POINT,"'',#32593"
15852,VERTEX_POINT,"'',#32597"
15853,VERTEX_POINT,"'',#32598"
15854,VERTEX_POINT,"'',#32600"
15855,VERTEX_POINT,"'',#32602"
15856,VERTEX_POINT,"'',#32606"
15857,VERTEX_POINT,"'',#32607"
15858,VERTEX_POINT,"'',#32609"
15859,VERTEX_POINT,"'',#32611"
15860,VERTEX_POINT,"'',#32613"
15861,VERTEX_POINT,"'',#32615"
15862,VERTEX_POINT,"'',#32617"
15863,VERTEX_POINT,"'',#32619"
15864,VERTEX_POINT,"'',#32622"
15865,VERTEX_POINT,"'',#32624"
15866,VERTEX_POINT,"'',#32628"
15867,VERTEX_POINT,"'',#32630"
15868,VERTEX_POINT,"'',#32634"
15869,VERTEX_POINT,"'',#32635"
15870,VERTEX_POINT,"'',#32637"
15871,VERTEX_POINT,"'',#32639"
15872,VERTEX_POINT,"'',#32641"
15873,VERTEX_POINT,"'',#32645"
15874,VERTEX_POINT,"'',#32647"
15875,VERTEX_POINT,"'',#32649"
15876,VERTEX_POINT,"'',#32651"
15877,VERTEX_POINT,"'',#32653"
15878,VERTEX_POINT,"'',#32654"
15879,VERTEX_POINT,"'',#32659"
15880,VERTEX_POINT,"'',#32660"
15881,VERTEX_POINT,"'',#32662"
15882,VERTEX_POINT,"'',#32664"
15883,VERTEX_POINT,"'',#32666"
15884,VERTEX_POINT,"'',#32670"
15885,VERTEX_POINT,"'',#32672"
15886,VERTEX_POINT,"'',#32674"
15887,VERTEX_POINT,"'',#32676"
15888,VERTEX_POINT,"'',#32678"
15889,VERTEX_POINT,"'',#32680"
15890,VERTEX_POINT,"'',#32684"
15891,VERTEX_POINT,"'',#32688"
15892,VERTEX_POINT,"'',#32692"
15893,VERTEX_POINT,"'',#32696"
15894,VERTEX_POINT,"'',#32700"
15895,VERTEX_POINT,"'',#32704"
15896,VERTEX_POINT,"'',#32708"
15897,VERTEX_POINT,"'',#32712"
15898,VERTEX_POINT,"'',#32716"
15899,VERTEX_POINT,"'',#32718"
15900,VERTEX_POINT,"'',#32723"
15901,VERTEX_POINT,"'',#32725"
15902,VERTEX_POINT,"'',#32730"
15903,VERTEX_POINT,"'',#32731"
15904,VERTEX_POINT,"'',#32736"
15905,VERTEX_POINT,"'',#32738"
15906,VERTEX_POINT,"'',#32742"
15907,VERTEX_POINT,"'',#32743"
15908,VERTEX_POINT,"'',#32753"
15909,VERTEX_POINT,"'',#32755"
15910,VERTEX_POINT,"'',#32759"
15911,VERTEX_POINT,"'',#32761"
15912,VERTEX_POINT,"'',#32765"
15913,VERTEX_POINT,"'',#32767"
15914,VERTEX_POINT,"'',#32771"
15915,VERTEX_POINT,"'',#32773"
15916,VERTEX_POINT,"'',#32777"
15917,VERTEX_POINT,"'',#32779"
15918,VERTEX_POINT,"'',#32783"
15919,VERTEX_POINT,"'',#32785"
15920,VERTEX_POINT,"'',#32789"
15921,VERTEX_POINT,"'',#32791"
15922,VERTEX_POINT,"'',#32795"
15923,VERTEX_POINT,"'',#32797"
15924,VERTEX_POINT,"'',#32801"
15925,VERTEX_POINT,"'',#32803"
15926,VERTEX_POINT,"'',#32807"
15927,VERTEX_POINT,"'',#32830"
15928,VERTEX_POINT,"'',#32832"
15929,VERTEX_POINT,"'',#32836"
15930,VERTEX_POINT,"'',#32838"
15931,VERTEX_POINT,"'',#32842"
15932,VERTEX_POINT,"'',#32844"
15933,VERTEX_POINT,"'',#32848"
15934,VERTEX_POINT,"'',#32850"
15935,VERTEX_POINT,"'',#32854"
15936,VERTEX_POINT,"'',#32856"
15937,VERTEX_POINT,"'',#32860"
15938,VERTEX_POINT,"'',#32862"
15939,VERTEX_POINT,"'',#32866"
15940,VERTEX_POINT,"'',#32868"
15941,VERTEX_POINT,"'',#32872"
15942,VERTEX_POINT,"'',#32874"
15943,VERTEX_POINT,"'',#32878"
15944,VERTEX_POINT,"'',#32880"
15945,VERTEX_POINT,"'',#32884"
15946,VERTEX_POINT,"'',#32906"
15947,VERTEX_POINT,"'',#32908"
15948,VERTEX_POINT,"'',#32912"
15949,VERTEX_POINT,"'',#32914"
15950,VERTEX_POINT,"'',#32918"
15951,VERTEX_POINT,"'',#32920"
15952,VERTEX_POINT,"'',#32924"
15953,VERTEX_POINT,"'',#32926"
15954,VERTEX_POINT,"'',#32930"
15955,VERTEX_POINT,"'',#32932"
15956,VERTEX_POINT,"'',#32936"
15957,VERTEX_POINT,"'',#32938"
15958,VERTEX_POINT,"'',#32942"
15959,VERTEX_POINT,"'',#32944"
15960,VERTEX_POINT,"'',#32948"
15961,VERTEX_POINT,"'',#32950"
15962,VERTEX_POINT,"'',#32954"
15963,VERTEX_POINT,"'',#32956"
15964,VERTEX_POINT,"'',#32960"
15965,VERTEX_POINT,"'',#32982"
15966,VERTEX_POINT,"'',#32984"
15967,VERTEX_POINT,"'',#32988"
15968,VERTEX_POINT,"'',#32990"
15969,VERTEX_POINT,"'',#32994"
15970,VERTEX_POINT,"'',#32996"
15971,VERTEX_POINT,"'',#33000"
15972,VERTEX_POINT,"'',#33002"
15973,VERTEX_POINT,"'',#33006"
15974,VERTEX_POINT,"'',#33008"
15975,VERTEX_POINT,"'',#33012"
15976,VERTEX_POINT,"'',#33014"
15977,VERTEX_POINT,"'',#33018"
15978,VERTEX_POINT,"'',#33020"
15979,VERTEX_POINT,"'',#33024"
15980,VERTEX_POINT,"'',#33026"
15981,VERTEX_POINT,"'',#33030"
15982,VERTEX_POINT,"'',#33032"
15983,VERTEX_POINT,"'',#33036"
15984,VERTEX_POINT,"'',#33058"
15985,VERTEX_POINT,"'',#33059"
15986,VERTEX_POINT,"'',#33064"
15987,VERTEX_POINT,"'',#33066"
15988,VERTEX_POINT,"'',#33069"
15989,VERTEX_POINT,"'',#33071"
15990,VERTEX_POINT,"'',#33074"
15991,VERTEX_POINT,"'',#33076"
15992,VERTEX_POINT,"'',#33079"
15993,VERTEX_POINT,"'',#33081"
15994,VERTEX_POINT,"'',#33084"
15995,VERTEX_POINT,"'',#33086"
15996,VERTEX_POINT,"'',#33089"
15997,VERTEX_POINT,"'',#33092"
15998,VERTEX_POINT,"'',#33096"
15999,VERTEX_POINT,"'',#33098"
16000,VERTEX_POINT,"'',#33101"
16001,VERTEX_POINT,"'',#33103"
16002,VERTEX_POINT,"'',#33106"
16003,VERTEX_POINT,"'',#33108"
16004,VERTEX_POINT,"'',#33111"
16005,VERTEX_POINT,"'',#33113"
16006,VERTEX_POINT,"'',#33116"
16007,VERTEX_POINT,"'',#33119"
16008,VERTEX_POINT,"'',#33121"
16009,VERTEX_POINT,"'',#33124"
16010,VERTEX_POINT,"'',#33126"
16011,VERTEX_POINT,"'',#33129"
16012,VERTEX_POINT,"'',#33131"
16013,VERTEX_POINT,"'',#33134"
16014,VERTEX_POINT,"'',#33136"
16015,VERTEX_POINT,"'',#33139"
16016,VERTEX_POINT,"'',#33141"
16017,VERTEX_POINT,"'',#33144"
16018,VERTEX_POINT,"'',#33146"
16019,VERTEX_POINT,"'',#33149"
16020,VERTEX_POINT,"'',#33151"
16021,VERTEX_POINT,"'',#33154"
16022,VERTEX_POINT,"'',#33156"
16023,VERTEX_POINT,"'',#33350"
16024,VERTEX_POINT,"'',#33352"
16025,VERTEX_POINT,"'',#33355"
16026,VERTEX_POINT,"'',#33357"
16027,VERTEX_POINT,"'',#33360"
16028,VERTEX_POINT,"'',#33366"
16029,VERTEX_POINT,"'',#33368"
16030,VERTEX_POINT,"'',#33371"
16031,VERTEX_POINT,"'',#33373"
16032,VERTEX_POINT,"'',#33376"
16033,VERTEX_POINT,"'',#33382"
16034,VERTEX_POINT,"'',#33384"
16035,VERTEX_POINT,"'',#33387"
16036,VERTEX_POINT,"'',#33389"
16037,VERTEX_POINT,"'',#33392"
16038,VERTEX_POINT,"'',#33398"
16039,VERTEX_POINT,"'',#33400"
16040,VERTEX_POINT,"'',#33403"
16041,VERTEX_POINT,"'',#33405"
16042,VERTEX_POINT,"'',#33408"
16043,VERTEX_POINT,"'',#33414"
16044,VERTEX_POINT,"'',#33417"
16045,VERTEX_POINT,"'',#33418"
16046,VERTEX_POINT,"'',#33422"
16047,VERTEX_POINT,"'',#33425"
16048,VERTEX_POINT,"'',#33426"
16049,VERTEX_POINT,"'',#33430"
16050,VERTEX_POINT,"'',#33433"
16051,VERTEX_POINT,"'',#33434"
16052,VERTEX_POINT,"'',#33438"
16053,VERTEX_POINT,"'',#33441"
16054,VERTEX_POINT,"'',#33442"
16055,VERTEX_POINT,"'',#33446"
16056,VERTEX_POINT,"'',#33449"
16057,VERTEX_POINT,"'',#33450"
16058,VERTEX_POINT,"'',#33454"
16059,VERTEX_POINT,"'',#33457"
16060,VERTEX_POINT,"'',#33458"
16061,VERTEX_POINT,"'',#33462"
16062,VERTEX_POINT,"'',#33465"
16063,VERTEX_POINT,"'',#33466"
16064,VERTEX_POINT,"'',#33470"
16065,VERTEX_POINT,"'',#33473"
16066,VERTEX_POINT,"'',#33474"
16067,VERTEX_POINT,"'',#33478"
16068,VERTEX_POINT,"'',#33479"
16069,VERTEX_POINT,"'',#33481"
16070,VERTEX_POINT,"'',#33483"
16071,VERTEX_POINT,"'',#33487"
16072,VERTEX_POINT,"'',#33488"
16073,VERTEX_POINT,"'',#33490"
16074,VERTEX_POINT,"'',#33492"
16075,VERTEX_POINT,"'',#33496"
16076,VERTEX_POINT,"'',#33497"
16077,VERTEX_POINT,"'',#33499"
16078,VERTEX_POINT,"'',#33501"
16079,VERTEX_POINT,"'',#33505"
16080,VERTEX_POINT,"'',#33506"
16081,VERTEX_POINT,"'',#33508"
16082,VERTEX_POINT,"'',#33510"
16083,VERTEX_POINT,"'',#33514"
16084,VERTEX_POINT,"'',#33515"
16085,VERTEX_POINT,"'',#33517"
16086,VERTEX_POINT,"'',#33519"
16087,VERTEX_POINT,"'',#33521"
16088,VERTEX_POINT,"'',#33523"
16089,VERTEX_POINT,"'',#33525"
16090,VERTEX_POINT,"'',#33527"
16091,VERTEX_POINT,"'',#33530"
16092,VERTEX_POINT,"'',#33532"
16093,VERTEX_POINT,"'',#33534"
16094,VERTEX_POINT,"'',#33536"
16095,VERTEX_POINT,"'',#33543"
16096,VERTEX_POINT,"'',#33544"
16097,VERTEX_POINT,"'',#33546"
16098,VERTEX_POINT,"'',#33548"
16099,VERTEX_POINT,"'',#33552"
16100,VERTEX_POINT,"'',#33553"
16101,VERTEX_POINT,"'',#33555"
16102,VERTEX_POINT,"'',#33557"
16103,VERTEX_POINT,"'',#33561"
16104,VERTEX_POINT,"'',#33562"
16105,VERTEX_POINT,"'',#33564"
16106,VERTEX_POINT,"'',#33566"
16107,VERTEX_POINT,"'',#33570"
16108,VERTEX_POINT,"'',#33571"
16109,VERTEX_POINT,"'',#33573"
16110,VERTEX_POINT,"'',#33575"
16111,VERTEX_POINT,"'',#33584"
16112,VERTEX_POINT,"'',#33585"
16113,VERTEX_POINT,"'',#33587"
16114,VERTEX_POINT,"'',#33589"
16115,VERTEX_POINT,"'',#33591"
16116,VERTEX_POINT,"'',#33593"
16117,VERTEX_POINT,"'',#33595"
16118,VERTEX_POINT,"'',#33597"
16119,VERTEX_POINT,"'',#33600"
16120,VERTEX_POINT,"'',#33602"
16121,VERTEX_POINT,"'',#33604"
16122,VERTEX_POINT,"'',#33606"
16123,VERTEX_POINT,"'',#33608"
16124,VERTEX_POINT,"'',#33609"
16125,VERTEX_POINT,"'',#33611"
16126,VERTEX_POINT,"'',#33613"
16127,VERTEX_POINT,"'',#33615"
16128,VERTEX_POINT,"'',#33617"
16129,VERTEX_POINT,"'',#33619"
16130,VERTEX_POINT,"'',#33621"
16131,VERTEX_POINT,"'',#33625"
16132,VERTEX_POINT,"'',#33627"
16133,VERTEX_POINT,"'',#33631"
16134,VERTEX_POINT,"'',#33633"
16135,VERTEX_POINT,"'',#33637"
16136,VERTEX_POINT,"'',#33639"
16137,VERTEX_POINT,"'',#33643"
16138,VERTEX_POINT,"'',#33645"
16139,VERTEX_POINT,"'',#33649"
16140,VERTEX_POINT,"'',#33650"
16141,VERTEX_POINT,"'',#33652"
16142,VERTEX_POINT,"'',#33654"
16143,VERTEX_POINT,"'',#33656"
16144,VERTEX_POINT,"'',#33658"
16145,VERTEX_POINT,"'',#33660"
16146,VERTEX_POINT,"'',#33662"
16147,VERTEX_POINT,"'',#33666"
16148,VERTEX_POINT,"'',#33668"
16149,VERTEX_POINT,"'',#33672"
16150,VERTEX_POINT,"'',#33674"
16151,VERTEX_POINT,"'',#33678"
16152,VERTEX_POINT,"'',#33680"
16153,VERTEX_POINT,"'',#33684"
16154,VERTEX_POINT,"'',#33686"
16155,VERTEX_POINT,"'',#33706"
16156,VERTEX_POINT,"'',#33709"
16157,VERTEX_POINT,"'',#33710"
16158,VERTEX_POINT,"'',#33714"
16159,VERTEX_POINT,"'',#33717"
16160,VERTEX_POINT,"'',#33718"
16161,VERTEX_POINT,"'',#33722"
16162,VERTEX_POINT,"'',#33725"
16163,VERTEX_POINT,"'',#33726"
16164,VERTEX_POINT,"'',#33730"
16165,VERTEX_POINT,"'',#33733"
16166,VERTEX_POINT,"'',#33734"
16167,VERTEX_POINT,"'',#33754"
16168,VERTEX_POINT,"'',#33757"
16169,VERTEX_POINT,"'',#33758"
16170,VERTEX_POINT,"'',#33762"
16171,VERTEX_POINT,"'',#33765"
16172,VERTEX_POINT,"'',#33766"
16173,VERTEX_POINT,"'',#33770"
16174,VERTEX_POINT,"'',#33773"
16175,VERTEX_POINT,"'',#33774"
16176,VERTEX_POINT,"'',#33778"
16177,VERTEX_POINT,"'',#33781"
16178,VERTEX_POINT,"'',#33782"
16179,VERTEX_POINT,"'',#33989"
16180,VERTEX_POINT,"'',#33992"
16181,VERTEX_POINT,"'',#33993"
16182,VERTEX_POINT,"'',#33997"
16183,VERTEX_POINT,"'',#33998"
16184,VERTEX_POINT,"'',#34001"
16185,VERTEX_POINT,"'',#34005"
16186,VERTEX_POINT,"'',#34006"
16187,VERTEX_POINT,"'',#34009"
16188,VERTEX_POINT,"'',#34013"
16189,VERTEX_POINT,"'',#34014"
16190,VERTEX_POINT,"'',#34017"
16191,VERTEX_POINT,"'',#34021"
16192,VERTEX_POINT,"'',#34022"
16193,VERTEX_POINT,"'',#34025"
16194,VERTEX_POINT,"'',#34029"
16195,VERTEX_POINT,"'',#34030"
16196,VERTEX_POINT,"'',#34033"
16197,VERTEX_POINT,"'',#34037"
16198,VERTEX_POINT,"'',#34038"
16199,VERTEX_POINT,"'',#34041"
16200,EDGE_CURVE,"'',#14400,#14400,#18797,.T."
16201,EDGE_CURVE,"'',#14401,#14401,#18798,.T."
16202,EDGE_CURVE,"'',#14402,#14402,#18799,.T."
16203,EDGE_CURVE,"'',#14403,#14403,#18800,.T."
16204,EDGE_CURVE,"'',#14404,#14404,#18801,.T."
16205,EDGE_CURVE,"'',#14405,#14405,#18802,.T."
16206,EDGE_CURVE,"'',#14406,#14406,#18803,.T."
16207,EDGE_CURVE,"'',#14407,#14407,#18804,.T."
16208,EDGE_CURVE,"'',#14408,#14408,#18805,.T."
16209,EDGE_CURVE,"'',#14409,#14409,#18806,.T."
16210,EDGE_CURVE,"'',#14410,#14410,#18807,.T."
16211,EDGE_CURVE,"'',#14411,#14411,#18808,.T."
16212,EDGE_CURVE,"'',#14412,#14412,#18809,.T."
16213,EDGE_CURVE,"'',#14413,#14413,#18810,.T."
16214,EDGE_CURVE,"'',#14414,#14414,#18811,.T."
16215,EDGE_CURVE,"'',#14415,#14415,#18812,.T."
16216,EDGE_CURVE,"'',#14416,#14416,#18813,.T."
16217,EDGE_CURVE,"'',#14417,#14417,#18814,.T."
16218,EDGE_CURVE,"'',#14418,#14418,#18815,.T."
16219,EDGE_CURVE,"'',#14419,#14419,#18816,.T."
16220,EDGE_CURVE,"'',#14420,#14420,#18817,.T."
16221,EDGE_CURVE,"'',#14421,#14421,#18818,.T."
16222,EDGE_CURVE,"'',#14422,#14422,#18819,.T."
16223,EDGE_CURVE,"'',#14423,#14423,#18820,.T."
16224,EDGE_CURVE,"'',#14424,#14424,#18821,.T."
16225,EDGE_CURVE,"'',#14425,#14425,#18822,.T."
16226,EDGE_CURVE,"'',#14426,#14427,#2792,.T."
16227,EDGE_CURVE,"'',#14426,#14428,#2793,.T."
16228,EDGE_CURVE,"'',#14428,#14429,#18823,.T."
16229,EDGE_CURVE,"'',#14429,#14430,#2794,.T."
16230,EDGE_CURVE,"'',#14431,#14430,#2795,.T."
16231,EDGE_CURVE,"'',#14431,#14432,#18824,.T."
16232,EDGE_CURVE,"'',#14433,#14432,#2796,.T."
16233,EDGE_CURVE,"'',#14433,#14434,#18825,.T."
16234,EDGE_CURVE,"'',#14435,#14434,#2797,.T."
16235,EDGE_CURVE,"'',#14435,#14427,#18826,.T."
16236,EDGE_CURVE,"'',#14436,#14436,#18827,.T."
16237,EDGE_CURVE,"'',#14437,#14437,#18828,.T."
16238,EDGE_CURVE,"'',#14438,#14438,#18829,.T."
16239,EDGE_CURVE,"'',#14439,#14439,#18830,.T."
16240,EDGE_CURVE,"'',#14440,#14440,#18831,.T."
16241,EDGE_CURVE,"'',#14441,#14441,#18832,.T."
16242,EDGE_CURVE,"'',#14442,#14442,#18833,.T."
16243,EDGE_CURVE,"'',#14443,#14443,#18834,.T."
16244,EDGE_CURVE,"'',#14444,#14445,#2798,.T."
16245,EDGE_CURVE,"'',#14444,#14446,#18835,.T."
16246,EDGE_CURVE,"'',#14447,#14446,#2799,.T."
16247,EDGE_CURVE,"'',#14447,#14448,#18836,.T."
16248,EDGE_CURVE,"'',#14449,#14448,#2800,.T."
16249,EDGE_CURVE,"'',#14449,#14450,#18837,.T."
16250,EDGE_CURVE,"'',#14451,#14450,#2801,.T."
16251,EDGE_CURVE,"'',#14451,#14452,#18838,.T."
16252,EDGE_CURVE,"'',#14453,#14452,#2802,.T."
16253,EDGE_CURVE,"'',#14453,#14454,#18839,.T."
16254,EDGE_CURVE,"'',#14455,#14454,#2803,.T."
16255,EDGE_CURVE,"'',#14455,#14456,#18840,.T."
16256,EDGE_CURVE,"'',#14457,#14456,#2804,.T."
16257,EDGE_CURVE,"'',#14457,#14458,#18841,.T."
16258,EDGE_CURVE,"'',#14459,#14458,#2805,.T."
16259,EDGE_CURVE,"'',#14459,#14460,#18842,.T."
16260,EDGE_CURVE,"'',#14461,#14460,#2806,.T."
16261,EDGE_CURVE,"'',#14461,#14462,#18843,.T."
16262,EDGE_CURVE,"'',#14462,#14445,#18844,.T."
16263,EDGE_CURVE,"'',#14463,#14463,#18845,.T."
16264,EDGE_CURVE,"'',#14464,#14464,#18846,.T."
16265,EDGE_CURVE,"'',#14465,#14465,#18847,.T."
16266,EDGE_CURVE,"'',#14466,#14466,#18848,.T."
16267,EDGE_CURVE,"'',#14467,#14467,#18849,.T."
16268,EDGE_CURVE,"'',#14468,#14469,#2807,.T."
16269,EDGE_CURVE,"'',#14468,#14470,#18850,.T."
16270,EDGE_CURVE,"'',#14471,#14470,#2808,.T."
16271,EDGE_CURVE,"'',#14471,#14472,#18851,.T."
16272,EDGE_CURVE,"'',#14473,#14472,#2809,.T."
16273,EDGE_CURVE,"'',#14473,#14474,#18852,.T."
16274,EDGE_CURVE,"'',#14475,#14474,#2810,.T."
16275,EDGE_CURVE,"'',#14475,#14476,#18853,.T."
16276,EDGE_CURVE,"'',#14477,#14476,#2811,.T."
16277,EDGE_CURVE,"'',#14477,#14478,#18854,.T."
16278,EDGE_CURVE,"'',#14479,#14478,#2812,.T."
16279,EDGE_CURVE,"'',#14479,#14480,#18855,.T."
16280,EDGE_CURVE,"'',#14481,#14480,#2813,.T."
16281,EDGE_CURVE,"'',#14481,#14482,#18856,.T."
16282,EDGE_CURVE,"'',#14483,#14482,#2814,.T."
16283,EDGE_CURVE,"'',#14483,#14484,#18857,.T."
16284,EDGE_CURVE,"'',#14485,#14484,#2815,.T."
16285,EDGE_CURVE,"'',#14485,#14486,#18858,.T."
16286,EDGE_CURVE,"'',#14486,#14469,#18859,.T."
16287,EDGE_CURVE,"'',#14487,#14487,#18860,.T."
16288,EDGE_CURVE,"'',#14488,#14488,#18861,.T."
16289,EDGE_CURVE,"'',#14489,#14489,#18862,.T."
16290,EDGE_CURVE,"'',#14490,#14490,#18863,.T."
16291,EDGE_CURVE,"'',#14491,#14491,#18864,.T."
16292,EDGE_CURVE,"'',#14492,#14493,#2816,.T."
16293,EDGE_CURVE,"'',#14492,#14494,#18865,.T."
16294,EDGE_CURVE,"'',#14495,#14494,#2817,.T."
16295,EDGE_CURVE,"'',#14495,#14496,#18866,.T."
16296,EDGE_CURVE,"'',#14497,#14496,#2818,.T."
16297,EDGE_CURVE,"'',#14497,#14498,#18867,.T."
16298,EDGE_CURVE,"'',#14499,#14498,#2819,.T."
16299,EDGE_CURVE,"'',#14499,#14500,#18868,.T."
16300,EDGE_CURVE,"'',#14501,#14500,#2820,.T."
16301,EDGE_CURVE,"'',#14501,#14502,#18869,.T."
16302,EDGE_CURVE,"'',#14503,#14502,#2821,.T."
16303,EDGE_CURVE,"'',#14503,#14504,#18870,.T."
16304,EDGE_CURVE,"'',#14505,#14504,#2822,.T."
16305,EDGE_CURVE,"'',#14505,#14506,#18871,.T."
16306,EDGE_CURVE,"'',#14507,#14506,#2823,.T."
16307,EDGE_CURVE,"'',#14507,#14508,#18872,.T."
16308,EDGE_CURVE,"'',#14509,#14508,#2824,.T."
16309,EDGE_CURVE,"'',#14509,#14510,#18873,.T."
16310,EDGE_CURVE,"'',#14510,#14493,#18874,.T."
16311,EDGE_CURVE,"'',#14511,#14511,#18875,.T."
16312,EDGE_CURVE,"'',#14512,#14512,#18876,.T."
16313,EDGE_CURVE,"'',#14513,#14513,#18877,.T."
16314,EDGE_CURVE,"'',#14514,#14514,#18878,.T."
16315,EDGE_CURVE,"'',#14515,#14515,#18879,.T."
16316,EDGE_CURVE,"'',#14516,#14517,#2825,.T."
16317,EDGE_CURVE,"'',#14516,#14518,#18880,.T."
16318,EDGE_CURVE,"'',#14519,#14518,#2826,.T."
16319,EDGE_CURVE,"'',#14519,#14520,#18881,.T."
16320,EDGE_CURVE,"'',#14521,#14520,#2827,.T."
16321,EDGE_CURVE,"'',#14521,#14522,#18882,.T."
16322,EDGE_CURVE,"'',#14523,#14522,#2828,.T."
16323,EDGE_CURVE,"'',#14523,#14524,#18883,.T."
16324,EDGE_CURVE,"'',#14525,#14524,#2829,.T."
16325,EDGE_CURVE,"'',#14525,#14526,#18884,.T."
16326,EDGE_CURVE,"'',#14527,#14526,#2830,.T."
16327,EDGE_CURVE,"'',#14527,#14528,#18885,.T."
16328,EDGE_CURVE,"'',#14529,#14528,#2831,.T."
16329,EDGE_CURVE,"'',#14529,#14530,#18886,.T."
16330,EDGE_CURVE,"'',#14531,#14530,#2832,.T."
16331,EDGE_CURVE,"'',#14531,#14532,#18887,.T."
16332,EDGE_CURVE,"'',#14533,#14532,#2833,.T."
16333,EDGE_CURVE,"'',#14533,#14534,#18888,.T."
16334,EDGE_CURVE,"'',#14534,#14517,#18889,.T."
16335,EDGE_CURVE,"'',#14427,#14535,#2834,.T."
16336,EDGE_CURVE,"'',#14535,#14536,#2835,.T."
16337,EDGE_CURVE,"'',#14536,#14537,#2836,.T."
16338,EDGE_CURVE,"'',#14537,#14538,#2837,.T."
16339,EDGE_CURVE,"'',#14538,#14539,#2838,.T."
16340,EDGE_CURVE,"'',#14539,#14540,#2839,.T."
16341,EDGE_CURVE,"'',#14540,#14541,#2840,.T."
16342,EDGE_CURVE,"'',#14541,#14542,#2841,.T."
16343,EDGE_CURVE,"'',#14542,#14543,#2842,.T."
16344,EDGE_CURVE,"'',#14543,#14544,#2843,.T."
16345,EDGE_CURVE,"'',#14544,#14426,#2844,.T."
16346,EDGE_CURVE,"'',#14430,#14545,#2845,.T."
16347,EDGE_CURVE,"'',#14545,#14546,#2846,.T."
16348,EDGE_CURVE,"'',#14546,#14431,#2847,.T."
16349,EDGE_CURVE,"'',#14547,#14547,#18890,.T."
16350,EDGE_CURVE,"'',#14548,#14548,#18891,.T."
16351,EDGE_CURVE,"'',#14549,#14549,#18892,.T."
16352,EDGE_CURVE,"'',#14550,#14550,#18893,.T."
16353,EDGE_CURVE,"'',#14551,#14551,#18894,.T."
16354,EDGE_CURVE,"'',#14552,#14552,#18895,.T."
16355,EDGE_CURVE,"'',#14553,#14553,#18896,.T."
16356,EDGE_CURVE,"'',#14554,#14554,#18897,.T."
16357,EDGE_CURVE,"'',#14555,#14555,#18898,.T."
16358,EDGE_CURVE,"'',#14556,#14556,#18899,.T."
16359,EDGE_CURVE,"'',#14557,#14558,#18900,.T."
16360,EDGE_CURVE,"'',#14558,#14559,#2848,.T."
16361,EDGE_CURVE,"'',#14559,#14560,#18901,.T."
16362,EDGE_CURVE,"'',#14560,#14561,#2849,.T."
16363,EDGE_CURVE,"'',#14561,#14562,#18902,.T."
16364,EDGE_CURVE,"'',#14562,#14563,#18903,.T."
16365,EDGE_CURVE,"'',#14563,#14564,#2850,.T."
16366,EDGE_CURVE,"'',#14564,#14565,#18904,.T."
16367,EDGE_CURVE,"'',#14565,#14566,#2851,.T."
16368,EDGE_CURVE,"'',#14566,#14567,#18905,.T."
16369,EDGE_CURVE,"'',#14567,#14568,#2852,.T."
16370,EDGE_CURVE,"'',#14568,#14569,#18906,.T."
16371,EDGE_CURVE,"'',#14569,#14570,#2853,.T."
16372,EDGE_CURVE,"'',#14570,#14571,#18907,.T."
16373,EDGE_CURVE,"'',#14571,#14572,#2854,.T."
16374,EDGE_CURVE,"'',#14572,#14573,#18908,.T."
16375,EDGE_CURVE,"'',#14573,#14574,#2855,.T."
16376,EDGE_CURVE,"'',#14574,#14575,#18909,.T."
16377,EDGE_CURVE,"'',#14575,#14557,#2856,.T."
16378,EDGE_CURVE,"'',#14576,#14577,#18910,.T."
16379,EDGE_CURVE,"'',#14577,#14578,#2857,.T."
16380,EDGE_CURVE,"'',#14578,#14579,#18911,.T."
16381,EDGE_CURVE,"'',#14579,#14580,#2858,.T."
16382,EDGE_CURVE,"'',#14580,#14581,#18912,.T."
16383,EDGE_CURVE,"'',#14581,#14582,#18913,.T."
16384,EDGE_CURVE,"'',#14582,#14583,#2859,.T."
16385,EDGE_CURVE,"'',#14583,#14584,#18914,.T."
16386,EDGE_CURVE,"'',#14584,#14585,#2860,.T."
16387,EDGE_CURVE,"'',#14585,#14586,#18915,.T."
16388,EDGE_CURVE,"'',#14586,#14587,#2861,.T."
16389,EDGE_CURVE,"'',#14587,#14588,#18916,.T."
16390,EDGE_CURVE,"'',#14588,#14589,#2862,.T."
16391,EDGE_CURVE,"'',#14589,#14590,#18917,.T."
16392,EDGE_CURVE,"'',#14590,#14591,#2863,.T."
16393,EDGE_CURVE,"'',#14591,#14592,#18918,.T."
16394,EDGE_CURVE,"'',#14592,#14593,#2864,.T."
16395,EDGE_CURVE,"'',#14593,#14594,#18919,.T."
16396,EDGE_CURVE,"'',#14594,#14576,#2865,.T."
16397,EDGE_CURVE,"'',#14595,#14596,#18920,.T."
16398,EDGE_CURVE,"'',#14596,#14597,#2866,.T."
16399,EDGE_CURVE,"'',#14597,#14598,#18921,.T."
16400,EDGE_CURVE,"'',#14598,#14599,#2867,.T."
16401,EDGE_CURVE,"'',#14599,#14600,#18922,.T."
16402,EDGE_CURVE,"'',#14600,#14601,#2868,.T."
16403,EDGE_CURVE,"'',#14601,#14602,#18923,.T."
16404,EDGE_CURVE,"'',#14602,#14603,#2869,.T."
16405,EDGE_CURVE,"'',#14603,#14604,#18924,.T."
16406,EDGE_CURVE,"'',#14604,#14605,#2870,.T."
16407,EDGE_CURVE,"'',#14605,#14606,#18925,.T."
16408,EDGE_CURVE,"'',#14606,#14607,#2871,.T."
16409,EDGE_CURVE,"'',#14607,#14608,#18926,.T."
16410,EDGE_CURVE,"'',#14608,#14609,#2872,.T."
16411,EDGE_CURVE,"'',#14609,#14610,#18927,.T."
16412,EDGE_CURVE,"'',#14610,#14611,#2873,.T."
16413,EDGE_CURVE,"'',#14611,#14612,#18928,.T."
16414,EDGE_CURVE,"'',#14612,#14613,#18929,.T."
16415,EDGE_CURVE,"'',#14613,#14595,#2874,.T."
16416,EDGE_CURVE,"'',#14614,#14615,#18930,.T."
16417,EDGE_CURVE,"'',#14615,#14616,#2875,.T."
16418,EDGE_CURVE,"'',#14616,#14617,#18931,.T."
16419,EDGE_CURVE,"'',#14617,#14618,#18932,.T."
16420,EDGE_CURVE,"'',#14618,#14619,#2876,.T."
16421,EDGE_CURVE,"'',#14619,#14620,#18933,.T."
16422,EDGE_CURVE,"'',#14620,#14621,#2877,.T."
16423,EDGE_CURVE,"'',#14621,#14622,#18934,.T."
16424,EDGE_CURVE,"'',#14622,#14623,#2878,.T."
16425,EDGE_CURVE,"'',#14623,#14624,#18935,.T."
16426,EDGE_CURVE,"'',#14624,#14625,#2879,.T."
16427,EDGE_CURVE,"'',#14625,#14626,#18936,.T."
16428,EDGE_CURVE,"'',#14626,#14627,#2880,.T."
16429,EDGE_CURVE,"'',#14627,#14628,#18937,.T."
16430,EDGE_CURVE,"'',#14628,#14629,#2881,.T."
16431,EDGE_CURVE,"'',#14629,#14630,#18938,.T."
16432,EDGE_CURVE,"'',#14630,#14631,#2882,.T."
16433,EDGE_CURVE,"'',#14631,#14632,#18939,.T."
16434,EDGE_CURVE,"'',#14632,#14614,#2883,.T."
16435,EDGE_CURVE,"'',#14633,#14633,#18940,.T."
16436,EDGE_CURVE,"'',#14634,#14634,#18941,.T."
16437,EDGE_CURVE,"'',#14635,#14635,#18942,.T."
16438,EDGE_CURVE,"'',#14636,#14636,#18943,.T."
16439,EDGE_CURVE,"'',#14637,#14637,#18944,.T."
16440,EDGE_CURVE,"'',#14638,#14638,#18945,.T."
16441,EDGE_CURVE,"'',#14639,#14639,#18946,.T."
16442,EDGE_CURVE,"'',#14640,#14640,#18947,.T."
16443,EDGE_CURVE,"'',#14641,#14641,#18948,.T."
16444,EDGE_CURVE,"'',#14642,#14643,#2884,.T."
16445,EDGE_CURVE,"'',#14643,#14644,#2885,.T."
16446,EDGE_CURVE,"'',#14644,#14645,#2886,.T."
16447,EDGE_CURVE,"'',#14645,#14642,#2887,.T."
16448,EDGE_CURVE,"'',#14646,#14646,#18949,.T."
16449,EDGE_CURVE,"'',#14647,#14647,#18950,.T."
16450,EDGE_CURVE,"'',#14648,#14648,#18951,.T."
16451,EDGE_CURVE,"'',#14649,#14649,#18952,.T."
16452,EDGE_CURVE,"'',#14650,#14650,#18953,.T."
16453,EDGE_CURVE,"'',#14651,#14651,#18954,.T."
16454,EDGE_CURVE,"'',#14652,#14652,#18955,.T."
16455,EDGE_CURVE,"'',#14653,#14653,#18956,.T."
16456,EDGE_CURVE,"'',#14654,#14654,#18957,.T."
16457,EDGE_CURVE,"'',#14655,#14655,#18958,.T."
16458,EDGE_CURVE,"'',#14656,#14657,#2888,.T."
16459,EDGE_CURVE,"'',#14657,#14658,#2889,.T."
16460,EDGE_CURVE,"'',#14658,#14659,#2890,.T."
16461,EDGE_CURVE,"'',#14659,#14660,#18959,.T."
16462,EDGE_CURVE,"'',#14660,#14661,#2891,.T."
16463,EDGE_CURVE,"'',#14661,#14662,#18960,.T."
16464,EDGE_CURVE,"'',#14662,#14663,#2892,.T."
16465,EDGE_CURVE,"'',#14663,#14664,#2893,.T."
16466,EDGE_CURVE,"'',#14664,#14665,#2894,.T."
16467,EDGE_CURVE,"'',#14666,#14665,#2895,.T."
16468,EDGE_CURVE,"'',#14666,#14667,#2896,.T."
16469,EDGE_CURVE,"'',#14667,#14668,#2897,.T."
16470,EDGE_CURVE,"'',#14669,#14668,#2898,.T."
16471,EDGE_CURVE,"'',#14670,#14669,#2899,.T."
16472,EDGE_CURVE,"'',#14670,#14671,#2900,.T."
16473,EDGE_CURVE,"'',#14672,#14671,#2901,.T."
16474,EDGE_CURVE,"'',#14673,#14672,#2902,.T."
16475,EDGE_CURVE,"'',#14673,#14656,#2903,.T."
16476,EDGE_CURVE,"'',#14674,#14674,#18961,.T."
16477,EDGE_CURVE,"'',#14675,#14675,#18962,.T."
16478,EDGE_CURVE,"'',#14676,#14676,#18963,.T."
16479,EDGE_CURVE,"'',#14677,#14677,#18964,.T."
16480,EDGE_CURVE,"'',#14678,#14679,#2904,.T."
16481,EDGE_CURVE,"'',#14679,#14680,#2905,.T."
16482,EDGE_CURVE,"'',#14680,#14681,#2906,.T."
16483,EDGE_CURVE,"'',#14682,#14681,#2907,.T."
16484,EDGE_CURVE,"'',#14682,#14683,#2908,.T."
16485,EDGE_CURVE,"'',#14683,#14684,#2909,.T."
16486,EDGE_CURVE,"'',#14684,#14685,#2910,.T."
16487,EDGE_CURVE,"'',#14685,#14686,#2911,.T."
16488,EDGE_CURVE,"'',#14686,#14687,#2912,.T."
16489,EDGE_CURVE,"'',#14687,#14688,#18965,.T."
16490,EDGE_CURVE,"'',#14688,#14689,#2913,.T."
16491,EDGE_CURVE,"'',#14689,#14678,#18966,.T."
16492,EDGE_CURVE,"'',#14690,#14690,#18967,.T."
16493,EDGE_CURVE,"'',#14691,#14692,#2914,.T."
16494,EDGE_CURVE,"'',#14693,#14691,#18968,.T."
16495,EDGE_CURVE,"'',#14694,#14693,#1630,.T."
16496,EDGE_CURVE,"'',#14695,#14694,#2915,.T."
16497,EDGE_CURVE,"'',#14696,#14695,#18969,.T."
16498,EDGE_CURVE,"'',#14697,#14696,#18970,.T."
16499,EDGE_CURVE,"'',#14698,#14697,#2916,.T."
16500,EDGE_CURVE,"'',#14699,#14698,#2917,.T."
16501,EDGE_CURVE,"'',#14692,#14699,#2918,.T."
16502,EDGE_CURVE,"'',#14700,#14701,#2919,.T."
16503,EDGE_CURVE,"'',#14702,#14700,#2920,.T."
16504,EDGE_CURVE,"'',#14703,#14702,#1631,.T."
16505,EDGE_CURVE,"'',#14704,#14703,#1632,.T."
16506,EDGE_CURVE,"'',#14705,#14704,#2921,.T."
16507,EDGE_CURVE,"'',#14706,#14705,#2922,.T."
16508,EDGE_CURVE,"'',#14707,#14706,#2923,.T."
16509,EDGE_CURVE,"'',#14708,#14707,#2924,.T."
16510,EDGE_CURVE,"'',#14709,#14708,#2925,.T."
16511,EDGE_CURVE,"'',#14710,#14709,#2926,.T."
16512,EDGE_CURVE,"'',#14711,#14710,#2927,.T."
16513,EDGE_CURVE,"'',#14712,#14711,#2928,.T."
16514,EDGE_CURVE,"'',#14713,#14712,#2929,.T."
16515,EDGE_CURVE,"'',#14714,#14713,#2930,.T."
16516,EDGE_CURVE,"'',#14701,#14714,#2931,.T."
16517,EDGE_CURVE,"'',#14715,#14716,#18971,.T."
16518,EDGE_CURVE,"'',#14717,#14715,#18972,.T."
16519,EDGE_CURVE,"'',#14718,#14717,#18973,.T."
16520,EDGE_CURVE,"'',#14719,#14718,#18974,.T."
16521,EDGE_CURVE,"'',#14720,#14719,#18975,.T."
16522,EDGE_CURVE,"'',#14721,#14720,#18976,.T."
16523,EDGE_CURVE,"'',#14722,#14721,#18977,.T."
16524,EDGE_CURVE,"'',#14723,#14722,#18978,.T."
16525,EDGE_CURVE,"'',#14724,#14723,#18979,.T."
16526,EDGE_CURVE,"'',#14725,#14724,#18980,.T."
16527,EDGE_CURVE,"'',#14726,#14725,#18981,.T."
16528,EDGE_CURVE,"'',#14727,#14726,#18982,.T."
16529,EDGE_CURVE,"'',#14728,#14727,#18983,.T."
16530,EDGE_CURVE,"'',#14729,#14728,#1633,.T."
16531,EDGE_CURVE,"'',#14730,#14729,#1634,.T."
16532,EDGE_CURVE,"'',#14731,#14730,#18984,.T."
16533,EDGE_CURVE,"'',#14732,#14731,#18985,.T."
16534,EDGE_CURVE,"'',#14733,#14732,#18986,.T."
16535,EDGE_CURVE,"'',#14716,#14733,#2932,.T."
16536,EDGE_CURVE,"'',#14734,#14735,#2933,.T."
16537,EDGE_CURVE,"'',#14735,#14736,#18987,.T."
16538,EDGE_CURVE,"'',#14736,#14737,#2934,.T."
16539,EDGE_CURVE,"'',#14734,#14737,#18988,.T."
16540,EDGE_CURVE,"'',#14738,#14738,#18989,.T."
16541,EDGE_CURVE,"'',#14739,#14740,#2935,.T."
16542,EDGE_CURVE,"'',#14740,#14741,#18990,.T."
16543,EDGE_CURVE,"'',#14741,#14742,#2936,.T."
16544,EDGE_CURVE,"'',#14739,#14742,#18991,.T."
16545,EDGE_CURVE,"'',#14743,#14743,#18992,.T."
16546,EDGE_CURVE,"'',#14744,#14745,#2937,.T."
16547,EDGE_CURVE,"'',#14746,#14744,#2938,.T."
16548,EDGE_CURVE,"'',#14747,#14746,#1635,.T."
16549,EDGE_CURVE,"'',#14748,#14747,#1636,.T."
16550,EDGE_CURVE,"'',#14749,#14748,#2939,.T."
16551,EDGE_CURVE,"'',#14750,#14749,#2940,.T."
16552,EDGE_CURVE,"'',#14751,#14750,#2941,.T."
16553,EDGE_CURVE,"'',#14752,#14751,#2942,.T."
16554,EDGE_CURVE,"'',#14753,#14752,#2943,.T."
16555,EDGE_CURVE,"'',#14754,#14753,#2944,.T."
16556,EDGE_CURVE,"'',#14755,#14754,#2945,.T."
16557,EDGE_CURVE,"'',#14756,#14755,#2946,.T."
16558,EDGE_CURVE,"'',#14757,#14756,#2947,.T."
16559,EDGE_CURVE,"'',#14758,#14757,#2948,.T."
16560,EDGE_CURVE,"'',#14745,#14758,#2949,.T."
16561,EDGE_CURVE,"'',#14759,#14760,#2950,.T."
16562,EDGE_CURVE,"'',#14761,#14759,#18993,.T."
16563,EDGE_CURVE,"'',#14762,#14761,#1637,.T."
16564,EDGE_CURVE,"'',#14763,#14762,#2951,.T."
16565,EDGE_CURVE,"'',#14764,#14763,#18994,.T."
16566,EDGE_CURVE,"'',#14765,#14764,#18995,.T."
16567,EDGE_CURVE,"'',#14766,#14765,#2952,.T."
16568,EDGE_CURVE,"'',#14767,#14766,#2953,.T."
16569,EDGE_CURVE,"'',#14760,#14767,#2954,.T."
16570,EDGE_CURVE,"'',#14768,#14769,#18996,.T."
16571,EDGE_CURVE,"'',#14770,#14768,#18997,.T."
16572,EDGE_CURVE,"'',#14771,#14770,#18998,.T."
16573,EDGE_CURVE,"'',#14772,#14771,#18999,.T."
16574,EDGE_CURVE,"'',#14773,#14772,#19000,.T."
16575,EDGE_CURVE,"'',#14774,#14773,#19001,.T."
16576,EDGE_CURVE,"'',#14775,#14774,#19002,.T."
16577,EDGE_CURVE,"'',#14776,#14775,#19003,.T."
16578,EDGE_CURVE,"'',#14777,#14776,#19004,.T."
16579,EDGE_CURVE,"'',#14778,#14777,#19005,.T."
16580,EDGE_CURVE,"'',#14779,#14778,#19006,.T."
16581,EDGE_CURVE,"'',#14780,#14779,#19007,.T."
16582,EDGE_CURVE,"'',#14781,#14780,#19008,.T."
16583,EDGE_CURVE,"'',#14782,#14781,#1638,.T."
16584,EDGE_CURVE,"'',#14783,#14782,#1639,.T."
16585,EDGE_CURVE,"'',#14784,#14783,#19009,.T."
16586,EDGE_CURVE,"'',#14785,#14784,#19010,.T."
16587,EDGE_CURVE,"'',#14786,#14785,#19011,.T."
16588,EDGE_CURVE,"'',#14769,#14786,#2955,.T."
16589,EDGE_CURVE,"'',#14787,#14788,#2956,.T."
16590,EDGE_CURVE,"'',#14788,#14789,#2957,.T."
16591,EDGE_CURVE,"'',#14789,#14790,#2958,.T."
16592,EDGE_CURVE,"'',#14790,#14791,#2959,.T."
16593,EDGE_CURVE,"'',#14792,#14791,#2960,.T."
16594,EDGE_CURVE,"'',#14792,#14793,#2961,.T."
16595,EDGE_CURVE,"'',#14793,#14794,#2962,.T."
16596,EDGE_CURVE,"'',#14794,#14795,#2963,.T."
16597,EDGE_CURVE,"'',#14795,#14796,#2964,.T."
16598,EDGE_CURVE,"'',#14797,#14796,#2965,.T."
16599,EDGE_CURVE,"'',#14797,#14798,#2966,.T."
16600,EDGE_CURVE,"'',#14798,#14799,#2967,.T."
16601,EDGE_CURVE,"'',#14799,#14800,#2968,.T."
16602,EDGE_CURVE,"'',#14800,#14801,#2969,.T."
16603,EDGE_CURVE,"'',#14801,#14802,#2970,.T."
16604,EDGE_CURVE,"'',#14802,#14787,#2971,.T."
16605,EDGE_CURVE,"'',#14803,#14803,#19012,.T."
16606,EDGE_CURVE,"'',#14804,#14804,#19013,.T."
16607,EDGE_CURVE,"'',#14805,#14806,#2972,.T."
16608,EDGE_CURVE,"'',#14806,#14807,#2973,.T."
16609,EDGE_CURVE,"'',#14807,#14808,#2974,.T."
16610,EDGE_CURVE,"'',#14808,#14809,#2975,.T."
16611,EDGE_CURVE,"'',#14810,#14809,#2976,.T."
16612,EDGE_CURVE,"'',#14810,#14811,#2977,.T."
16613,EDGE_CURVE,"'',#14811,#14812,#2978,.T."
16614,EDGE_CURVE,"'',#14812,#14813,#2979,.T."
16615,EDGE_CURVE,"'',#14813,#14814,#2980,.T."
16616,EDGE_CURVE,"'',#14815,#14814,#2981,.T."
16617,EDGE_CURVE,"'',#14815,#14816,#2982,.T."
16618,EDGE_CURVE,"'',#14816,#14817,#2983,.T."
16619,EDGE_CURVE,"'',#14817,#14818,#2984,.T."
16620,EDGE_CURVE,"'',#14818,#14819,#2985,.T."
16621,EDGE_CURVE,"'',#14819,#14820,#2986,.T."
16622,EDGE_CURVE,"'',#14820,#14805,#2987,.T."
16623,EDGE_CURVE,"'',#14680,#14816,#2988,.T."
16624,EDGE_CURVE,"'',#14681,#14815,#2989,.T."
16625,EDGE_CURVE,"'',#14807,#14657,#2990,.T."
16626,EDGE_CURVE,"'',#14656,#14808,#2991,.T."
16627,EDGE_CURVE,"'',#14664,#14798,#2992,.T."
16628,EDGE_CURVE,"'',#14665,#14797,#2993,.T."
16629,EDGE_CURVE,"'',#14789,#14685,#2994,.T."
16630,EDGE_CURVE,"'',#14684,#14790,#2995,.T."
16631,EDGE_CURVE,"'',#14821,#14821,#19014,.T."
16632,EDGE_CURVE,"'',#14822,#14823,#1626,.T."
16633,EDGE_CURVE,"'',#14823,#14822,#1627,.T."
16634,EDGE_CURVE,"'',#14824,#14825,#2996,.T."
16635,EDGE_CURVE,"'',#14825,#14826,#2997,.T."
16636,EDGE_CURVE,"'',#14827,#14826,#2998,.T."
16637,EDGE_CURVE,"'',#14827,#14828,#2999,.T."
16638,EDGE_CURVE,"'',#14828,#14829,#3000,.T."
16639,EDGE_CURVE,"'',#14829,#14830,#3001,.T."
16640,EDGE_CURVE,"'',#14830,#14831,#3002,.T."
16641,EDGE_CURVE,"'',#14824,#14831,#3003,.T."
16642,EDGE_CURVE,"'',#14832,#14833,#3004,.T."
16643,EDGE_CURVE,"'',#14834,#14832,#19015,.T."
16644,EDGE_CURVE,"'',#14835,#14834,#19016,.T."
16645,EDGE_CURVE,"'',#14836,#14835,#19017,.T."
16646,EDGE_CURVE,"'',#14837,#14836,#19018,.T."
16647,EDGE_CURVE,"'',#14838,#14837,#19019,.T."
16648,EDGE_CURVE,"'',#14839,#14838,#19020,.T."
16649,EDGE_CURVE,"'',#14840,#14839,#19021,.T."
16650,EDGE_CURVE,"'',#14841,#14840,#19022,.T."
16651,EDGE_CURVE,"'',#14842,#14841,#19023,.T."
16652,EDGE_CURVE,"'',#14843,#14842,#3005,.T."
16653,EDGE_CURVE,"'',#14844,#14843,#19024,.T."
16654,EDGE_CURVE,"'',#14845,#14844,#19025,.T."
16655,EDGE_CURVE,"'',#14846,#14845,#19026,.T."
16656,EDGE_CURVE,"'',#14847,#14846,#19027,.T."
16657,EDGE_CURVE,"'',#14848,#14847,#19028,.T."
16658,EDGE_CURVE,"'',#14849,#14848,#19029,.T."
16659,EDGE_CURVE,"'',#14850,#14849,#1640,.T."
16660,EDGE_CURVE,"'',#14851,#14850,#1641,.T."
16661,EDGE_CURVE,"'',#14852,#14851,#19030,.T."
16662,EDGE_CURVE,"'',#14853,#14852,#3006,.T."
16663,EDGE_CURVE,"'',#14833,#14853,#3007,.T."
16664,EDGE_CURVE,"'',#14854,#14855,#3008,.T."
16665,EDGE_CURVE,"'',#14856,#14854,#3009,.T."
16666,EDGE_CURVE,"'',#14857,#14856,#1642,.T."
16667,EDGE_CURVE,"'',#14858,#14857,#1643,.T."
16668,EDGE_CURVE,"'',#14859,#14858,#3010,.T."
16669,EDGE_CURVE,"'',#14860,#14859,#3011,.T."
16670,EDGE_CURVE,"'',#14861,#14860,#3012,.T."
16671,EDGE_CURVE,"'',#14862,#14861,#3013,.T."
16672,EDGE_CURVE,"'',#14863,#14862,#3014,.T."
16673,EDGE_CURVE,"'',#14864,#14863,#3015,.T."
16674,EDGE_CURVE,"'',#14865,#14864,#3016,.T."
16675,EDGE_CURVE,"'',#14866,#14865,#3017,.T."
16676,EDGE_CURVE,"'',#14867,#14866,#3018,.T."
16677,EDGE_CURVE,"'',#14868,#14867,#3019,.T."
16678,EDGE_CURVE,"'',#14855,#14868,#3020,.T."
16679,EDGE_CURVE,"'',#14869,#14870,#19031,.T."
16680,EDGE_CURVE,"'',#14871,#14869,#19032,.T."
16681,EDGE_CURVE,"'',#14872,#14871,#19033,.T."
16682,EDGE_CURVE,"'',#14873,#14872,#19034,.T."
16683,EDGE_CURVE,"'',#14874,#14873,#19035,.T."
16684,EDGE_CURVE,"'',#14875,#14874,#19036,.T."
16685,EDGE_CURVE,"'',#14876,#14875,#19037,.T."
16686,EDGE_CURVE,"'',#14877,#14876,#19038,.T."
16687,EDGE_CURVE,"'',#14878,#14877,#19039,.T."
16688,EDGE_CURVE,"'',#14879,#14878,#19040,.T."
16689,EDGE_CURVE,"'',#14880,#14879,#19041,.T."
16690,EDGE_CURVE,"'',#14881,#14880,#19042,.T."
16691,EDGE_CURVE,"'',#14882,#14881,#19043,.T."
16692,EDGE_CURVE,"'',#14883,#14882,#1644,.T."
16693,EDGE_CURVE,"'',#14884,#14883,#1645,.T."
16694,EDGE_CURVE,"'',#14885,#14884,#19044,.T."
16695,EDGE_CURVE,"'',#14886,#14885,#19045,.T."
16696,EDGE_CURVE,"'',#14887,#14886,#19046,.T."
16697,EDGE_CURVE,"'',#14870,#14887,#3021,.T."
16698,EDGE_CURVE,"'',#14888,#14889,#3022,.T."
16699,EDGE_CURVE,"'',#14890,#14888,#19047,.T."
16700,EDGE_CURVE,"'',#14891,#14890,#1646,.T."
16701,EDGE_CURVE,"'',#14892,#14891,#3023,.T."
16702,EDGE_CURVE,"'',#14893,#14892,#19048,.T."
16703,EDGE_CURVE,"'',#14894,#14893,#19049,.T."
16704,EDGE_CURVE,"'',#14895,#14894,#3024,.T."
16705,EDGE_CURVE,"'',#14896,#14895,#3025,.T."
16706,EDGE_CURVE,"'',#14889,#14896,#3026,.T."
16707,EDGE_CURVE,"'',#14897,#14898,#3027,.T."
16708,EDGE_CURVE,"'',#14899,#14897,#3028,.T."
16709,EDGE_CURVE,"'',#14900,#14899,#1647,.T."
16710,EDGE_CURVE,"'',#14901,#14900,#1648,.T."
16711,EDGE_CURVE,"'',#14902,#14901,#3029,.T."
16712,EDGE_CURVE,"'',#14903,#14902,#3030,.T."
16713,EDGE_CURVE,"'',#14904,#14903,#3031,.T."
16714,EDGE_CURVE,"'',#14905,#14904,#3032,.T."
16715,EDGE_CURVE,"'',#14906,#14905,#3033,.T."
16716,EDGE_CURVE,"'',#14907,#14906,#3034,.T."
16717,EDGE_CURVE,"'',#14908,#14907,#3035,.T."
16718,EDGE_CURVE,"'',#14909,#14908,#3036,.T."
16719,EDGE_CURVE,"'',#14910,#14909,#3037,.T."
16720,EDGE_CURVE,"'',#14911,#14910,#3038,.T."
16721,EDGE_CURVE,"'',#14898,#14911,#3039,.T."
16722,EDGE_CURVE,"'',#14912,#14913,#19050,.T."
16723,EDGE_CURVE,"'',#14914,#14912,#19051,.T."
16724,EDGE_CURVE,"'',#14915,#14914,#19052,.T."
16725,EDGE_CURVE,"'',#14916,#14915,#19053,.T."
16726,EDGE_CURVE,"'',#14917,#14916,#19054,.T."
16727,EDGE_CURVE,"'',#14918,#14917,#19055,.T."
16728,EDGE_CURVE,"'',#14919,#14918,#19056,.T."
16729,EDGE_CURVE,"'',#14920,#14919,#19057,.T."
16730,EDGE_CURVE,"'',#14921,#14920,#19058,.T."
16731,EDGE_CURVE,"'',#14922,#14921,#19059,.T."
16732,EDGE_CURVE,"'',#14923,#14922,#1649,.T."
16733,EDGE_CURVE,"'',#14913,#14923,#19060,.T."
16734,EDGE_CURVE,"'',#14924,#14924,#19061,.T."
16735,EDGE_CURVE,"'',#14925,#14926,#19062,.T."
16736,EDGE_CURVE,"'',#14925,#14927,#3040,.T."
16737,EDGE_CURVE,"'',#14927,#14928,#19063,.T."
16738,EDGE_CURVE,"'',#14928,#14926,#3041,.T."
16739,EDGE_CURVE,"'',#14929,#14929,#19064,.T."
16740,EDGE_CURVE,"'',#14930,#14931,#19065,.T."
16741,EDGE_CURVE,"'',#14930,#14932,#3042,.T."
16742,EDGE_CURVE,"'',#14932,#14933,#19066,.T."
16743,EDGE_CURVE,"'',#14933,#14931,#3043,.T."
16744,EDGE_CURVE,"'',#14934,#14934,#19067,.T."
16745,EDGE_CURVE,"'',#14935,#14936,#19068,.T."
16746,EDGE_CURVE,"'',#14935,#14937,#3044,.T."
16747,EDGE_CURVE,"'',#14937,#14938,#19069,.T."
16748,EDGE_CURVE,"'',#14938,#14936,#3045,.T."
16749,EDGE_CURVE,"'',#14939,#14940,#19070,.T."
16750,EDGE_CURVE,"'',#14941,#14939,#19071,.T."
16751,EDGE_CURVE,"'',#14942,#14941,#19072,.T."
16752,EDGE_CURVE,"'',#14943,#14942,#19073,.T."
16753,EDGE_CURVE,"'',#14944,#14943,#19074,.T."
16754,EDGE_CURVE,"'',#14945,#14944,#19075,.T."
16755,EDGE_CURVE,"'',#14946,#14945,#19076,.T."
16756,EDGE_CURVE,"'',#14947,#14946,#19077,.T."
16757,EDGE_CURVE,"'',#14948,#14947,#19078,.T."
16758,EDGE_CURVE,"'',#14949,#14948,#19079,.T."
16759,EDGE_CURVE,"'',#14950,#14949,#1650,.T."
16760,EDGE_CURVE,"'',#14940,#14950,#19080,.T."
16761,EDGE_CURVE,"'',#14951,#14952,#19081,.T."
16762,EDGE_CURVE,"'',#14953,#14951,#19082,.T."
16763,EDGE_CURVE,"'',#14954,#14953,#19083,.T."
16764,EDGE_CURVE,"'',#14955,#14954,#19084,.T."
16765,EDGE_CURVE,"'',#14956,#14955,#19085,.T."
16766,EDGE_CURVE,"'',#14957,#14956,#19086,.T."
16767,EDGE_CURVE,"'',#14958,#14957,#19087,.T."
16768,EDGE_CURVE,"'',#14959,#14958,#3046,.T."
16769,EDGE_CURVE,"'',#14960,#14959,#1651,.T."
16770,EDGE_CURVE,"'',#14961,#14960,#19088,.T."
16771,EDGE_CURVE,"'',#14962,#14961,#19089,.T."
16772,EDGE_CURVE,"'',#14963,#14962,#19090,.T."
16773,EDGE_CURVE,"'',#14964,#14963,#19091,.T."
16774,EDGE_CURVE,"'',#14965,#14964,#19092,.T."
16775,EDGE_CURVE,"'',#14966,#14965,#19093,.T."
16776,EDGE_CURVE,"'',#14967,#14966,#3047,.T."
16777,EDGE_CURVE,"'',#14968,#14967,#19094,.T."
16778,EDGE_CURVE,"'',#14969,#14968,#19095,.T."
16779,EDGE_CURVE,"'',#14970,#14969,#19096,.T."
16780,EDGE_CURVE,"'',#14971,#14970,#19097,.T."
16781,EDGE_CURVE,"'',#14972,#14971,#19098,.T."
16782,EDGE_CURVE,"'',#14973,#14972,#19099,.T."
16783,EDGE_CURVE,"'',#14974,#14973,#19100,.T."
16784,EDGE_CURVE,"'',#14975,#14974,#19101,.T."
16785,EDGE_CURVE,"'',#14976,#14975,#19102,.T."
16786,EDGE_CURVE,"'',#14977,#14976,#19103,.T."
16787,EDGE_CURVE,"'',#14978,#14977,#19104,.T."
16788,EDGE_CURVE,"'',#14979,#14978,#19105,.T."
16789,EDGE_CURVE,"'',#14980,#14979,#19106,.T."
16790,EDGE_CURVE,"'',#14952,#14980,#3048,.T."
16791,EDGE_CURVE,"'',#14981,#14982,#19107,.T."
16792,EDGE_CURVE,"'',#14983,#14981,#19108,.T."
16793,EDGE_CURVE,"'',#14984,#14983,#19109,.T."
16794,EDGE_CURVE,"'',#14985,#14984,#19110,.T."
16795,EDGE_CURVE,"'',#14986,#14985,#19111,.T."
16796,EDGE_CURVE,"'',#14987,#14986,#19112,.T."
16797,EDGE_CURVE,"'',#14988,#14987,#19113,.T."
16798,EDGE_CURVE,"'',#14989,#14988,#19114,.T."
16799,EDGE_CURVE,"'',#14990,#14989,#19115,.T."
16800,EDGE_CURVE,"'',#14991,#14990,#19116,.T."
16801,EDGE_CURVE,"'',#14992,#14991,#19117,.T."
16802,EDGE_CURVE,"'',#14993,#14992,#19118,.T."
16803,EDGE_CURVE,"'',#14994,#14993,#19119,.T."
16804,EDGE_CURVE,"'',#14995,#14994,#1652,.T."
16805,EDGE_CURVE,"'',#14996,#14995,#1653,.T."
16806,EDGE_CURVE,"'',#14997,#14996,#19120,.T."
16807,EDGE_CURVE,"'',#14998,#14997,#19121,.T."
16808,EDGE_CURVE,"'',#14999,#14998,#19122,.T."
16809,EDGE_CURVE,"'',#14982,#14999,#3049,.T."
16810,EDGE_CURVE,"'',#15000,#15001,#3050,.T."
16811,EDGE_CURVE,"'',#15002,#15000,#3051,.T."
16812,EDGE_CURVE,"'',#15003,#15002,#1654,.T."
16813,EDGE_CURVE,"'',#15004,#15003,#1655,.T."
16814,EDGE_CURVE,"'',#15005,#15004,#3052,.T."
16815,EDGE_CURVE,"'',#15006,#15005,#3053,.T."
16816,EDGE_CURVE,"'',#15007,#15006,#3054,.T."
16817,EDGE_CURVE,"'',#15008,#15007,#3055,.T."
16818,EDGE_CURVE,"'',#15009,#15008,#3056,.T."
16819,EDGE_CURVE,"'',#15010,#15009,#3057,.T."
16820,EDGE_CURVE,"'',#15011,#15010,#3058,.T."
16821,EDGE_CURVE,"'',#15012,#15011,#3059,.T."
16822,EDGE_CURVE,"'',#15013,#15012,#3060,.T."
16823,EDGE_CURVE,"'',#15014,#15013,#3061,.T."
16824,EDGE_CURVE,"'',#15001,#15014,#3062,.T."
16825,EDGE_CURVE,"'',#15015,#15016,#3063,.T."
16826,EDGE_CURVE,"'',#15017,#15015,#19123,.T."
16827,EDGE_CURVE,"'',#15018,#15017,#1656,.T."
16828,EDGE_CURVE,"'',#15019,#15018,#3064,.T."
16829,EDGE_CURVE,"'',#15020,#15019,#19124,.T."
16830,EDGE_CURVE,"'',#15021,#15020,#19125,.T."
16831,EDGE_CURVE,"'',#15022,#15021,#3065,.T."
16832,EDGE_CURVE,"'',#15023,#15022,#3066,.T."
16833,EDGE_CURVE,"'',#15016,#15023,#3067,.T."
16834,EDGE_CURVE,"'',#15024,#15025,#3068,.T."
16835,EDGE_CURVE,"'',#15026,#15024,#3069,.T."
16836,EDGE_CURVE,"'',#15027,#15026,#3070,.T."
16837,EDGE_CURVE,"'',#15028,#15027,#3071,.T."
16838,EDGE_CURVE,"'',#15029,#15028,#3072,.T."
16839,EDGE_CURVE,"'',#15030,#15029,#3073,.T."
16840,EDGE_CURVE,"'',#15031,#15030,#3074,.T."
16841,EDGE_CURVE,"'',#15032,#15031,#3075,.T."
16842,EDGE_CURVE,"'',#15033,#15032,#3076,.T."
16843,EDGE_CURVE,"'',#15034,#15033,#3077,.T."
16844,EDGE_CURVE,"'',#15025,#15034,#3078,.T."
16845,EDGE_CURVE,"'',#15035,#15036,#3079,.T."
16846,EDGE_CURVE,"'',#15036,#15037,#3080,.T."
16847,EDGE_CURVE,"'',#15038,#15037,#3081,.T."
16848,EDGE_CURVE,"'',#15038,#15039,#3082,.T."
16849,EDGE_CURVE,"'',#15039,#15040,#3083,.T."
16850,EDGE_CURVE,"'',#15040,#15041,#3084,.T."
16851,EDGE_CURVE,"'',#15041,#15042,#3085,.T."
16852,EDGE_CURVE,"'',#15035,#15042,#3086,.T."
16853,EDGE_CURVE,"'',#15043,#15044,#3087,.T."
16854,EDGE_CURVE,"'',#15045,#15043,#19126,.T."
16855,EDGE_CURVE,"'',#15046,#15045,#1657,.T."
16856,EDGE_CURVE,"'',#15047,#15046,#3088,.T."
16857,EDGE_CURVE,"'',#15048,#15047,#19127,.T."
16858,EDGE_CURVE,"'',#15049,#15048,#19128,.T."
16859,EDGE_CURVE,"'',#15050,#15049,#3089,.T."
16860,EDGE_CURVE,"'',#15051,#15050,#3090,.T."
16861,EDGE_CURVE,"'',#15044,#15051,#3091,.T."
16862,EDGE_CURVE,"'',#15052,#15053,#3092,.T."
16863,EDGE_CURVE,"'',#15054,#15052,#3093,.T."
16864,EDGE_CURVE,"'',#15055,#15054,#1658,.T."
16865,EDGE_CURVE,"'',#15056,#15055,#1659,.T."
16866,EDGE_CURVE,"'',#15057,#15056,#3094,.T."
16867,EDGE_CURVE,"'',#15058,#15057,#3095,.T."
16868,EDGE_CURVE,"'',#15059,#15058,#3096,.T."
16869,EDGE_CURVE,"'',#15060,#15059,#3097,.T."
16870,EDGE_CURVE,"'',#15061,#15060,#3098,.T."
16871,EDGE_CURVE,"'',#15062,#15061,#3099,.T."
16872,EDGE_CURVE,"'',#15063,#15062,#3100,.T."
16873,EDGE_CURVE,"'',#15064,#15063,#3101,.T."
16874,EDGE_CURVE,"'',#15065,#15064,#3102,.T."
16875,EDGE_CURVE,"'',#15066,#15065,#3103,.T."
16876,EDGE_CURVE,"'',#15053,#15066,#3104,.T."
16877,EDGE_CURVE,"'',#15067,#15068,#19129,.T."
16878,EDGE_CURVE,"'',#15069,#15067,#19130,.T."
16879,EDGE_CURVE,"'',#15070,#15069,#19131,.T."
16880,EDGE_CURVE,"'',#15071,#15070,#19132,.T."
16881,EDGE_CURVE,"'',#15072,#15071,#19133,.T."
16882,EDGE_CURVE,"'',#15073,#15072,#19134,.T."
16883,EDGE_CURVE,"'',#15074,#15073,#19135,.T."
16884,EDGE_CURVE,"'',#15075,#15074,#19136,.T."
16885,EDGE_CURVE,"'',#15076,#15075,#19137,.T."
16886,EDGE_CURVE,"'',#15077,#15076,#19138,.T."
16887,EDGE_CURVE,"'',#15078,#15077,#19139,.T."
16888,EDGE_CURVE,"'',#15079,#15078,#19140,.T."
16889,EDGE_CURVE,"'',#15080,#15079,#19141,.T."
16890,EDGE_CURVE,"'',#15081,#15080,#1660,.T."
16891,EDGE_CURVE,"'',#15082,#15081,#1661,.T."
16892,EDGE_CURVE,"'',#15083,#15082,#19142,.T."
16893,EDGE_CURVE,"'',#15084,#15083,#19143,.T."
16894,EDGE_CURVE,"'',#15085,#15084,#19144,.T."
16895,EDGE_CURVE,"'',#15068,#15085,#3105,.T."
16896,EDGE_CURVE,"'',#15086,#15086,#19145,.T."
16897,EDGE_CURVE,"'',#15087,#15087,#19146,.T."
16898,EDGE_CURVE,"'',#15088,#15089,#19147,.T."
16899,EDGE_CURVE,"'',#15088,#15090,#3106,.T."
16900,EDGE_CURVE,"'',#15090,#15091,#19148,.T."
16901,EDGE_CURVE,"'',#15091,#15089,#3107,.T."
16902,EDGE_CURVE,"'',#15092,#15092,#19149,.T."
16903,EDGE_CURVE,"'',#15093,#15094,#19150,.T."
16904,EDGE_CURVE,"'',#15093,#15095,#3108,.T."
16905,EDGE_CURVE,"'',#15095,#15096,#19151,.T."
16906,EDGE_CURVE,"'',#15096,#15094,#3109,.T."
16907,EDGE_CURVE,"'',#15097,#15098,#3110,.T."
16908,EDGE_CURVE,"'',#15097,#15099,#19152,.T."
16909,EDGE_CURVE,"'',#15100,#15099,#3111,.T."
16910,EDGE_CURVE,"'',#15098,#15100,#19153,.T."
16911,EDGE_CURVE,"'',#15101,#15102,#3112,.T."
16912,EDGE_CURVE,"'',#15103,#15101,#3113,.T."
16913,EDGE_CURVE,"'',#15104,#15103,#1662,.T."
16914,EDGE_CURVE,"'',#15105,#15104,#1663,.T."
16915,EDGE_CURVE,"'',#15106,#15105,#3114,.T."
16916,EDGE_CURVE,"'',#15107,#15106,#3115,.T."
16917,EDGE_CURVE,"'',#15108,#15107,#3116,.T."
16918,EDGE_CURVE,"'',#15109,#15108,#3117,.T."
16919,EDGE_CURVE,"'',#15110,#15109,#3118,.T."
16920,EDGE_CURVE,"'',#15111,#15110,#3119,.T."
16921,EDGE_CURVE,"'',#15112,#15111,#3120,.T."
16922,EDGE_CURVE,"'',#15113,#15112,#3121,.T."
16923,EDGE_CURVE,"'',#15114,#15113,#3122,.T."
16924,EDGE_CURVE,"'',#15115,#15114,#3123,.T."
16925,EDGE_CURVE,"'',#15102,#15115,#3124,.T."
16926,EDGE_CURVE,"'',#15116,#15117,#3125,.T."
16927,EDGE_CURVE,"'',#15118,#15116,#19154,.T."
16928,EDGE_CURVE,"'',#15119,#15118,#1664,.T."
16929,EDGE_CURVE,"'',#15120,#15119,#3126,.T."
16930,EDGE_CURVE,"'',#15121,#15120,#19155,.T."
16931,EDGE_CURVE,"'',#15122,#15121,#19156,.T."
16932,EDGE_CURVE,"'',#15123,#15122,#3127,.T."
16933,EDGE_CURVE,"'',#15124,#15123,#3128,.T."
16934,EDGE_CURVE,"'',#15117,#15124,#3129,.T."
16935,EDGE_CURVE,"'',#15125,#15126,#19157,.T."
16936,EDGE_CURVE,"'',#15127,#15125,#19158,.T."
16937,EDGE_CURVE,"'',#15128,#15127,#19159,.T."
16938,EDGE_CURVE,"'',#15129,#15128,#19160,.T."
16939,EDGE_CURVE,"'',#15130,#15129,#19161,.T."
16940,EDGE_CURVE,"'',#15131,#15130,#19162,.T."
16941,EDGE_CURVE,"'',#15132,#15131,#19163,.T."
16942,EDGE_CURVE,"'',#15133,#15132,#19164,.T."
16943,EDGE_CURVE,"'',#15134,#15133,#19165,.T."
16944,EDGE_CURVE,"'',#15135,#15134,#19166,.T."
16945,EDGE_CURVE,"'',#15136,#15135,#19167,.T."
16946,EDGE_CURVE,"'',#15137,#15136,#19168,.T."
16947,EDGE_CURVE,"'',#15138,#15137,#19169,.T."
16948,EDGE_CURVE,"'',#15139,#15138,#1665,.T."
16949,EDGE_CURVE,"'',#15140,#15139,#1666,.T."
16950,EDGE_CURVE,"'',#15141,#15140,#19170,.T."
16951,EDGE_CURVE,"'',#15142,#15141,#19171,.T."
16952,EDGE_CURVE,"'',#15143,#15142,#19172,.T."
16953,EDGE_CURVE,"'',#15126,#15143,#3130,.T."
16954,EDGE_CURVE,"'',#15144,#15144,#19173,.T."
16955,EDGE_CURVE,"'',#15145,#15145,#19174,.T."
16956,EDGE_CURVE,"'',#15146,#15146,#19175,.T."
16957,EDGE_CURVE,"'',#15147,#15147,#19176,.T."
16958,EDGE_CURVE,"'',#15148,#15148,#19177,.T."
16959,EDGE_CURVE,"'',#15149,#15149,#19178,.T."
16960,EDGE_CURVE,"'',#15150,#15150,#19179,.T."
16961,EDGE_CURVE,"'',#15151,#15151,#19180,.T."
16962,EDGE_CURVE,"'',#15152,#15152,#19181,.T."
16963,EDGE_CURVE,"'',#15153,#15153,#19182,.T."
16964,EDGE_CURVE,"'',#15154,#15154,#19183,.T."
16965,EDGE_CURVE,"'',#15155,#15155,#19184,.T."
16966,EDGE_CURVE,"'',#15156,#15156,#19185,.T."
16967,EDGE_CURVE,"'',#15157,#15157,#19186,.T."
16968,EDGE_CURVE,"'',#15158,#15158,#19187,.T."
16969,EDGE_CURVE,"'',#15159,#15159,#19188,.T."
16970,EDGE_CURVE,"'',#15160,#15160,#19189,.T."
16971,EDGE_CURVE,"'',#15161,#15161,#19190,.T."
16972,EDGE_CURVE,"'',#15162,#15162,#19191,.T."
16973,EDGE_CURVE,"'',#15163,#15163,#19192,.T."
16974,EDGE_CURVE,"'',#15164,#15164,#19193,.T."
16975,EDGE_CURVE,"'',#15165,#15165,#19194,.T."
16976,EDGE_CURVE,"'',#15036,#14666,#3131,.T."
16977,EDGE_CURVE,"'',#15035,#14667,#3132,.T."
16978,EDGE_CURVE,"'',#14825,#14682,#3133,.T."
16979,EDGE_CURVE,"'',#14824,#14683,#3134,.T."
16980,EDGE_CURVE,"'',#14642,#15040,#3135,.T."
16981,EDGE_CURVE,"'',#15039,#14643,#3136,.T."
16982,EDGE_CURVE,"'',#14829,#14644,#3137,.T."
16983,EDGE_CURVE,"'',#14645,#14828,#3138,.T."
16984,EDGE_CURVE,"'',#14673,#15166,#3139,.T."
16985,EDGE_CURVE,"'',#14672,#15167,#3140,.T."
16986,EDGE_CURVE,"'',#15167,#15166,#3141,.T."
16987,EDGE_CURVE,"'',#15168,#14671,#3142,.T."
16988,EDGE_CURVE,"'',#15168,#15167,#3143,.T."
16989,EDGE_CURVE,"'',#14670,#15169,#3144,.T."
16990,EDGE_CURVE,"'',#14669,#15170,#3145,.T."
16991,EDGE_CURVE,"'',#15170,#15169,#3146,.T."
16992,EDGE_CURVE,"'',#15171,#14668,#3147,.T."
16993,EDGE_CURVE,"'',#15171,#15170,#3148,.T."
16994,EDGE_CURVE,"'',#15171,#15169,#3149,.T."
16995,EDGE_CURVE,"'',#15168,#15166,#3150,.T."
16996,EDGE_CURVE,"'',#15038,#14795,#3151,.T."
16997,EDGE_CURVE,"'',#15039,#14794,#3152,.T."
16998,EDGE_CURVE,"'',#14827,#14813,#3153,.T."
16999,EDGE_CURVE,"'',#14828,#14812,#3154,.T."
17000,EDGE_CURVE,"'',#14830,#14792,#3155,.T."
17001,EDGE_CURVE,"'',#14793,#14829,#3156,.T."
17002,EDGE_CURVE,"'',#14793,#14644,#3157,.T."
17003,EDGE_CURVE,"'',#14645,#14812,#3158,.T."
17004,EDGE_CURVE,"'',#14794,#14643,#3159,.T."
17005,EDGE_CURVE,"'',#15041,#14810,#3160,.T."
17006,EDGE_CURVE,"'',#14811,#15040,#3161,.T."
17007,EDGE_CURVE,"'',#14642,#14811,#3162,.T."
17008,EDGE_CURVE,"'',#15172,#15172,#19195,.T."
17009,EDGE_CURVE,"'',#15173,#15173,#19196,.T."
17010,EDGE_CURVE,"'',#15174,#15174,#19197,.T."
17011,EDGE_CURVE,"'',#15175,#15175,#19198,.T."
17012,EDGE_CURVE,"'',#15176,#15176,#19199,.T."
17013,EDGE_CURVE,"'',#15177,#15177,#19200,.T."
17014,EDGE_CURVE,"'',#15178,#15178,#19201,.T."
17015,EDGE_CURVE,"'',#15179,#15179,#19202,.T."
17016,EDGE_CURVE,"'',#15180,#15180,#19203,.T."
17017,EDGE_CURVE,"'',#15182,#15182,#19204,.T."
17018,EDGE_CURVE,"'',#15184,#15184,#19205,.T."
17019,EDGE_CURVE,"'',#15186,#15186,#19206,.T."
17020,EDGE_CURVE,"'',#14826,#14814,#3163,.T."
17021,EDGE_CURVE,"'',#14831,#14791,#3164,.T."
17022,EDGE_CURVE,"'',#15037,#14796,#3165,.T."
17023,EDGE_CURVE,"'',#15042,#14809,#3166,.T."
17024,EDGE_CURVE,"'',#15188,#15189,#3167,.T."
17025,EDGE_CURVE,"'',#15189,#15190,#3168,.T."
17026,EDGE_CURVE,"'',#15190,#15191,#3169,.T."
17027,EDGE_CURVE,"'',#15191,#15192,#3170,.T."
17028,EDGE_CURVE,"'',#15192,#15193,#3171,.T."
17029,EDGE_CURVE,"'',#15193,#15188,#3172,.T."
17030,EDGE_CURVE,"'',#15194,#15194,#19207,.T."
17031,EDGE_CURVE,"'',#15195,#15195,#19208,.T."
17032,EDGE_CURVE,"'',#15196,#15196,#19209,.T."
17033,EDGE_CURVE,"'',#15197,#15197,#19210,.T."
17034,EDGE_CURVE,"'',#15198,#15198,#19211,.T."
17035,EDGE_CURVE,"'',#15199,#15199,#19212,.T."
17036,EDGE_CURVE,"'',#15200,#15200,#19213,.T."
17037,EDGE_CURVE,"'',#15201,#15201,#19214,.T."
17038,EDGE_CURVE,"'',#15202,#15202,#19215,.T."
17039,EDGE_CURVE,"'',#15203,#15203,#19216,.T."
17040,EDGE_CURVE,"'',#15204,#15204,#19217,.T."
17041,EDGE_CURVE,"'',#15205,#15206,#19218,.T."
17042,EDGE_CURVE,"'',#15205,#15207,#3173,.T."
17043,EDGE_CURVE,"'',#15207,#15208,#19219,.T."
17044,EDGE_CURVE,"'',#15208,#15206,#3174,.T."
17045,EDGE_CURVE,"'',#15210,#14935,#3175,.T."
17046,EDGE_CURVE,"'',#15206,#15210,#3176,.T."
17047,EDGE_CURVE,"'',#15208,#15211,#3177,.T."
17048,EDGE_CURVE,"'',#15211,#14937,#3178,.T."
17049,EDGE_CURVE,"'',#15212,#14938,#3179,.T."
17050,EDGE_CURVE,"'',#15207,#15212,#3180,.T."
17051,EDGE_CURVE,"'',#15205,#15213,#3181,.T."
17052,EDGE_CURVE,"'',#15213,#14936,#3182,.T."
17053,EDGE_CURVE,"'',#15213,#15210,#19220,.T."
17054,EDGE_CURVE,"'',#15212,#15211,#19221,.T."
17055,EDGE_CURVE,"'',#15214,#15214,#19222,.T."
17056,EDGE_CURVE,"'',#15215,#15216,#19223,.T."
17057,EDGE_CURVE,"'',#15215,#15217,#3183,.T."
17058,EDGE_CURVE,"'',#15217,#15218,#19224,.T."
17059,EDGE_CURVE,"'',#15218,#15216,#3184,.T."
17060,EDGE_CURVE,"'',#15220,#14930,#3185,.T."
17061,EDGE_CURVE,"'',#15216,#15220,#3186,.T."
17062,EDGE_CURVE,"'',#15218,#15221,#3187,.T."
17063,EDGE_CURVE,"'',#15221,#14932,#3188,.T."
17064,EDGE_CURVE,"'',#15222,#14933,#3189,.T."
17065,EDGE_CURVE,"'',#15217,#15222,#3190,.T."
17066,EDGE_CURVE,"'',#15215,#15223,#3191,.T."
17067,EDGE_CURVE,"'',#15223,#14931,#3192,.T."
17068,EDGE_CURVE,"'',#15223,#15220,#19225,.T."
17069,EDGE_CURVE,"'',#15222,#15221,#19226,.T."
17070,EDGE_CURVE,"'',#15224,#15224,#19227,.T."
17071,EDGE_CURVE,"'',#15225,#15226,#19228,.T."
17072,EDGE_CURVE,"'',#15225,#15227,#3193,.T."
17073,EDGE_CURVE,"'',#15227,#15228,#19229,.T."
17074,EDGE_CURVE,"'',#15228,#15226,#3194,.T."
17075,EDGE_CURVE,"'',#15230,#15093,#3195,.T."
17076,EDGE_CURVE,"'',#15226,#15230,#3196,.T."
17077,EDGE_CURVE,"'',#15228,#15231,#3197,.T."
17078,EDGE_CURVE,"'',#15231,#15095,#3198,.T."
17079,EDGE_CURVE,"'',#15232,#15096,#3199,.T."
17080,EDGE_CURVE,"'',#15227,#15232,#3200,.T."
17081,EDGE_CURVE,"'',#15225,#15233,#3201,.T."
17082,EDGE_CURVE,"'',#15233,#15094,#3202,.T."
17083,EDGE_CURVE,"'',#15233,#15230,#19230,.T."
17084,EDGE_CURVE,"'',#15232,#15231,#19231,.T."
17085,EDGE_CURVE,"'',#15234,#15234,#19232,.T."
17086,EDGE_CURVE,"'',#15235,#15236,#19233,.T."
17087,EDGE_CURVE,"'',#15235,#15237,#3203,.T."
17088,EDGE_CURVE,"'',#15237,#15238,#19234,.T."
17089,EDGE_CURVE,"'',#15238,#15236,#3204,.T."
17090,EDGE_CURVE,"'',#15240,#15088,#3205,.T."
17091,EDGE_CURVE,"'',#15236,#15240,#3206,.T."
17092,EDGE_CURVE,"'',#15238,#15241,#3207,.T."
17093,EDGE_CURVE,"'',#15241,#15090,#3208,.T."
17094,EDGE_CURVE,"'',#15242,#15091,#3209,.T."
17095,EDGE_CURVE,"'',#15237,#15242,#3210,.T."
17096,EDGE_CURVE,"'',#15235,#15243,#3211,.T."
17097,EDGE_CURVE,"'',#15243,#15089,#3212,.T."
17098,EDGE_CURVE,"'',#15243,#15240,#19235,.T."
17099,EDGE_CURVE,"'',#15242,#15241,#19236,.T."
17100,EDGE_CURVE,"'',#15244,#15244,#19237,.T."
17101,EDGE_CURVE,"'',#15245,#15246,#19238,.T."
17102,EDGE_CURVE,"'',#15245,#15247,#3213,.T."
17103,EDGE_CURVE,"'',#15247,#15248,#19239,.T."
17104,EDGE_CURVE,"'',#15248,#15246,#3214,.T."
17105,EDGE_CURVE,"'',#15250,#14925,#3215,.T."
17106,EDGE_CURVE,"'',#15246,#15250,#3216,.T."
17107,EDGE_CURVE,"'',#15248,#15251,#3217,.T."
17108,EDGE_CURVE,"'',#15251,#14927,#3218,.T."
17109,EDGE_CURVE,"'',#15252,#14928,#3219,.T."
17110,EDGE_CURVE,"'',#15247,#15252,#3220,.T."
17111,EDGE_CURVE,"'',#15245,#15253,#3221,.T."
17112,EDGE_CURVE,"'',#15253,#14926,#3222,.T."
17113,EDGE_CURVE,"'',#15253,#15250,#19240,.T."
17114,EDGE_CURVE,"'',#15252,#15251,#19241,.T."
17115,EDGE_CURVE,"'',#15254,#14913,#1667,.T."
17116,EDGE_CURVE,"'',#15255,#15254,#19242,.T."
17117,EDGE_CURVE,"'',#15255,#14912,#1668,.T."
17118,EDGE_CURVE,"'',#15256,#15255,#19243,.T."
17119,EDGE_CURVE,"'',#15256,#14914,#1669,.T."
17120,EDGE_CURVE,"'',#15257,#15256,#19244,.T."
17121,EDGE_CURVE,"'',#15257,#14915,#3223,.T."
17122,EDGE_CURVE,"'',#15258,#15257,#19245,.T."
17123,EDGE_CURVE,"'',#15258,#14916,#3224,.T."
17124,EDGE_CURVE,"'',#15259,#15258,#19246,.T."
17125,EDGE_CURVE,"'',#15259,#14917,#1670,.T."
17126,EDGE_CURVE,"'',#15260,#15259,#19247,.T."
17127,EDGE_CURVE,"'',#15260,#14918,#1671,.T."
17128,EDGE_CURVE,"'',#15261,#15260,#19248,.T."
17129,EDGE_CURVE,"'',#15261,#14919,#1672,.T."
17130,EDGE_CURVE,"'',#15262,#15261,#19249,.T."
17131,EDGE_CURVE,"'',#15262,#14920,#3225,.T."
17132,EDGE_CURVE,"'',#15263,#15262,#19250,.T."
17133,EDGE_CURVE,"'',#15263,#14921,#3226,.T."
17134,EDGE_CURVE,"'',#15264,#15263,#19251,.T."
17135,EDGE_CURVE,"'',#15264,#14922,#1673,.T."
17136,EDGE_CURVE,"'',#15265,#15264,#1674,.T."
17137,EDGE_CURVE,"'',#15265,#14923,#1675,.T."
17138,EDGE_CURVE,"'',#15254,#15265,#19252,.T."
17139,EDGE_CURVE,"'',#15266,#15267,#1677,.T."
17140,EDGE_CURVE,"'',#15267,#15268,#1678,.T."
17141,EDGE_CURVE,"'',#15268,#15269,#19253,.T."
17142,EDGE_CURVE,"'',#15269,#15270,#19254,.T."
17143,EDGE_CURVE,"'',#15270,#15271,#1679,.T."
17144,EDGE_CURVE,"'',#15271,#15272,#1680,.T."
17145,EDGE_CURVE,"'',#15272,#15273,#19255,.T."
17146,EDGE_CURVE,"'',#15273,#15266,#19256,.T."
17147,EDGE_CURVE,"'',#15274,#15275,#19257,.T."
17148,EDGE_CURVE,"'',#15275,#15266,#1681,.T."
17149,EDGE_CURVE,"'',#15274,#15273,#3227,.T."
17150,EDGE_CURVE,"'',#15276,#15274,#19258,.T."
17151,EDGE_CURVE,"'',#15276,#15272,#1682,.T."
17152,EDGE_CURVE,"'',#15277,#15276,#1683,.T."
17153,EDGE_CURVE,"'',#15277,#15271,#3228,.T."
17154,EDGE_CURVE,"'',#15278,#15277,#1685,.T."
17155,EDGE_CURVE,"'',#15278,#15270,#1686,.T."
17156,EDGE_CURVE,"'',#15279,#15278,#19259,.T."
17157,EDGE_CURVE,"'',#15279,#15269,#1688,.T."
17158,EDGE_CURVE,"'',#15280,#15279,#19260,.T."
17159,EDGE_CURVE,"'',#15280,#15268,#1689,.T."
17160,EDGE_CURVE,"'',#15281,#15280,#1690,.T."
17161,EDGE_CURVE,"'',#15281,#15267,#3229,.T."
17162,EDGE_CURVE,"'',#15275,#15281,#1692,.T."
17163,EDGE_CURVE,"'',#15282,#14940,#1694,.T."
17164,EDGE_CURVE,"'',#15283,#15282,#19261,.T."
17165,EDGE_CURVE,"'',#15283,#14939,#1695,.T."
17166,EDGE_CURVE,"'',#15284,#15283,#19262,.T."
17167,EDGE_CURVE,"'',#15284,#14941,#1696,.T."
17168,EDGE_CURVE,"'',#15285,#15284,#19263,.T."
17169,EDGE_CURVE,"'',#15285,#14942,#3230,.T."
17170,EDGE_CURVE,"'',#15286,#15285,#19264,.T."
17171,EDGE_CURVE,"'',#15286,#14943,#3231,.T."
17172,EDGE_CURVE,"'',#15287,#15286,#19265,.T."
17173,EDGE_CURVE,"'',#15287,#14944,#1697,.T."
17174,EDGE_CURVE,"'',#15288,#15287,#19266,.T."
17175,EDGE_CURVE,"'',#15288,#14945,#1698,.T."
17176,EDGE_CURVE,"'',#15289,#15288,#19267,.T."
17177,EDGE_CURVE,"'',#15289,#14946,#1699,.T."
17178,EDGE_CURVE,"'',#15290,#15289,#19268,.T."
17179,EDGE_CURVE,"'',#15290,#14947,#3232,.T."
17180,EDGE_CURVE,"'',#15291,#15290,#19269,.T."
17181,EDGE_CURVE,"'',#15291,#14948,#3233,.T."
17182,EDGE_CURVE,"'',#15292,#15291,#19270,.T."
17183,EDGE_CURVE,"'',#15292,#14949,#1700,.T."
17184,EDGE_CURVE,"'',#15293,#15292,#1701,.T."
17185,EDGE_CURVE,"'',#15293,#14950,#1702,.T."
17186,EDGE_CURVE,"'',#15282,#15293,#19271,.T."
17187,EDGE_CURVE,"'',#15294,#15295,#1704,.T."
17188,EDGE_CURVE,"'',#15295,#15296,#1705,.T."
17189,EDGE_CURVE,"'',#15296,#15297,#19272,.T."
17190,EDGE_CURVE,"'',#15297,#15298,#19273,.T."
17191,EDGE_CURVE,"'',#15298,#15299,#1706,.T."
17192,EDGE_CURVE,"'',#15299,#15300,#1707,.T."
17193,EDGE_CURVE,"'',#15300,#15301,#19274,.T."
17194,EDGE_CURVE,"'',#15301,#15294,#19275,.T."
17195,EDGE_CURVE,"'',#15302,#15303,#19276,.T."
17196,EDGE_CURVE,"'',#15303,#15294,#1708,.T."
17197,EDGE_CURVE,"'',#15302,#15301,#3234,.T."
17198,EDGE_CURVE,"'',#15304,#15302,#19277,.T."
17199,EDGE_CURVE,"'',#15304,#15300,#1709,.T."
17200,EDGE_CURVE,"'',#15305,#15304,#1710,.T."
17201,EDGE_CURVE,"'',#15305,#15299,#3235,.T."
17202,EDGE_CURVE,"'',#15306,#15305,#1712,.T."
17203,EDGE_CURVE,"'',#15306,#15298,#1713,.T."
17204,EDGE_CURVE,"'',#15307,#15306,#19278,.T."
17205,EDGE_CURVE,"'',#15307,#15297,#1715,.T."
17206,EDGE_CURVE,"'',#15308,#15307,#19279,.T."
17207,EDGE_CURVE,"'',#15308,#15296,#1716,.T."
17208,EDGE_CURVE,"'',#15309,#15308,#1717,.T."
17209,EDGE_CURVE,"'',#15309,#15295,#3236,.T."
17210,EDGE_CURVE,"'',#15303,#15309,#1719,.T."
17211,EDGE_CURVE,"'',#15310,#14952,#3237,.T."
17212,EDGE_CURVE,"'',#15311,#15310,#19280,.T."
17213,EDGE_CURVE,"'',#15311,#14951,#1721,.T."
17214,EDGE_CURVE,"'',#15312,#15311,#19281,.T."
17215,EDGE_CURVE,"'',#15312,#14953,#3238,.T."
17216,EDGE_CURVE,"'',#15313,#15312,#19282,.T."
17217,EDGE_CURVE,"'',#15313,#14954,#3239,.T."
17218,EDGE_CURVE,"'',#15314,#15313,#19283,.T."
17219,EDGE_CURVE,"'',#15314,#14955,#3240,.T."
17220,EDGE_CURVE,"'',#15315,#15314,#19284,.T."
17221,EDGE_CURVE,"'',#15315,#14956,#3241,.T."
17222,EDGE_CURVE,"'',#15316,#15315,#19285,.T."
17223,EDGE_CURVE,"'',#15316,#14957,#1722,.T."
17224,EDGE_CURVE,"'',#15317,#15316,#19286,.T."
17225,EDGE_CURVE,"'',#15317,#14958,#3242,.T."
17226,EDGE_CURVE,"'',#15318,#15317,#3243,.T."
17227,EDGE_CURVE,"'',#15318,#14959,#3244,.T."
17228,EDGE_CURVE,"'',#15319,#15318,#19287,.T."
17229,EDGE_CURVE,"'',#15319,#14960,#1723,.T."
17230,EDGE_CURVE,"'',#15320,#15319,#19288,.T."
17231,EDGE_CURVE,"'',#15320,#14961,#1724,.T."
17232,EDGE_CURVE,"'',#15321,#15320,#19289,.T."
17233,EDGE_CURVE,"'',#15321,#14962,#1725,.T."
17234,EDGE_CURVE,"'',#15322,#15321,#19290,.T."
17235,EDGE_CURVE,"'',#15322,#14963,#1726,.T."
17236,EDGE_CURVE,"'',#15323,#15322,#19291,.T."
17237,EDGE_CURVE,"'',#15323,#14964,#1727,.T."
17238,EDGE_CURVE,"'',#15324,#15323,#19292,.T."
17239,EDGE_CURVE,"'',#15324,#14965,#1728,.T."
17240,EDGE_CURVE,"'',#15325,#15324,#19293,.T."
17241,EDGE_CURVE,"'',#15325,#14966,#3245,.T."
17242,EDGE_CURVE,"'',#15326,#15325,#3246,.T."
17243,EDGE_CURVE,"'',#15326,#14967,#3247,.T."
17244,EDGE_CURVE,"'',#15327,#15326,#19294,.T."
17245,EDGE_CURVE,"'',#15327,#14968,#1729,.T."
17246,EDGE_CURVE,"'',#15328,#15327,#19295,.T."
17247,EDGE_CURVE,"'',#15328,#14969,#1730,.T."
17248,EDGE_CURVE,"'',#15329,#15328,#19296,.T."
17249,EDGE_CURVE,"'',#15329,#14970,#1731,.T."
17250,EDGE_CURVE,"'',#15330,#15329,#19297,.T."
17251,EDGE_CURVE,"'',#15330,#14971,#1732,.T."
17252,EDGE_CURVE,"'',#15331,#15330,#19298,.T."
17253,EDGE_CURVE,"'',#15331,#14972,#3248,.T."
17254,EDGE_CURVE,"'',#15332,#15331,#19299,.T."
17255,EDGE_CURVE,"'',#15332,#14973,#3249,.T."
17256,EDGE_CURVE,"'',#15333,#15332,#19300,.T."
17257,EDGE_CURVE,"'',#15333,#14974,#1733,.T."
17258,EDGE_CURVE,"'',#15334,#15333,#19301,.T."
17259,EDGE_CURVE,"'',#15334,#14975,#1734,.T."
17260,EDGE_CURVE,"'',#15335,#15334,#19302,.T."
17261,EDGE_CURVE,"'',#15335,#14976,#1735,.T."
17262,EDGE_CURVE,"'',#15336,#15335,#19303,.T."
17263,EDGE_CURVE,"'',#15336,#14977,#1736,.T."
17264,EDGE_CURVE,"'',#15337,#15336,#19304,.T."
17265,EDGE_CURVE,"'',#15337,#14978,#3250,.T."
17266,EDGE_CURVE,"'',#15338,#15337,#19305,.T."
17267,EDGE_CURVE,"'',#15338,#14979,#1737,.T."
17268,EDGE_CURVE,"'',#15339,#15338,#19306,.T."
17269,EDGE_CURVE,"'',#15339,#14980,#3251,.T."
17270,EDGE_CURVE,"'',#15310,#15339,#3252,.T."
17271,EDGE_CURVE,"'',#15340,#15341,#1628,.T."
17272,EDGE_CURVE,"'',#15341,#15340,#1629,.T."
17273,EDGE_CURVE,"'',#15342,#15342,#19307,.T."
17274,EDGE_CURVE,"'',#15343,#15343,#19308,.T."
17275,EDGE_CURVE,"'',#15344,#15345,#19309,.T."
17276,EDGE_CURVE,"'',#15345,#15344,#19310,.T."
17277,EDGE_CURVE,"'',#15346,#15347,#3253,.T."
17278,EDGE_CURVE,"'',#15346,#15348,#3254,.T."
17279,EDGE_CURVE,"'',#15348,#15344,#3255,.T."
17280,EDGE_CURVE,"'',#15344,#15349,#3256,.T."
17281,EDGE_CURVE,"'',#15349,#15100,#3257,.T."
17282,EDGE_CURVE,"'',#15347,#15099,#3258,.T."
17283,EDGE_CURVE,"'',#15346,#15350,#3259,.T."
17284,EDGE_CURVE,"'',#15350,#15097,#3260,.T."
17285,EDGE_CURVE,"'',#15351,#15098,#3261,.T."
17286,EDGE_CURVE,"'',#15345,#15351,#3262,.T."
17287,EDGE_CURVE,"'',#15348,#15345,#3263,.T."
17288,EDGE_CURVE,"'',#15350,#15347,#19311,.T."
17289,EDGE_CURVE,"'',#15351,#15349,#19312,.T."
17290,EDGE_CURVE,"'',#15352,#15353,#3264,.T."
17291,EDGE_CURVE,"'',#15354,#15353,#19313,.T."
17292,EDGE_CURVE,"'',#15354,#15355,#3265,.T."
17293,EDGE_CURVE,"'',#15355,#15352,#19314,.T."
17294,EDGE_CURVE,"'',#15356,#15356,#19315,.T."
17295,EDGE_CURVE,"'',#15358,#14739,#3266,.T."
17296,EDGE_CURVE,"'',#15353,#15358,#3267,.T."
17297,EDGE_CURVE,"'',#15352,#15359,#3268,.T."
17298,EDGE_CURVE,"'',#15359,#14740,#3269,.T."
17299,EDGE_CURVE,"'',#15360,#14741,#3270,.T."
17300,EDGE_CURVE,"'',#15355,#15360,#3271,.T."
17301,EDGE_CURVE,"'',#15354,#15361,#3272,.T."
17302,EDGE_CURVE,"'',#15361,#14742,#3273,.T."
17303,EDGE_CURVE,"'',#15360,#15359,#19316,.T."
17304,EDGE_CURVE,"'',#15361,#15358,#19317,.T."
17305,EDGE_CURVE,"'',#15362,#15363,#3274,.T."
17306,EDGE_CURVE,"'',#15364,#15363,#19318,.T."
17307,EDGE_CURVE,"'',#15364,#15365,#3275,.T."
17308,EDGE_CURVE,"'',#15365,#15362,#19319,.T."
17309,EDGE_CURVE,"'',#15366,#15366,#19320,.T."
17310,EDGE_CURVE,"'',#15368,#14734,#3276,.T."
17311,EDGE_CURVE,"'',#15363,#15368,#3277,.T."
17312,EDGE_CURVE,"'',#15362,#15369,#3278,.T."
17313,EDGE_CURVE,"'',#15369,#14735,#3279,.T."
17314,EDGE_CURVE,"'',#15370,#14736,#3280,.T."
17315,EDGE_CURVE,"'',#15365,#15370,#3281,.T."
17316,EDGE_CURVE,"'',#15364,#15371,#3282,.T."
17317,EDGE_CURVE,"'',#15371,#14737,#3283,.T."
17318,EDGE_CURVE,"'',#15370,#15369,#19321,.T."
17319,EDGE_CURVE,"'',#15371,#15368,#19322,.T."
17320,EDGE_CURVE,"'',#15372,#15372,#19323,.T."
17321,EDGE_CURVE,"'',#15373,#15373,#19324,.T."
17322,EDGE_CURVE,"'',#15374,#15374,#19325,.T."
17323,EDGE_CURVE,"'',#15375,#15375,#19326,.T."
17324,EDGE_CURVE,"'',#15376,#14898,#3284,.T."
17325,EDGE_CURVE,"'',#15377,#15376,#3285,.T."
17326,EDGE_CURVE,"'',#15377,#14897,#3286,.T."
17327,EDGE_CURVE,"'',#15378,#15377,#3287,.T."
17328,EDGE_CURVE,"'',#15378,#14899,#1738,.T."
17329,EDGE_CURVE,"'',#15379,#15378,#19327,.T."
17330,EDGE_CURVE,"'',#15379,#14900,#3288,.T."
17331,EDGE_CURVE,"'',#15380,#15379,#19328,.T."
17332,EDGE_CURVE,"'',#15380,#14901,#1739,.T."
17333,EDGE_CURVE,"'',#15381,#15380,#3289,.T."
17334,EDGE_CURVE,"'',#15381,#14902,#3290,.T."
17335,EDGE_CURVE,"'',#15382,#15381,#3291,.T."
17336,EDGE_CURVE,"'',#15382,#14903,#3292,.T."
17337,EDGE_CURVE,"'',#15383,#15382,#3293,.T."
17338,EDGE_CURVE,"'',#15383,#14904,#3294,.T."
17339,EDGE_CURVE,"'',#15384,#15383,#3295,.T."
17340,EDGE_CURVE,"'',#15384,#14905,#3296,.T."
17341,EDGE_CURVE,"'',#15385,#15384,#3297,.T."
17342,EDGE_CURVE,"'',#15385,#14906,#3298,.T."
17343,EDGE_CURVE,"'',#15386,#15385,#3299,.T."
17344,EDGE_CURVE,"'',#15386,#14907,#3300,.T."
17345,EDGE_CURVE,"'',#15387,#15386,#3301,.T."
17346,EDGE_CURVE,"'',#15387,#14908,#3302,.T."
17347,EDGE_CURVE,"'',#15388,#15387,#3303,.T."
17348,EDGE_CURVE,"'',#15388,#14909,#3304,.T."
17349,EDGE_CURVE,"'',#15389,#15388,#3305,.T."
17350,EDGE_CURVE,"'',#15389,#14910,#3306,.T."
17351,EDGE_CURVE,"'',#15390,#15389,#3307,.T."
17352,EDGE_CURVE,"'',#15390,#14911,#3308,.T."
17353,EDGE_CURVE,"'',#15376,#15390,#3309,.T."
17354,EDGE_CURVE,"'',#15391,#14889,#3310,.T."
17355,EDGE_CURVE,"'',#15392,#15391,#3311,.T."
17356,EDGE_CURVE,"'',#15392,#14888,#3312,.T."
17357,EDGE_CURVE,"'',#15393,#15392,#19329,.T."
17358,EDGE_CURVE,"'',#15393,#14890,#1740,.T."
17359,EDGE_CURVE,"'',#15394,#15393,#19330,.T."
17360,EDGE_CURVE,"'',#15394,#14891,#3313,.T."
17361,EDGE_CURVE,"'',#15395,#15394,#3314,.T."
17362,EDGE_CURVE,"'',#15395,#14892,#3315,.T."
17363,EDGE_CURVE,"'',#15396,#15395,#19331,.T."
17364,EDGE_CURVE,"'',#15396,#14893,#1741,.T."
17365,EDGE_CURVE,"'',#15397,#15396,#19332,.T."
17366,EDGE_CURVE,"'',#15397,#14894,#3316,.T."
17367,EDGE_CURVE,"'',#15398,#15397,#3317,.T."
17368,EDGE_CURVE,"'',#15398,#14895,#3318,.T."
17369,EDGE_CURVE,"'',#15399,#15398,#3319,.T."
17370,EDGE_CURVE,"'',#15399,#14896,#3320,.T."
17371,EDGE_CURVE,"'',#15391,#15399,#3321,.T."
17372,EDGE_CURVE,"'',#15400,#15401,#19333,.T."
17373,EDGE_CURVE,"'',#15401,#15402,#19334,.T."
17374,EDGE_CURVE,"'',#15402,#15403,#19335,.T."
17375,EDGE_CURVE,"'',#15403,#15404,#19336,.T."
17376,EDGE_CURVE,"'',#15404,#15405,#19337,.T."
17377,EDGE_CURVE,"'',#15405,#15406,#19338,.T."
17378,EDGE_CURVE,"'',#15406,#15407,#19339,.T."
17379,EDGE_CURVE,"'',#15407,#15408,#19340,.T."
17380,EDGE_CURVE,"'',#15408,#15400,#19341,.T."
17381,EDGE_CURVE,"'',#15409,#15410,#19342,.T."
17382,EDGE_CURVE,"'',#15410,#15411,#3322,.T."
17383,EDGE_CURVE,"'',#15411,#15412,#19343,.T."
17384,EDGE_CURVE,"'',#15412,#15413,#19344,.T."
17385,EDGE_CURVE,"'',#15413,#15414,#19345,.T."
17386,EDGE_CURVE,"'',#15414,#15415,#1742,.T."
17387,EDGE_CURVE,"'',#15415,#15416,#1743,.T."
17388,EDGE_CURVE,"'',#15416,#15417,#19346,.T."
17389,EDGE_CURVE,"'',#15417,#15418,#19347,.T."
17390,EDGE_CURVE,"'',#15418,#15419,#19348,.T."
17391,EDGE_CURVE,"'',#15419,#15420,#19349,.T."
17392,EDGE_CURVE,"'',#15420,#15421,#19350,.T."
17393,EDGE_CURVE,"'',#15421,#15422,#19351,.T."
17394,EDGE_CURVE,"'',#15422,#15423,#19352,.T."
17395,EDGE_CURVE,"'',#15423,#15424,#19353,.T."
17396,EDGE_CURVE,"'',#15424,#15425,#19354,.T."
17397,EDGE_CURVE,"'',#15425,#15426,#19355,.T."
17398,EDGE_CURVE,"'',#15426,#15427,#19356,.T."
17399,EDGE_CURVE,"'',#15427,#15409,#19357,.T."
17400,EDGE_CURVE,"'',#15410,#14982,#3323,.T."
17401,EDGE_CURVE,"'',#15409,#14981,#1744,.T."
17402,EDGE_CURVE,"'',#15427,#14983,#1745,.T."
17403,EDGE_CURVE,"'',#15426,#14984,#1746,.T."
17404,EDGE_CURVE,"'',#15425,#14985,#1747,.T."
17405,EDGE_CURVE,"'',#15424,#14986,#3324,.T."
17406,EDGE_CURVE,"'',#15423,#14987,#1748,.T."
17407,EDGE_CURVE,"'',#15422,#14988,#1749,.T."
17408,EDGE_CURVE,"'',#15421,#14989,#1750,.T."
17409,EDGE_CURVE,"'',#15420,#14990,#1751,.T."
17410,EDGE_CURVE,"'',#15419,#14991,#1752,.T."
17411,EDGE_CURVE,"'',#15418,#14992,#1753,.T."
17412,EDGE_CURVE,"'',#15417,#14993,#1754,.T."
17413,EDGE_CURVE,"'',#15416,#14994,#1755,.T."
17414,EDGE_CURVE,"'',#15415,#14995,#3325,.T."
17415,EDGE_CURVE,"'',#15414,#14996,#1757,.T."
17416,EDGE_CURVE,"'',#15413,#14997,#3326,.T."
17417,EDGE_CURVE,"'',#15412,#14998,#3327,.T."
17418,EDGE_CURVE,"'',#15411,#14999,#3328,.T."
17419,EDGE_CURVE,"'',#15428,#15429,#19358,.T."
17420,EDGE_CURVE,"'',#15429,#15400,#1759,.T."
17421,EDGE_CURVE,"'',#15428,#15408,#1760,.T."
17422,EDGE_CURVE,"'',#15430,#15428,#19359,.T."
17423,EDGE_CURVE,"'',#15430,#15407,#1761,.T."
17424,EDGE_CURVE,"'',#15431,#15430,#19360,.T."
17425,EDGE_CURVE,"'',#15431,#15406,#1762,.T."
17426,EDGE_CURVE,"'',#15432,#15431,#19361,.T."
17427,EDGE_CURVE,"'',#15432,#15405,#1763,.T."
17428,EDGE_CURVE,"'',#15433,#15432,#19362,.T."
17429,EDGE_CURVE,"'',#15433,#15404,#1764,.T."
17430,EDGE_CURVE,"'',#15434,#15433,#19363,.T."
17431,EDGE_CURVE,"'',#15434,#15403,#1765,.T."
17432,EDGE_CURVE,"'',#15435,#15434,#19364,.T."
17433,EDGE_CURVE,"'',#15435,#15402,#1766,.T."
17434,EDGE_CURVE,"'',#15436,#15435,#19365,.T."
17435,EDGE_CURVE,"'',#15436,#15401,#1767,.T."
17436,EDGE_CURVE,"'',#15429,#15436,#19366,.T."
17437,EDGE_CURVE,"'',#15437,#15001,#3329,.T."
17438,EDGE_CURVE,"'',#15438,#15437,#3330,.T."
17439,EDGE_CURVE,"'',#15438,#15000,#3331,.T."
17440,EDGE_CURVE,"'',#15439,#15438,#3332,.T."
17441,EDGE_CURVE,"'',#15439,#15002,#1768,.T."
17442,EDGE_CURVE,"'',#15440,#15439,#19367,.T."
17443,EDGE_CURVE,"'',#15440,#15003,#3333,.T."
17444,EDGE_CURVE,"'',#15441,#15440,#19368,.T."
17445,EDGE_CURVE,"'',#15441,#15004,#1769,.T."
17446,EDGE_CURVE,"'',#15442,#15441,#3334,.T."
17447,EDGE_CURVE,"'',#15442,#15005,#3335,.T."
17448,EDGE_CURVE,"'',#15443,#15442,#3336,.T."
17449,EDGE_CURVE,"'',#15443,#15006,#3337,.T."
17450,EDGE_CURVE,"'',#15444,#15443,#3338,.T."
17451,EDGE_CURVE,"'',#15444,#15007,#3339,.T."
17452,EDGE_CURVE,"'',#15445,#15444,#3340,.T."
17453,EDGE_CURVE,"'',#15445,#15008,#3341,.T."
17454,EDGE_CURVE,"'',#15446,#15445,#3342,.T."
17455,EDGE_CURVE,"'',#15446,#15009,#3343,.T."
17456,EDGE_CURVE,"'',#15447,#15446,#3344,.T."
17457,EDGE_CURVE,"'',#15447,#15010,#3345,.T."
17458,EDGE_CURVE,"'',#15448,#15447,#3346,.T."
17459,EDGE_CURVE,"'',#15448,#15011,#3347,.T."
17460,EDGE_CURVE,"'',#15449,#15448,#3348,.T."
17461,EDGE_CURVE,"'',#15449,#15012,#3349,.T."
17462,EDGE_CURVE,"'',#15450,#15449,#3350,.T."
17463,EDGE_CURVE,"'',#15450,#15013,#3351,.T."
17464,EDGE_CURVE,"'',#15451,#15450,#3352,.T."
17465,EDGE_CURVE,"'',#15451,#15014,#3353,.T."
17466,EDGE_CURVE,"'',#15437,#15451,#3354,.T."
17467,EDGE_CURVE,"'',#15452,#15016,#3355,.T."
17468,EDGE_CURVE,"'',#15453,#15452,#3356,.T."
17469,EDGE_CURVE,"'',#15453,#15015,#3357,.T."
17470,EDGE_CURVE,"'',#15454,#15453,#19369,.T."
17471,EDGE_CURVE,"'',#15454,#15017,#1770,.T."
17472,EDGE_CURVE,"'',#15455,#15454,#19370,.T."
17473,EDGE_CURVE,"'',#15455,#15018,#3358,.T."
17474,EDGE_CURVE,"'',#15456,#15455,#3359,.T."
17475,EDGE_CURVE,"'',#15456,#15019,#3360,.T."
17476,EDGE_CURVE,"'',#15457,#15456,#19371,.T."
17477,EDGE_CURVE,"'',#15457,#15020,#1771,.T."
17478,EDGE_CURVE,"'',#15458,#15457,#19372,.T."
17479,EDGE_CURVE,"'',#15458,#15021,#3361,.T."
17480,EDGE_CURVE,"'',#15459,#15458,#3362,.T."
17481,EDGE_CURVE,"'',#15459,#15022,#3363,.T."
17482,EDGE_CURVE,"'',#15460,#15459,#3364,.T."
17483,EDGE_CURVE,"'',#15460,#15023,#3365,.T."
17484,EDGE_CURVE,"'',#15452,#15460,#3366,.T."
17485,EDGE_CURVE,"'',#15461,#15462,#19373,.T."
17486,EDGE_CURVE,"'',#15462,#15463,#19374,.T."
17487,EDGE_CURVE,"'',#15463,#15464,#19375,.T."
17488,EDGE_CURVE,"'',#15464,#15465,#19376,.T."
17489,EDGE_CURVE,"'',#15465,#15466,#19377,.T."
17490,EDGE_CURVE,"'',#15466,#15467,#19378,.T."
17491,EDGE_CURVE,"'',#15467,#15468,#19379,.T."
17492,EDGE_CURVE,"'',#15468,#15469,#19380,.T."
17493,EDGE_CURVE,"'',#15469,#15461,#19381,.T."
17494,EDGE_CURVE,"'',#15470,#15471,#19382,.T."
17495,EDGE_CURVE,"'',#15471,#15472,#3367,.T."
17496,EDGE_CURVE,"'',#15472,#15473,#19383,.T."
17497,EDGE_CURVE,"'',#15473,#15474,#19384,.T."
17498,EDGE_CURVE,"'',#15474,#15475,#19385,.T."
17499,EDGE_CURVE,"'',#15475,#15476,#1772,.T."
17500,EDGE_CURVE,"'',#15476,#15477,#1773,.T."
17501,EDGE_CURVE,"'',#15477,#15478,#19386,.T."
17502,EDGE_CURVE,"'',#15478,#15479,#19387,.T."
17503,EDGE_CURVE,"'',#15479,#15480,#19388,.T."
17504,EDGE_CURVE,"'',#15480,#15481,#19389,.T."
17505,EDGE_CURVE,"'',#15481,#15482,#19390,.T."
17506,EDGE_CURVE,"'',#15482,#15483,#19391,.T."
17507,EDGE_CURVE,"'',#15483,#15484,#19392,.T."
17508,EDGE_CURVE,"'',#15484,#15485,#19393,.T."
17509,EDGE_CURVE,"'',#15485,#15486,#19394,.T."
17510,EDGE_CURVE,"'',#15486,#15487,#19395,.T."
17511,EDGE_CURVE,"'',#15487,#15488,#19396,.T."
17512,EDGE_CURVE,"'',#15488,#15470,#19397,.T."
17513,EDGE_CURVE,"'',#15471,#14870,#3368,.T."
17514,EDGE_CURVE,"'',#15470,#14869,#1774,.T."
17515,EDGE_CURVE,"'',#15488,#14871,#1775,.T."
17516,EDGE_CURVE,"'',#15487,#14872,#1776,.T."
17517,EDGE_CURVE,"'',#15486,#14873,#1777,.T."
17518,EDGE_CURVE,"'',#15485,#14874,#3369,.T."
17519,EDGE_CURVE,"'',#15484,#14875,#1778,.T."
17520,EDGE_CURVE,"'',#15483,#14876,#1779,.T."
17521,EDGE_CURVE,"'',#15482,#14877,#1780,.T."
17522,EDGE_CURVE,"'',#15481,#14878,#1781,.T."
17523,EDGE_CURVE,"'',#15480,#14879,#1782,.T."
17524,EDGE_CURVE,"'',#15479,#14880,#1783,.T."
17525,EDGE_CURVE,"'',#15478,#14881,#1784,.T."
17526,EDGE_CURVE,"'',#15477,#14882,#1785,.T."
17527,EDGE_CURVE,"'',#15476,#14883,#3370,.T."
17528,EDGE_CURVE,"'',#15475,#14884,#1787,.T."
17529,EDGE_CURVE,"'',#15474,#14885,#3371,.T."
17530,EDGE_CURVE,"'',#15473,#14886,#3372,.T."
17531,EDGE_CURVE,"'',#15472,#14887,#3373,.T."
17532,EDGE_CURVE,"'',#15489,#15490,#19398,.T."
17533,EDGE_CURVE,"'',#15490,#15461,#1789,.T."
17534,EDGE_CURVE,"'',#15489,#15469,#1790,.T."
17535,EDGE_CURVE,"'',#15491,#15489,#19399,.T."
17536,EDGE_CURVE,"'',#15491,#15468,#1791,.T."
17537,EDGE_CURVE,"'',#15492,#15491,#19400,.T."
17538,EDGE_CURVE,"'',#15492,#15467,#1792,.T."
17539,EDGE_CURVE,"'',#15493,#15492,#19401,.T."
17540,EDGE_CURVE,"'',#15493,#15466,#1793,.T."
17541,EDGE_CURVE,"'',#15494,#15493,#19402,.T."
17542,EDGE_CURVE,"'',#15494,#15465,#1794,.T."
17543,EDGE_CURVE,"'',#15495,#15494,#19403,.T."
17544,EDGE_CURVE,"'',#15495,#15464,#1795,.T."
17545,EDGE_CURVE,"'',#15496,#15495,#19404,.T."
17546,EDGE_CURVE,"'',#15496,#15463,#1796,.T."
17547,EDGE_CURVE,"'',#15497,#15496,#19405,.T."
17548,EDGE_CURVE,"'',#15497,#15462,#1797,.T."
17549,EDGE_CURVE,"'',#15490,#15497,#19406,.T."
17550,EDGE_CURVE,"'',#15498,#15102,#3374,.T."
17551,EDGE_CURVE,"'',#15499,#15498,#3375,.T."
17552,EDGE_CURVE,"'',#15499,#15101,#3376,.T."
17553,EDGE_CURVE,"'',#15500,#15499,#3377,.T."
17554,EDGE_CURVE,"'',#15500,#15103,#1798,.T."
17555,EDGE_CURVE,"'',#15501,#15500,#19407,.T."
17556,EDGE_CURVE,"'',#15501,#15104,#3378,.T."
17557,EDGE_CURVE,"'',#15502,#15501,#19408,.T."
17558,EDGE_CURVE,"'',#15502,#15105,#1799,.T."
17559,EDGE_CURVE,"'',#15503,#15502,#3379,.T."
17560,EDGE_CURVE,"'',#15503,#15106,#3380,.T."
17561,EDGE_CURVE,"'',#15504,#15503,#3381,.T."
17562,EDGE_CURVE,"'',#15504,#15107,#3382,.T."
17563,EDGE_CURVE,"'',#15505,#15504,#3383,.T."
17564,EDGE_CURVE,"'',#15505,#15108,#3384,.T."
17565,EDGE_CURVE,"'',#15506,#15505,#3385,.T."
17566,EDGE_CURVE,"'',#15506,#15109,#3386,.T."
17567,EDGE_CURVE,"'',#15507,#15506,#3387,.T."
17568,EDGE_CURVE,"'',#15507,#15110,#3388,.T."
17569,EDGE_CURVE,"'',#15508,#15507,#3389,.T."
17570,EDGE_CURVE,"'',#15508,#15111,#3390,.T."
17571,EDGE_CURVE,"'',#15509,#15508,#3391,.T."
17572,EDGE_CURVE,"'',#15509,#15112,#3392,.T."
17573,EDGE_CURVE,"'',#15510,#15509,#3393,.T."
17574,EDGE_CURVE,"'',#15510,#15113,#3394,.T."
17575,EDGE_CURVE,"'',#15511,#15510,#3395,.T."
17576,EDGE_CURVE,"'',#15511,#15114,#3396,.T."
17577,EDGE_CURVE,"'',#15512,#15511,#3397,.T."
17578,EDGE_CURVE,"'',#15512,#15115,#3398,.T."
17579,EDGE_CURVE,"'',#15498,#15512,#3399,.T."
17580,EDGE_CURVE,"'',#15513,#15117,#3400,.T."
17581,EDGE_CURVE,"'',#15514,#15513,#3401,.T."
17582,EDGE_CURVE,"'',#15514,#15116,#3402,.T."
17583,EDGE_CURVE,"'',#15515,#15514,#19409,.T."
17584,EDGE_CURVE,"'',#15515,#15118,#1800,.T."
17585,EDGE_CURVE,"'',#15516,#15515,#19410,.T."
17586,EDGE_CURVE,"'',#15516,#15119,#3403,.T."
17587,EDGE_CURVE,"'',#15517,#15516,#3404,.T."
17588,EDGE_CURVE,"'',#15517,#15120,#3405,.T."
17589,EDGE_CURVE,"'',#15518,#15517,#19411,.T."
17590,EDGE_CURVE,"'',#15518,#15121,#1801,.T."
17591,EDGE_CURVE,"'',#15519,#15518,#19412,.T."
17592,EDGE_CURVE,"'',#15519,#15122,#3406,.T."
17593,EDGE_CURVE,"'',#15520,#15519,#3407,.T."
17594,EDGE_CURVE,"'',#15520,#15123,#3408,.T."
17595,EDGE_CURVE,"'',#15521,#15520,#3409,.T."
17596,EDGE_CURVE,"'',#15521,#15124,#3410,.T."
17597,EDGE_CURVE,"'',#15513,#15521,#3411,.T."
17598,EDGE_CURVE,"'',#15522,#15523,#19413,.T."
17599,EDGE_CURVE,"'',#15523,#15524,#19414,.T."
17600,EDGE_CURVE,"'',#15524,#15525,#19415,.T."
17601,EDGE_CURVE,"'',#15525,#15526,#19416,.T."
17602,EDGE_CURVE,"'',#15526,#15527,#19417,.T."
17603,EDGE_CURVE,"'',#15527,#15528,#19418,.T."
17604,EDGE_CURVE,"'',#15528,#15529,#19419,.T."
17605,EDGE_CURVE,"'',#15529,#15530,#19420,.T."
17606,EDGE_CURVE,"'',#15530,#15522,#19421,.T."
17607,EDGE_CURVE,"'',#15531,#15532,#19422,.T."
17608,EDGE_CURVE,"'',#15532,#15533,#3412,.T."
17609,EDGE_CURVE,"'',#15533,#15534,#19423,.T."
17610,EDGE_CURVE,"'',#15534,#15535,#19424,.T."
17611,EDGE_CURVE,"'',#15535,#15536,#19425,.T."
17612,EDGE_CURVE,"'',#15536,#15537,#1802,.T."
17613,EDGE_CURVE,"'',#15537,#15538,#1803,.T."
17614,EDGE_CURVE,"'',#15538,#15539,#19426,.T."
17615,EDGE_CURVE,"'',#15539,#15540,#19427,.T."
17616,EDGE_CURVE,"'',#15540,#15541,#19428,.T."
17617,EDGE_CURVE,"'',#15541,#15542,#19429,.T."
17618,EDGE_CURVE,"'',#15542,#15543,#19430,.T."
17619,EDGE_CURVE,"'',#15543,#15544,#19431,.T."
17620,EDGE_CURVE,"'',#15544,#15545,#19432,.T."
17621,EDGE_CURVE,"'',#15545,#15546,#19433,.T."
17622,EDGE_CURVE,"'',#15546,#15547,#19434,.T."
17623,EDGE_CURVE,"'',#15547,#15548,#19435,.T."
17624,EDGE_CURVE,"'',#15548,#15549,#19436,.T."
17625,EDGE_CURVE,"'',#15549,#15531,#19437,.T."
17626,EDGE_CURVE,"'',#15532,#15068,#3413,.T."
17627,EDGE_CURVE,"'',#15531,#15067,#1804,.T."
17628,EDGE_CURVE,"'',#15549,#15069,#1805,.T."
17629,EDGE_CURVE,"'',#15548,#15070,#1806,.T."
17630,EDGE_CURVE,"'',#15547,#15071,#1807,.T."
17631,EDGE_CURVE,"'',#15546,#15072,#3414,.T."
17632,EDGE_CURVE,"'',#15545,#15073,#1808,.T."
17633,EDGE_CURVE,"'',#15544,#15074,#1809,.T."
17634,EDGE_CURVE,"'',#15543,#15075,#1810,.T."
17635,EDGE_CURVE,"'',#15542,#15076,#1811,.T."
17636,EDGE_CURVE,"'',#15541,#15077,#1812,.T."
17637,EDGE_CURVE,"'',#15540,#15078,#1813,.T."
17638,EDGE_CURVE,"'',#15539,#15079,#1814,.T."
17639,EDGE_CURVE,"'',#15538,#15080,#1815,.T."
17640,EDGE_CURVE,"'',#15537,#15081,#3415,.T."
17641,EDGE_CURVE,"'',#15536,#15082,#1817,.T."
17642,EDGE_CURVE,"'',#15535,#15083,#3416,.T."
17643,EDGE_CURVE,"'',#15534,#15084,#3417,.T."
17644,EDGE_CURVE,"'',#15533,#15085,#3418,.T."
17645,EDGE_CURVE,"'',#15550,#15551,#19438,.T."
17646,EDGE_CURVE,"'',#15551,#15522,#1819,.T."
17647,EDGE_CURVE,"'',#15550,#15530,#1820,.T."
17648,EDGE_CURVE,"'',#15552,#15550,#19439,.T."
17649,EDGE_CURVE,"'',#15552,#15529,#1821,.T."
17650,EDGE_CURVE,"'',#15553,#15552,#19440,.T."
17651,EDGE_CURVE,"'',#15553,#15528,#1822,.T."
17652,EDGE_CURVE,"'',#15554,#15553,#19441,.T."
17653,EDGE_CURVE,"'',#15554,#15527,#1823,.T."
17654,EDGE_CURVE,"'',#15555,#15554,#19442,.T."
17655,EDGE_CURVE,"'',#15555,#15526,#1824,.T."
17656,EDGE_CURVE,"'',#15556,#15555,#19443,.T."
17657,EDGE_CURVE,"'',#15556,#15525,#1825,.T."
17658,EDGE_CURVE,"'',#15557,#15556,#19444,.T."
17659,EDGE_CURVE,"'',#15557,#15524,#1826,.T."
17660,EDGE_CURVE,"'',#15558,#15557,#19445,.T."
17661,EDGE_CURVE,"'',#15558,#15523,#1827,.T."
17662,EDGE_CURVE,"'',#15551,#15558,#19446,.T."
17663,EDGE_CURVE,"'',#15559,#15053,#3419,.T."
17664,EDGE_CURVE,"'',#15560,#15559,#3420,.T."
17665,EDGE_CURVE,"'',#15560,#15052,#3421,.T."
17666,EDGE_CURVE,"'',#15561,#15560,#3422,.T."
17667,EDGE_CURVE,"'',#15561,#15054,#1828,.T."
17668,EDGE_CURVE,"'',#15562,#15561,#19447,.T."
17669,EDGE_CURVE,"'',#15562,#15055,#3423,.T."
17670,EDGE_CURVE,"'',#15563,#15562,#19448,.T."
17671,EDGE_CURVE,"'',#15563,#15056,#1829,.T."
17672,EDGE_CURVE,"'',#15564,#15563,#3424,.T."
17673,EDGE_CURVE,"'',#15564,#15057,#3425,.T."
17674,EDGE_CURVE,"'',#15565,#15564,#3426,.T."
17675,EDGE_CURVE,"'',#15565,#15058,#3427,.T."
17676,EDGE_CURVE,"'',#15566,#15565,#3428,.T."
17677,EDGE_CURVE,"'',#15566,#15059,#3429,.T."
17678,EDGE_CURVE,"'',#15567,#15566,#3430,.T."
17679,EDGE_CURVE,"'',#15567,#15060,#3431,.T."
17680,EDGE_CURVE,"'',#15568,#15567,#3432,.T."
17681,EDGE_CURVE,"'',#15568,#15061,#3433,.T."
17682,EDGE_CURVE,"'',#15569,#15568,#3434,.T."
17683,EDGE_CURVE,"'',#15569,#15062,#3435,.T."
17684,EDGE_CURVE,"'',#15570,#15569,#3436,.T."
17685,EDGE_CURVE,"'',#15570,#15063,#3437,.T."
17686,EDGE_CURVE,"'',#15571,#15570,#3438,.T."
17687,EDGE_CURVE,"'',#15571,#15064,#3439,.T."
17688,EDGE_CURVE,"'',#15572,#15571,#3440,.T."
17689,EDGE_CURVE,"'',#15572,#15065,#3441,.T."
17690,EDGE_CURVE,"'',#15573,#15572,#3442,.T."
17691,EDGE_CURVE,"'',#15573,#15066,#3443,.T."
17692,EDGE_CURVE,"'',#15559,#15573,#3444,.T."
17693,EDGE_CURVE,"'',#15574,#15044,#3445,.T."
17694,EDGE_CURVE,"'',#15575,#15574,#3446,.T."
17695,EDGE_CURVE,"'',#15575,#15043,#3447,.T."
17696,EDGE_CURVE,"'',#15576,#15575,#19449,.T."
17697,EDGE_CURVE,"'',#15576,#15045,#1830,.T."
17698,EDGE_CURVE,"'',#15577,#15576,#19450,.T."
17699,EDGE_CURVE,"'',#15577,#15046,#3448,.T."
17700,EDGE_CURVE,"'',#15578,#15577,#3449,.T."
17701,EDGE_CURVE,"'',#15578,#15047,#3450,.T."
17702,EDGE_CURVE,"'',#15579,#15578,#19451,.T."
17703,EDGE_CURVE,"'',#15579,#15048,#1831,.T."
17704,EDGE_CURVE,"'',#15580,#15579,#19452,.T."
17705,EDGE_CURVE,"'',#15580,#15049,#3451,.T."
17706,EDGE_CURVE,"'',#15581,#15580,#3452,.T."
17707,EDGE_CURVE,"'',#15581,#15050,#3453,.T."
17708,EDGE_CURVE,"'',#15582,#15581,#3454,.T."
17709,EDGE_CURVE,"'',#15582,#15051,#3455,.T."
17710,EDGE_CURVE,"'',#15574,#15582,#3456,.T."
17711,EDGE_CURVE,"'',#15583,#15584,#19453,.T."
17712,EDGE_CURVE,"'',#15584,#15585,#19454,.T."
17713,EDGE_CURVE,"'',#15585,#15586,#19455,.T."
17714,EDGE_CURVE,"'',#15586,#15587,#19456,.T."
17715,EDGE_CURVE,"'',#15587,#15588,#19457,.T."
17716,EDGE_CURVE,"'',#15588,#15589,#19458,.T."
17717,EDGE_CURVE,"'',#15589,#15590,#19459,.T."
17718,EDGE_CURVE,"'',#15590,#15591,#19460,.T."
17719,EDGE_CURVE,"'',#15591,#15583,#19461,.T."
17720,EDGE_CURVE,"'',#15592,#15593,#19462,.T."
17721,EDGE_CURVE,"'',#15593,#15594,#3457,.T."
17722,EDGE_CURVE,"'',#15594,#15595,#19463,.T."
17723,EDGE_CURVE,"'',#15595,#15596,#19464,.T."
17724,EDGE_CURVE,"'',#15596,#15597,#19465,.T."
17725,EDGE_CURVE,"'',#15597,#15598,#1832,.T."
17726,EDGE_CURVE,"'',#15598,#15599,#1833,.T."
17727,EDGE_CURVE,"'',#15599,#15600,#19466,.T."
17728,EDGE_CURVE,"'',#15600,#15601,#19467,.T."
17729,EDGE_CURVE,"'',#15601,#15602,#19468,.T."
17730,EDGE_CURVE,"'',#15602,#15603,#19469,.T."
17731,EDGE_CURVE,"'',#15603,#15604,#19470,.T."
17732,EDGE_CURVE,"'',#15604,#15605,#19471,.T."
17733,EDGE_CURVE,"'',#15605,#15606,#19472,.T."
17734,EDGE_CURVE,"'',#15606,#15607,#19473,.T."
17735,EDGE_CURVE,"'',#15607,#15608,#19474,.T."
17736,EDGE_CURVE,"'',#15608,#15609,#19475,.T."
17737,EDGE_CURVE,"'',#15609,#15610,#19476,.T."
17738,EDGE_CURVE,"'',#15610,#15592,#19477,.T."
17739,EDGE_CURVE,"'',#15593,#15126,#3458,.T."
17740,EDGE_CURVE,"'',#15592,#15125,#1834,.T."
17741,EDGE_CURVE,"'',#15610,#15127,#1835,.T."
17742,EDGE_CURVE,"'',#15609,#15128,#1836,.T."
17743,EDGE_CURVE,"'',#15608,#15129,#1837,.T."
17744,EDGE_CURVE,"'',#15607,#15130,#3459,.T."
17745,EDGE_CURVE,"'',#15606,#15131,#1838,.T."
17746,EDGE_CURVE,"'',#15605,#15132,#1839,.T."
17747,EDGE_CURVE,"'',#15604,#15133,#1840,.T."
17748,EDGE_CURVE,"'',#15603,#15134,#1841,.T."
17749,EDGE_CURVE,"'',#15602,#15135,#1842,.T."
17750,EDGE_CURVE,"'',#15601,#15136,#1843,.T."
17751,EDGE_CURVE,"'',#15600,#15137,#1844,.T."
17752,EDGE_CURVE,"'',#15599,#15138,#1845,.T."
17753,EDGE_CURVE,"'',#15598,#15139,#3460,.T."
17754,EDGE_CURVE,"'',#15597,#15140,#1847,.T."
17755,EDGE_CURVE,"'',#15596,#15141,#3461,.T."
17756,EDGE_CURVE,"'',#15595,#15142,#3462,.T."
17757,EDGE_CURVE,"'',#15594,#15143,#3463,.T."
17758,EDGE_CURVE,"'',#15611,#15612,#19478,.T."
17759,EDGE_CURVE,"'',#15612,#15583,#1849,.T."
17760,EDGE_CURVE,"'',#15611,#15591,#1850,.T."
17761,EDGE_CURVE,"'',#15613,#15611,#19479,.T."
17762,EDGE_CURVE,"'',#15613,#15590,#1851,.T."
17763,EDGE_CURVE,"'',#15614,#15613,#19480,.T."
17764,EDGE_CURVE,"'',#15614,#15589,#1852,.T."
17765,EDGE_CURVE,"'',#15615,#15614,#19481,.T."
17766,EDGE_CURVE,"'',#15615,#15588,#1853,.T."
17767,EDGE_CURVE,"'',#15616,#15615,#19482,.T."
17768,EDGE_CURVE,"'',#15616,#15587,#1854,.T."
17769,EDGE_CURVE,"'',#15617,#15616,#19483,.T."
17770,EDGE_CURVE,"'',#15617,#15586,#1855,.T."
17771,EDGE_CURVE,"'',#15618,#15617,#19484,.T."
17772,EDGE_CURVE,"'',#15618,#15585,#1856,.T."
17773,EDGE_CURVE,"'',#15619,#15618,#19485,.T."
17774,EDGE_CURVE,"'',#15619,#15584,#1857,.T."
17775,EDGE_CURVE,"'',#15612,#15619,#19486,.T."
17776,EDGE_CURVE,"'',#15620,#15189,#3464,.T."
17777,EDGE_CURVE,"'',#15621,#15620,#3465,.T."
17778,EDGE_CURVE,"'',#15621,#15190,#3466,.T."
17779,EDGE_CURVE,"'',#15622,#15621,#3467,.T."
17780,EDGE_CURVE,"'',#15622,#15191,#3468,.T."
17781,EDGE_CURVE,"'',#15623,#15622,#3469,.T."
17782,EDGE_CURVE,"'',#15623,#15192,#3470,.T."
17783,EDGE_CURVE,"'',#15624,#15623,#3471,.T."
17784,EDGE_CURVE,"'',#15624,#15193,#3472,.T."
17785,EDGE_CURVE,"'',#15625,#15624,#3473,.T."
17786,EDGE_CURVE,"'',#15625,#15188,#3474,.T."
17787,EDGE_CURVE,"'',#15620,#15625,#3475,.T."
17788,EDGE_CURVE,"'',#15626,#14745,#3476,.T."
17789,EDGE_CURVE,"'',#15627,#15626,#3477,.T."
17790,EDGE_CURVE,"'',#15627,#14744,#3478,.T."
17791,EDGE_CURVE,"'',#15628,#15627,#3479,.T."
17792,EDGE_CURVE,"'',#15628,#14746,#1858,.T."
17793,EDGE_CURVE,"'',#15629,#15628,#19487,.T."
17794,EDGE_CURVE,"'',#15629,#14747,#3480,.T."
17795,EDGE_CURVE,"'',#15630,#15629,#19488,.T."
17796,EDGE_CURVE,"'',#15630,#14748,#1859,.T."
17797,EDGE_CURVE,"'',#15631,#15630,#3481,.T."
17798,EDGE_CURVE,"'',#15631,#14749,#3482,.T."
17799,EDGE_CURVE,"'',#15632,#15631,#3483,.T."
17800,EDGE_CURVE,"'',#15632,#14750,#3484,.T."
17801,EDGE_CURVE,"'',#15633,#15632,#3485,.T."
17802,EDGE_CURVE,"'',#15633,#14751,#3486,.T."
17803,EDGE_CURVE,"'',#15634,#15633,#3487,.T."
17804,EDGE_CURVE,"'',#15634,#14752,#3488,.T."
17805,EDGE_CURVE,"'',#15635,#15634,#3489,.T."
17806,EDGE_CURVE,"'',#15635,#14753,#3490,.T."
17807,EDGE_CURVE,"'',#15636,#15635,#3491,.T."
17808,EDGE_CURVE,"'',#15636,#14754,#3492,.T."
17809,EDGE_CURVE,"'',#15637,#15636,#3493,.T."
17810,EDGE_CURVE,"'',#15637,#14755,#3494,.T."
17811,EDGE_CURVE,"'',#15638,#15637,#3495,.T."
17812,EDGE_CURVE,"'',#15638,#14756,#3496,.T."
17813,EDGE_CURVE,"'',#15639,#15638,#3497,.T."
17814,EDGE_CURVE,"'',#15639,#14757,#3498,.T."
17815,EDGE_CURVE,"'',#15640,#15639,#3499,.T."
17816,EDGE_CURVE,"'',#15640,#14758,#3500,.T."
17817,EDGE_CURVE,"'',#15626,#15640,#3501,.T."
17818,EDGE_CURVE,"'',#15641,#14760,#3502,.T."
17819,EDGE_CURVE,"'',#15642,#15641,#3503,.T."
17820,EDGE_CURVE,"'',#15642,#14759,#3504,.T."
17821,EDGE_CURVE,"'',#15643,#15642,#19489,.T."
17822,EDGE_CURVE,"'',#15643,#14761,#1860,.T."
17823,EDGE_CURVE,"'',#15644,#15643,#19490,.T."
17824,EDGE_CURVE,"'',#15644,#14762,#3505,.T."
17825,EDGE_CURVE,"'',#15645,#15644,#3506,.T."
17826,EDGE_CURVE,"'',#15645,#14763,#3507,.T."
17827,EDGE_CURVE,"'',#15646,#15645,#19491,.T."
17828,EDGE_CURVE,"'',#15646,#14764,#1861,.T."
17829,EDGE_CURVE,"'',#15647,#15646,#19492,.T."
17830,EDGE_CURVE,"'',#15647,#14765,#3508,.T."
17831,EDGE_CURVE,"'',#15648,#15647,#3509,.T."
17832,EDGE_CURVE,"'',#15648,#14766,#3510,.T."
17833,EDGE_CURVE,"'',#15649,#15648,#3511,.T."
17834,EDGE_CURVE,"'',#15649,#14767,#3512,.T."
17835,EDGE_CURVE,"'',#15641,#15649,#3513,.T."
17836,EDGE_CURVE,"'',#15650,#15651,#19493,.T."
17837,EDGE_CURVE,"'',#15651,#15652,#19494,.T."
17838,EDGE_CURVE,"'',#15652,#15653,#19495,.T."
17839,EDGE_CURVE,"'',#15653,#15654,#19496,.T."
17840,EDGE_CURVE,"'',#15654,#15655,#19497,.T."
17841,EDGE_CURVE,"'',#15655,#15656,#19498,.T."
17842,EDGE_CURVE,"'',#15656,#15657,#19499,.T."
17843,EDGE_CURVE,"'',#15657,#15658,#19500,.T."
17844,EDGE_CURVE,"'',#15658,#15650,#19501,.T."
17845,EDGE_CURVE,"'',#15659,#15660,#19502,.T."
17846,EDGE_CURVE,"'',#15660,#15661,#3514,.T."
17847,EDGE_CURVE,"'',#15661,#15662,#19503,.T."
17848,EDGE_CURVE,"'',#15662,#15663,#19504,.T."
17849,EDGE_CURVE,"'',#15663,#15664,#19505,.T."
17850,EDGE_CURVE,"'',#15664,#15665,#1862,.T."
17851,EDGE_CURVE,"'',#15665,#15666,#1863,.T."
17852,EDGE_CURVE,"'',#15666,#15667,#19506,.T."
17853,EDGE_CURVE,"'',#15667,#15668,#19507,.T."
17854,EDGE_CURVE,"'',#15668,#15669,#19508,.T."
17855,EDGE_CURVE,"'',#15669,#15670,#19509,.T."
17856,EDGE_CURVE,"'',#15670,#15671,#19510,.T."
17857,EDGE_CURVE,"'',#15671,#15672,#19511,.T."
17858,EDGE_CURVE,"'',#15672,#15673,#19512,.T."
17859,EDGE_CURVE,"'',#15673,#15674,#19513,.T."
17860,EDGE_CURVE,"'',#15674,#15675,#19514,.T."
17861,EDGE_CURVE,"'',#15675,#15676,#19515,.T."
17862,EDGE_CURVE,"'',#15676,#15677,#19516,.T."
17863,EDGE_CURVE,"'',#15677,#15659,#19517,.T."
17864,EDGE_CURVE,"'',#15660,#14716,#3515,.T."
17865,EDGE_CURVE,"'',#15659,#14715,#1864,.T."
17866,EDGE_CURVE,"'',#15677,#14717,#1865,.T."
17867,EDGE_CURVE,"'',#15676,#14718,#1866,.T."
17868,EDGE_CURVE,"'',#15675,#14719,#1867,.T."
17869,EDGE_CURVE,"'',#15674,#14720,#3516,.T."
17870,EDGE_CURVE,"'',#15673,#14721,#1868,.T."
17871,EDGE_CURVE,"'',#15672,#14722,#1869,.T."
17872,EDGE_CURVE,"'',#15671,#14723,#1870,.T."
17873,EDGE_CURVE,"'',#15670,#14724,#1871,.T."
17874,EDGE_CURVE,"'',#15669,#14725,#1872,.T."
17875,EDGE_CURVE,"'',#15668,#14726,#1873,.T."
17876,EDGE_CURVE,"'',#15667,#14727,#1874,.T."
17877,EDGE_CURVE,"'',#15666,#14728,#1875,.T."
17878,EDGE_CURVE,"'',#15665,#14729,#3517,.T."
17879,EDGE_CURVE,"'',#15664,#14730,#1877,.T."
17880,EDGE_CURVE,"'',#15663,#14731,#3518,.T."
17881,EDGE_CURVE,"'',#15662,#14732,#3519,.T."
17882,EDGE_CURVE,"'',#15661,#14733,#3520,.T."
17883,EDGE_CURVE,"'',#15678,#15679,#19518,.T."
17884,EDGE_CURVE,"'',#15679,#15650,#1879,.T."
17885,EDGE_CURVE,"'',#15678,#15658,#1880,.T."
17886,EDGE_CURVE,"'',#15680,#15678,#19519,.T."
17887,EDGE_CURVE,"'',#15680,#15657,#1881,.T."
17888,EDGE_CURVE,"'',#15681,#15680,#19520,.T."
17889,EDGE_CURVE,"'',#15681,#15656,#1882,.T."
17890,EDGE_CURVE,"'',#15682,#15681,#19521,.T."
17891,EDGE_CURVE,"'',#15682,#15655,#1883,.T."
17892,EDGE_CURVE,"'',#15683,#15682,#19522,.T."
17893,EDGE_CURVE,"'',#15683,#15654,#1884,.T."
17894,EDGE_CURVE,"'',#15684,#15683,#19523,.T."
17895,EDGE_CURVE,"'',#15684,#15653,#1885,.T."
17896,EDGE_CURVE,"'',#15685,#15684,#19524,.T."
17897,EDGE_CURVE,"'',#15685,#15652,#1886,.T."
17898,EDGE_CURVE,"'',#15686,#15685,#19525,.T."
17899,EDGE_CURVE,"'',#15686,#15651,#1887,.T."
17900,EDGE_CURVE,"'',#15679,#15686,#19526,.T."
17901,EDGE_CURVE,"'',#15687,#14701,#3521,.T."
17902,EDGE_CURVE,"'',#15688,#15687,#3522,.T."
17903,EDGE_CURVE,"'',#15688,#14700,#3523,.T."
17904,EDGE_CURVE,"'',#15689,#15688,#3524,.T."
17905,EDGE_CURVE,"'',#15689,#14702,#1888,.T."
17906,EDGE_CURVE,"'',#15690,#15689,#19527,.T."
17907,EDGE_CURVE,"'',#15690,#14703,#3525,.T."
17908,EDGE_CURVE,"'',#15691,#15690,#19528,.T."
17909,EDGE_CURVE,"'',#15691,#14704,#1889,.T."
17910,EDGE_CURVE,"'',#15692,#15691,#3526,.T."
17911,EDGE_CURVE,"'',#15692,#14705,#3527,.T."
17912,EDGE_CURVE,"'',#15693,#15692,#3528,.T."
17913,EDGE_CURVE,"'',#15693,#14706,#3529,.T."
17914,EDGE_CURVE,"'',#15694,#15693,#3530,.T."
17915,EDGE_CURVE,"'',#15694,#14707,#3531,.T."
17916,EDGE_CURVE,"'',#15695,#15694,#3532,.T."
17917,EDGE_CURVE,"'',#15695,#14708,#3533,.T."
17918,EDGE_CURVE,"'',#15696,#15695,#3534,.T."
17919,EDGE_CURVE,"'',#15696,#14709,#3535,.T."
17920,EDGE_CURVE,"'',#15697,#15696,#3536,.T."
17921,EDGE_CURVE,"'',#15697,#14710,#3537,.T."
17922,EDGE_CURVE,"'',#15698,#15697,#3538,.T."
17923,EDGE_CURVE,"'',#15698,#14711,#3539,.T."
17924,EDGE_CURVE,"'',#15699,#15698,#3540,.T."
17925,EDGE_CURVE,"'',#15699,#14712,#3541,.T."
17926,EDGE_CURVE,"'',#15700,#15699,#3542,.T."
17927,EDGE_CURVE,"'',#15700,#14713,#3543,.T."
17928,EDGE_CURVE,"'',#15701,#15700,#3544,.T."
17929,EDGE_CURVE,"'',#15701,#14714,#3545,.T."
17930,EDGE_CURVE,"'',#15687,#15701,#3546,.T."
17931,EDGE_CURVE,"'',#15702,#14692,#3547,.T."
17932,EDGE_CURVE,"'',#15703,#15702,#3548,.T."
17933,EDGE_CURVE,"'',#15703,#14691,#3549,.T."
17934,EDGE_CURVE,"'',#15704,#15703,#19529,.T."
17935,EDGE_CURVE,"'',#15704,#14693,#1890,.T."
17936,EDGE_CURVE,"'',#15705,#15704,#19530,.T."
17937,EDGE_CURVE,"'',#15705,#14694,#3550,.T."
17938,EDGE_CURVE,"'',#15706,#15705,#3551,.T."
17939,EDGE_CURVE,"'',#15706,#14695,#3552,.T."
17940,EDGE_CURVE,"'',#15707,#15706,#19531,.T."
17941,EDGE_CURVE,"'',#15707,#14696,#1891,.T."
17942,EDGE_CURVE,"'',#15708,#15707,#19532,.T."
17943,EDGE_CURVE,"'',#15708,#14697,#3553,.T."
17944,EDGE_CURVE,"'',#15709,#15708,#3554,.T."
17945,EDGE_CURVE,"'',#15709,#14698,#3555,.T."
17946,EDGE_CURVE,"'',#15710,#15709,#3556,.T."
17947,EDGE_CURVE,"'',#15710,#14699,#3557,.T."
17948,EDGE_CURVE,"'',#15702,#15710,#3558,.T."
17949,EDGE_CURVE,"'',#15711,#15712,#19533,.T."
17950,EDGE_CURVE,"'',#15712,#15713,#19534,.T."
17951,EDGE_CURVE,"'',#15713,#15714,#19535,.T."
17952,EDGE_CURVE,"'',#15714,#15715,#19536,.T."
17953,EDGE_CURVE,"'',#15715,#15716,#19537,.T."
17954,EDGE_CURVE,"'',#15716,#15717,#19538,.T."
17955,EDGE_CURVE,"'',#15717,#15718,#19539,.T."
17956,EDGE_CURVE,"'',#15718,#15719,#19540,.T."
17957,EDGE_CURVE,"'',#15719,#15711,#19541,.T."
17958,EDGE_CURVE,"'',#15720,#15721,#19542,.T."
17959,EDGE_CURVE,"'',#15721,#15722,#3559,.T."
17960,EDGE_CURVE,"'',#15722,#15723,#19543,.T."
17961,EDGE_CURVE,"'',#15723,#15724,#19544,.T."
17962,EDGE_CURVE,"'',#15724,#15725,#19545,.T."
17963,EDGE_CURVE,"'',#15725,#15726,#1892,.T."
17964,EDGE_CURVE,"'',#15726,#15727,#1893,.T."
17965,EDGE_CURVE,"'',#15727,#15728,#19546,.T."
17966,EDGE_CURVE,"'',#15728,#15729,#19547,.T."
17967,EDGE_CURVE,"'',#15729,#15730,#19548,.T."
17968,EDGE_CURVE,"'',#15730,#15731,#19549,.T."
17969,EDGE_CURVE,"'',#15731,#15732,#19550,.T."
17970,EDGE_CURVE,"'',#15732,#15733,#19551,.T."
17971,EDGE_CURVE,"'',#15733,#15734,#19552,.T."
17972,EDGE_CURVE,"'',#15734,#15735,#19553,.T."
17973,EDGE_CURVE,"'',#15735,#15736,#19554,.T."
17974,EDGE_CURVE,"'',#15736,#15737,#19555,.T."
17975,EDGE_CURVE,"'',#15737,#15738,#19556,.T."
17976,EDGE_CURVE,"'',#15738,#15720,#19557,.T."
17977,EDGE_CURVE,"'',#15721,#14769,#3560,.T."
17978,EDGE_CURVE,"'',#15720,#14768,#1894,.T."
17979,EDGE_CURVE,"'',#15738,#14770,#1895,.T."
17980,EDGE_CURVE,"'',#15737,#14771,#1896,.T."
17981,EDGE_CURVE,"'',#15736,#14772,#1897,.T."
17982,EDGE_CURVE,"'',#15735,#14773,#3561,.T."
17983,EDGE_CURVE,"'',#15734,#14774,#1898,.T."
17984,EDGE_CURVE,"'',#15733,#14775,#1899,.T."
17985,EDGE_CURVE,"'',#15732,#14776,#1900,.T."
17986,EDGE_CURVE,"'',#15731,#14777,#1901,.T."
17987,EDGE_CURVE,"'',#15730,#14778,#1902,.T."
17988,EDGE_CURVE,"'',#15729,#14779,#1903,.T."
17989,EDGE_CURVE,"'',#15728,#14780,#1904,.T."
17990,EDGE_CURVE,"'',#15727,#14781,#1905,.T."
17991,EDGE_CURVE,"'',#15726,#14782,#3562,.T."
17992,EDGE_CURVE,"'',#15725,#14783,#1907,.T."
17993,EDGE_CURVE,"'',#15724,#14784,#3563,.T."
17994,EDGE_CURVE,"'',#15723,#14785,#3564,.T."
17995,EDGE_CURVE,"'',#15722,#14786,#3565,.T."
17996,EDGE_CURVE,"'',#15739,#15740,#19558,.T."
17997,EDGE_CURVE,"'',#15740,#15711,#1909,.T."
17998,EDGE_CURVE,"'',#15739,#15719,#1910,.T."
17999,EDGE_CURVE,"'',#15741,#15739,#19559,.T."
18000,EDGE_CURVE,"'',#15741,#15718,#1911,.T."
18001,EDGE_CURVE,"'',#15742,#15741,#19560,.T."
18002,EDGE_CURVE,"'',#15742,#15717,#1912,.T."
18003,EDGE_CURVE,"'',#15743,#15742,#19561,.T."
18004,EDGE_CURVE,"'',#15743,#15716,#1913,.T."
18005,EDGE_CURVE,"'',#15744,#15743,#19562,.T."
18006,EDGE_CURVE,"'',#15744,#15715,#1914,.T."
18007,EDGE_CURVE,"'',#15745,#15744,#19563,.T."
18008,EDGE_CURVE,"'',#15745,#15714,#1915,.T."
18009,EDGE_CURVE,"'',#15746,#15745,#19564,.T."
18010,EDGE_CURVE,"'',#15746,#15713,#1916,.T."
18011,EDGE_CURVE,"'',#15747,#15746,#19565,.T."
18012,EDGE_CURVE,"'',#15747,#15712,#1917,.T."
18013,EDGE_CURVE,"'',#15740,#15747,#19566,.T."
18014,EDGE_CURVE,"'',#15748,#14855,#3566,.T."
18015,EDGE_CURVE,"'',#15749,#15748,#3567,.T."
18016,EDGE_CURVE,"'',#15749,#14854,#3568,.T."
18017,EDGE_CURVE,"'',#15750,#15749,#3569,.T."
18018,EDGE_CURVE,"'',#15750,#14856,#1918,.T."
18019,EDGE_CURVE,"'',#15751,#15750,#19567,.T."
18020,EDGE_CURVE,"'',#15751,#14857,#3570,.T."
18021,EDGE_CURVE,"'',#15752,#15751,#19568,.T."
18022,EDGE_CURVE,"'',#15752,#14858,#1919,.T."
18023,EDGE_CURVE,"'',#15753,#15752,#3571,.T."
18024,EDGE_CURVE,"'',#15753,#14859,#3572,.T."
18025,EDGE_CURVE,"'',#15754,#15753,#3573,.T."
18026,EDGE_CURVE,"'',#15754,#14860,#3574,.T."
18027,EDGE_CURVE,"'',#15755,#15754,#3575,.T."
18028,EDGE_CURVE,"'',#15755,#14861,#3576,.T."
18029,EDGE_CURVE,"'',#15756,#15755,#3577,.T."
18030,EDGE_CURVE,"'',#15756,#14862,#3578,.T."
18031,EDGE_CURVE,"'',#15757,#15756,#3579,.T."
18032,EDGE_CURVE,"'',#15757,#14863,#3580,.T."
18033,EDGE_CURVE,"'',#15758,#15757,#3581,.T."
18034,EDGE_CURVE,"'',#15758,#14864,#3582,.T."
18035,EDGE_CURVE,"'',#15759,#15758,#3583,.T."
18036,EDGE_CURVE,"'',#15759,#14865,#3584,.T."
18037,EDGE_CURVE,"'',#15760,#15759,#3585,.T."
18038,EDGE_CURVE,"'',#15760,#14866,#3586,.T."
18039,EDGE_CURVE,"'',#15761,#15760,#3587,.T."
18040,EDGE_CURVE,"'',#15761,#14867,#3588,.T."
18041,EDGE_CURVE,"'',#15762,#15761,#3589,.T."
18042,EDGE_CURVE,"'',#15762,#14868,#3590,.T."
18043,EDGE_CURVE,"'',#15748,#15762,#3591,.T."
18044,EDGE_CURVE,"'',#15763,#14833,#3592,.T."
18045,EDGE_CURVE,"'',#15764,#15763,#3593,.T."
18046,EDGE_CURVE,"'',#15764,#14832,#3594,.T."
18047,EDGE_CURVE,"'',#15765,#15764,#19569,.T."
18048,EDGE_CURVE,"'',#15765,#14834,#1920,.T."
18049,EDGE_CURVE,"'',#15766,#15765,#19570,.T."
18050,EDGE_CURVE,"'',#15766,#14835,#1921,.T."
18051,EDGE_CURVE,"'',#15767,#15766,#19571,.T."
18052,EDGE_CURVE,"'',#15767,#14836,#1922,.T."
18053,EDGE_CURVE,"'',#15768,#15767,#19572,.T."
18054,EDGE_CURVE,"'',#15768,#14837,#1923,.T."
18055,EDGE_CURVE,"'',#15769,#15768,#19573,.T."
18056,EDGE_CURVE,"'',#15769,#14838,#3595,.T."
18057,EDGE_CURVE,"'',#15770,#15769,#19574,.T."
18058,EDGE_CURVE,"'',#15770,#14839,#3596,.T."
18059,EDGE_CURVE,"'',#15771,#15770,#19575,.T."
18060,EDGE_CURVE,"'',#15771,#14840,#1924,.T."
18061,EDGE_CURVE,"'',#15772,#15771,#19576,.T."
18062,EDGE_CURVE,"'',#15772,#14841,#1925,.T."
18063,EDGE_CURVE,"'',#15773,#15772,#19577,.T."
18064,EDGE_CURVE,"'',#15773,#14842,#3597,.T."
18065,EDGE_CURVE,"'',#15774,#15773,#3598,.T."
18066,EDGE_CURVE,"'',#15774,#14843,#3599,.T."
18067,EDGE_CURVE,"'',#15775,#15774,#19578,.T."
18068,EDGE_CURVE,"'',#15775,#14844,#1926,.T."
18069,EDGE_CURVE,"'',#15776,#15775,#19579,.T."
18070,EDGE_CURVE,"'',#15776,#14845,#1927,.T."
18071,EDGE_CURVE,"'',#15777,#15776,#19580,.T."
18072,EDGE_CURVE,"'',#15777,#14846,#3600,.T."
18073,EDGE_CURVE,"'',#15778,#15777,#19581,.T."
18074,EDGE_CURVE,"'',#15778,#14847,#3601,.T."
18075,EDGE_CURVE,"'',#15779,#15778,#19582,.T."
18076,EDGE_CURVE,"'',#15779,#14848,#1928,.T."
18077,EDGE_CURVE,"'',#15780,#15779,#19583,.T."
18078,EDGE_CURVE,"'',#15780,#14849,#1929,.T."
18079,EDGE_CURVE,"'',#15781,#15780,#19584,.T."
18080,EDGE_CURVE,"'',#15781,#14850,#1930,.T."
18081,EDGE_CURVE,"'',#15782,#15781,#19585,.T."
18082,EDGE_CURVE,"'',#15782,#14851,#1931,.T."
18083,EDGE_CURVE,"'',#15783,#15782,#19586,.T."
18084,EDGE_CURVE,"'',#15783,#14852,#1932,.T."
18085,EDGE_CURVE,"'',#15784,#15783,#3602,.T."
18086,EDGE_CURVE,"'',#15784,#14853,#3603,.T."
18087,EDGE_CURVE,"'',#15763,#15784,#3604,.T."
18088,EDGE_CURVE,"'',#15785,#15786,#3605,.T."
18089,EDGE_CURVE,"'',#15786,#15787,#3606,.T."
18090,EDGE_CURVE,"'',#15787,#15785,#3607,.T."
18091,EDGE_CURVE,"'',#15788,#15789,#3608,.T."
18092,EDGE_CURVE,"'',#15789,#15790,#3609,.T."
18093,EDGE_CURVE,"'',#15790,#15791,#3610,.T."
18094,EDGE_CURVE,"'',#15791,#15792,#3611,.T."
18095,EDGE_CURVE,"'',#15792,#15793,#3612,.T."
18096,EDGE_CURVE,"'',#15793,#15794,#3613,.T."
18097,EDGE_CURVE,"'',#15794,#15795,#3614,.T."
18098,EDGE_CURVE,"'',#15795,#15796,#3615,.T."
18099,EDGE_CURVE,"'',#15796,#15797,#3616,.T."
18100,EDGE_CURVE,"'',#15797,#15798,#3617,.T."
18101,EDGE_CURVE,"'',#15798,#15788,#3618,.T."
18102,EDGE_CURVE,"'',#15789,#15025,#3619,.T."
18103,EDGE_CURVE,"'',#15788,#15024,#3620,.T."
18104,EDGE_CURVE,"'',#15798,#15026,#3621,.T."
18105,EDGE_CURVE,"'',#15797,#15027,#3622,.T."
18106,EDGE_CURVE,"'',#15796,#15028,#3623,.T."
18107,EDGE_CURVE,"'',#15795,#15029,#3624,.T."
18108,EDGE_CURVE,"'',#15794,#15030,#3625,.T."
18109,EDGE_CURVE,"'',#15793,#15031,#3626,.T."
18110,EDGE_CURVE,"'',#15792,#15032,#3627,.T."
18111,EDGE_CURVE,"'',#15791,#15033,#3628,.T."
18112,EDGE_CURVE,"'',#15790,#15034,#3629,.T."
18113,EDGE_CURVE,"'',#15799,#15800,#3630,.T."
18114,EDGE_CURVE,"'',#15800,#15785,#3631,.T."
18115,EDGE_CURVE,"'',#15799,#15787,#3632,.T."
18116,EDGE_CURVE,"'',#15801,#15799,#3633,.T."
18117,EDGE_CURVE,"'',#15801,#15786,#3634,.T."
18118,EDGE_CURVE,"'',#15800,#15801,#3635,.T."
18119,EDGE_CURVE,"'',#15802,#15802,#19587,.T."
18120,EDGE_CURVE,"'',#15803,#15804,#3636,.T."
18121,EDGE_CURVE,"'',#15804,#15805,#3637,.T."
18122,EDGE_CURVE,"'',#15805,#15806,#3638,.T."
18123,EDGE_CURVE,"'',#15806,#15807,#3639,.T."
18124,EDGE_CURVE,"'',#15807,#14433,#3640,.T."
18125,EDGE_CURVE,"'',#14432,#15808,#3641,.T."
18126,EDGE_CURVE,"'',#15808,#15809,#3642,.T."
18127,EDGE_CURVE,"'',#15809,#15810,#3643,.T."
18128,EDGE_CURVE,"'',#15810,#15811,#3644,.T."
18129,EDGE_CURVE,"'',#15811,#15812,#3645,.T."
18130,EDGE_CURVE,"'',#15812,#15803,#3646,.T."
18131,EDGE_CURVE,"'',#14434,#15813,#3647,.T."
18132,EDGE_CURVE,"'',#15813,#15814,#3648,.T."
18133,EDGE_CURVE,"'',#15814,#14435,#3649,.T."
18134,EDGE_CURVE,"'',#15814,#14535,#19588,.T."
18135,EDGE_CURVE,"'',#15807,#15813,#19589,.T."
18136,EDGE_CURVE,"'',#14546,#15808,#19590,.T."
18137,EDGE_CURVE,"'',#15815,#15816,#3650,.T."
18138,EDGE_CURVE,"'',#15816,#15817,#3651,.T."
18139,EDGE_CURVE,"'',#15817,#15818,#3652,.T."
18140,EDGE_CURVE,"'',#15818,#15815,#3653,.T."
18141,EDGE_CURVE,"'',#15819,#15820,#19591,.T."
18142,EDGE_CURVE,"'',#15820,#15821,#3654,.T."
18143,EDGE_CURVE,"'',#15821,#15822,#19592,.T."
18144,EDGE_CURVE,"'',#15822,#15823,#3655,.T."
18145,EDGE_CURVE,"'',#15823,#15824,#19593,.T."
18146,EDGE_CURVE,"'',#15824,#15825,#3656,.T."
18147,EDGE_CURVE,"'',#15825,#15826,#19594,.T."
18148,EDGE_CURVE,"'',#15826,#15819,#3657,.T."
18149,EDGE_CURVE,"'',#15817,#15827,#3658,.T."
18150,EDGE_CURVE,"'',#15827,#15828,#3659,.T."
18151,EDGE_CURVE,"'',#15828,#15818,#3660,.T."
18152,EDGE_CURVE,"'',#15827,#15829,#3661,.T."
18153,EDGE_CURVE,"'',#15829,#15804,#3662,.T."
18154,EDGE_CURVE,"'',#15803,#15828,#3663,.T."
18155,EDGE_CURVE,"'',#15830,#15831,#3664,.T."
18156,EDGE_CURVE,"'',#15831,#15832,#3665,.T."
18157,EDGE_CURVE,"'',#15832,#15833,#3666,.T."
18158,EDGE_CURVE,"'',#15833,#15834,#3667,.T."
18159,EDGE_CURVE,"'',#15834,#15830,#3668,.T."
18160,EDGE_CURVE,"'',#15835,#15835,#19595,.T."
18161,EDGE_CURVE,"'',#15836,#15836,#19596,.T."
18162,EDGE_CURVE,"'',#15837,#15837,#19597,.T."
18163,EDGE_CURVE,"'',#15838,#15838,#19598,.T."
18164,EDGE_CURVE,"'',#15839,#15840,#3669,.T."
18165,EDGE_CURVE,"'',#15840,#15833,#3670,.T."
18166,EDGE_CURVE,"'',#15832,#15839,#3671,.T."
18167,EDGE_CURVE,"'',#15841,#15842,#3672,.T."
18168,EDGE_CURVE,"'',#15842,#15843,#3673,.T."
18169,EDGE_CURVE,"'',#15843,#15844,#3674,.T."
18170,EDGE_CURVE,"'',#15844,#15845,#3675,.T."
18171,EDGE_CURVE,"'',#15845,#15841,#3676,.T."
18172,EDGE_CURVE,"'',#15846,#15846,#19599,.T."
18173,EDGE_CURVE,"'',#15847,#15847,#19600,.T."
18174,EDGE_CURVE,"'',#15848,#15848,#19601,.T."
18175,EDGE_CURVE,"'',#15849,#15849,#19602,.T."
18176,EDGE_CURVE,"'',#15841,#15850,#3677,.T."
18177,EDGE_CURVE,"'',#15850,#15851,#3678,.T."
18178,EDGE_CURVE,"'',#15851,#15842,#3679,.T."
18179,EDGE_CURVE,"'',#15852,#15853,#3680,.T."
18180,EDGE_CURVE,"'',#15853,#15854,#3681,.T."
18181,EDGE_CURVE,"'',#15854,#15855,#3682,.T."
18182,EDGE_CURVE,"'',#15855,#15852,#3683,.T."
18183,EDGE_CURVE,"'',#15856,#15857,#19603,.T."
18184,EDGE_CURVE,"'',#15857,#15858,#3684,.T."
18185,EDGE_CURVE,"'',#15858,#15859,#19604,.T."
18186,EDGE_CURVE,"'',#15859,#15860,#3685,.T."
18187,EDGE_CURVE,"'',#15860,#15861,#19605,.T."
18188,EDGE_CURVE,"'',#15861,#15862,#3686,.T."
18189,EDGE_CURVE,"'',#15862,#15863,#19606,.T."
18190,EDGE_CURVE,"'',#15863,#15856,#3687,.T."
18191,EDGE_CURVE,"'',#15854,#15864,#3688,.T."
18192,EDGE_CURVE,"'',#15864,#15865,#3689,.T."
18193,EDGE_CURVE,"'',#15865,#15855,#3690,.T."
18194,EDGE_CURVE,"'',#15864,#15866,#3691,.T."
18195,EDGE_CURVE,"'',#15866,#15867,#3692,.T."
18196,EDGE_CURVE,"'',#15867,#15865,#3693,.T."
18197,EDGE_CURVE,"'',#15868,#15869,#3694,.T."
18198,EDGE_CURVE,"'',#15869,#15870,#3695,.T."
18199,EDGE_CURVE,"'',#15870,#15871,#3696,.T."
18200,EDGE_CURVE,"'',#15871,#15872,#3697,.T."
18201,EDGE_CURVE,"'',#15872,#15868,#3698,.T."
18202,EDGE_CURVE,"'',#15873,#15873,#19607,.T."
18203,EDGE_CURVE,"'',#15874,#15874,#19608,.T."
18204,EDGE_CURVE,"'',#15875,#15875,#19609,.T."
18205,EDGE_CURVE,"'',#15876,#15876,#19610,.T."
18206,EDGE_CURVE,"'',#15877,#15878,#3699,.T."
18207,EDGE_CURVE,"'',#15878,#15869,#3700,.T."
18208,EDGE_CURVE,"'',#15868,#15877,#3701,.T."
18209,EDGE_CURVE,"'',#15879,#15880,#3702,.T."
18210,EDGE_CURVE,"'',#15880,#15881,#3703,.T."
18211,EDGE_CURVE,"'',#15881,#15882,#3704,.T."
18212,EDGE_CURVE,"'',#15882,#15883,#3705,.T."
18213,EDGE_CURVE,"'',#15883,#15879,#3706,.T."
18214,EDGE_CURVE,"'',#15884,#15884,#19611,.T."
18215,EDGE_CURVE,"'',#15885,#15885,#19612,.T."
18216,EDGE_CURVE,"'',#15886,#15886,#19613,.T."
18217,EDGE_CURVE,"'',#15887,#15887,#19614,.T."
18218,EDGE_CURVE,"'',#15881,#15888,#3707,.T."
18219,EDGE_CURVE,"'',#15888,#15889,#3708,.T."
18220,EDGE_CURVE,"'',#15889,#15882,#3709,.T."
18221,EDGE_CURVE,"'',#15890,#15890,#19615,.T."
18222,EDGE_CURVE,"'',#15891,#15891,#19616,.T."
18223,EDGE_CURVE,"'',#15892,#15892,#19617,.T."
18224,EDGE_CURVE,"'',#15893,#15893,#19618,.T."
18225,EDGE_CURVE,"'',#15894,#15894,#19619,.T."
18226,EDGE_CURVE,"'',#15895,#15895,#19620,.T."
18227,EDGE_CURVE,"'',#15896,#15896,#19621,.T."
18228,EDGE_CURVE,"'',#15897,#15897,#19622,.T."
18229,EDGE_CURVE,"'',#15898,#15898,#19623,.T."
18230,EDGE_CURVE,"'',#15899,#15899,#19624,.T."
18231,EDGE_CURVE,"'',#15900,#15900,#19625,.T."
18232,EDGE_CURVE,"'',#15901,#15901,#19626,.T."
18233,EDGE_CURVE,"'',#15902,#15903,#3710,.T."
18234,EDGE_CURVE,"'',#15902,#15904,#1933,.T."
18235,EDGE_CURVE,"'',#15905,#15904,#3711,.T."
18236,EDGE_CURVE,"'',#15903,#15905,#3712,.T."
18237,EDGE_CURVE,"'',#15906,#15907,#3713,.T."
18238,EDGE_CURVE,"'',#15906,#15902,#1934,.T."
18239,EDGE_CURVE,"'',#15907,#15903,#3714,.T."
18240,EDGE_CURVE,"'',#15905,#15907,#19627,.T."
18241,EDGE_CURVE,"'',#14458,#15908,#3715,.T."
18242,EDGE_CURVE,"'',#15908,#15909,#3716,.T."
18243,EDGE_CURVE,"'',#15909,#14459,#3717,.T."
18244,EDGE_CURVE,"'',#14460,#15910,#3718,.T."
18245,EDGE_CURVE,"'',#15910,#15911,#3719,.T."
18246,EDGE_CURVE,"'',#15911,#14461,#3720,.T."
18247,EDGE_CURVE,"'',#14445,#15912,#3721,.T."
18248,EDGE_CURVE,"'',#15912,#15913,#3722,.T."
18249,EDGE_CURVE,"'',#15913,#14444,#3723,.T."
18250,EDGE_CURVE,"'',#14446,#15914,#3724,.T."
18251,EDGE_CURVE,"'',#15914,#15915,#3725,.T."
18252,EDGE_CURVE,"'',#15915,#14447,#3726,.T."
18253,EDGE_CURVE,"'',#14448,#15916,#3727,.T."
18254,EDGE_CURVE,"'',#15916,#15917,#3728,.T."
18255,EDGE_CURVE,"'',#15917,#14449,#3729,.T."
18256,EDGE_CURVE,"'',#14450,#15918,#3730,.T."
18257,EDGE_CURVE,"'',#15918,#15919,#3731,.T."
18258,EDGE_CURVE,"'',#15919,#14451,#3732,.T."
18259,EDGE_CURVE,"'',#14452,#15920,#3733,.T."
18260,EDGE_CURVE,"'',#15920,#15921,#3734,.T."
18261,EDGE_CURVE,"'',#15921,#14453,#3735,.T."
18262,EDGE_CURVE,"'',#14454,#15922,#3736,.T."
18263,EDGE_CURVE,"'',#15922,#15923,#3737,.T."
18264,EDGE_CURVE,"'',#15923,#14455,#3738,.T."
18265,EDGE_CURVE,"'',#14456,#15924,#3739,.T."
18266,EDGE_CURVE,"'',#15924,#15925,#3740,.T."
18267,EDGE_CURVE,"'',#15925,#14457,#3741,.T."
18268,EDGE_CURVE,"'',#15911,#15926,#19628,.T."
18269,EDGE_CURVE,"'',#14462,#15926,#3742,.T."
18270,EDGE_CURVE,"'',#15926,#15912,#19629,.T."
18271,EDGE_CURVE,"'',#15909,#15910,#19630,.T."
18272,EDGE_CURVE,"'',#15923,#15924,#19631,.T."
18273,EDGE_CURVE,"'',#15925,#15908,#19632,.T."
18274,EDGE_CURVE,"'',#15921,#15922,#19633,.T."
18275,EDGE_CURVE,"'',#15917,#15918,#19634,.T."
18276,EDGE_CURVE,"'',#15919,#15920,#19635,.T."
18277,EDGE_CURVE,"'',#15913,#15906,#19636,.T."
18278,EDGE_CURVE,"'',#15904,#15914,#19637,.T."
18279,EDGE_CURVE,"'',#15915,#15916,#19638,.T."
18280,EDGE_CURVE,"'',#14482,#15927,#3743,.T."
18281,EDGE_CURVE,"'',#15927,#15928,#3744,.T."
18282,EDGE_CURVE,"'',#15928,#14483,#3745,.T."
18283,EDGE_CURVE,"'',#14484,#15929,#3746,.T."
18284,EDGE_CURVE,"'',#15929,#15930,#3747,.T."
18285,EDGE_CURVE,"'',#15930,#14485,#3748,.T."
18286,EDGE_CURVE,"'',#14469,#15931,#3749,.T."
18287,EDGE_CURVE,"'',#15931,#15932,#3750,.T."
18288,EDGE_CURVE,"'',#15932,#14468,#3751,.T."
18289,EDGE_CURVE,"'',#14470,#15933,#3752,.T."
18290,EDGE_CURVE,"'',#15933,#15934,#3753,.T."
18291,EDGE_CURVE,"'',#15934,#14471,#3754,.T."
18292,EDGE_CURVE,"'',#14472,#15935,#3755,.T."
18293,EDGE_CURVE,"'',#15935,#15936,#3756,.T."
18294,EDGE_CURVE,"'',#15936,#14473,#3757,.T."
18295,EDGE_CURVE,"'',#14474,#15937,#3758,.T."
18296,EDGE_CURVE,"'',#15937,#15938,#3759,.T."
18297,EDGE_CURVE,"'',#15938,#14475,#3760,.T."
18298,EDGE_CURVE,"'',#14476,#15939,#3761,.T."
18299,EDGE_CURVE,"'',#15939,#15940,#3762,.T."
18300,EDGE_CURVE,"'',#15940,#14477,#3763,.T."
18301,EDGE_CURVE,"'',#14478,#15941,#3764,.T."
18302,EDGE_CURVE,"'',#15941,#15942,#3765,.T."
18303,EDGE_CURVE,"'',#15942,#14479,#3766,.T."
18304,EDGE_CURVE,"'',#14480,#15943,#3767,.T."
18305,EDGE_CURVE,"'',#15943,#15944,#3768,.T."
18306,EDGE_CURVE,"'',#15944,#14481,#3769,.T."
18307,EDGE_CURVE,"'',#15930,#15945,#19639,.T."
18308,EDGE_CURVE,"'',#14486,#15945,#3770,.T."
18309,EDGE_CURVE,"'',#15945,#15931,#19640,.T."
18310,EDGE_CURVE,"'',#15928,#15929,#19641,.T."
18311,EDGE_CURVE,"'',#15942,#15943,#19642,.T."
18312,EDGE_CURVE,"'',#15944,#15927,#19643,.T."
18313,EDGE_CURVE,"'',#15940,#15941,#19644,.T."
18314,EDGE_CURVE,"'',#15936,#15937,#19645,.T."
18315,EDGE_CURVE,"'',#15938,#15939,#19646,.T."
18316,EDGE_CURVE,"'',#15932,#15933,#19647,.T."
18317,EDGE_CURVE,"'',#15934,#15935,#19648,.T."
18318,EDGE_CURVE,"'',#14506,#15946,#3771,.T."
18319,EDGE_CURVE,"'',#15946,#15947,#3772,.T."
18320,EDGE_CURVE,"'',#15947,#14507,#3773,.T."
18321,EDGE_CURVE,"'',#14508,#15948,#3774,.T."
18322,EDGE_CURVE,"'',#15948,#15949,#3775,.T."
18323,EDGE_CURVE,"'',#15949,#14509,#3776,.T."
18324,EDGE_CURVE,"'',#14493,#15950,#3777,.T."
18325,EDGE_CURVE,"'',#15950,#15951,#3778,.T."
18326,EDGE_CURVE,"'',#15951,#14492,#3779,.T."
18327,EDGE_CURVE,"'',#14494,#15952,#3780,.T."
18328,EDGE_CURVE,"'',#15952,#15953,#3781,.T."
18329,EDGE_CURVE,"'',#15953,#14495,#3782,.T."
18330,EDGE_CURVE,"'',#14496,#15954,#3783,.T."
18331,EDGE_CURVE,"'',#15954,#15955,#3784,.T."
18332,EDGE_CURVE,"'',#15955,#14497,#3785,.T."
18333,EDGE_CURVE,"'',#14498,#15956,#3786,.T."
18334,EDGE_CURVE,"'',#15956,#15957,#3787,.T."
18335,EDGE_CURVE,"'',#15957,#14499,#3788,.T."
18336,EDGE_CURVE,"'',#14500,#15958,#3789,.T."
18337,EDGE_CURVE,"'',#15958,#15959,#3790,.T."
18338,EDGE_CURVE,"'',#15959,#14501,#3791,.T."
18339,EDGE_CURVE,"'',#14502,#15960,#3792,.T."
18340,EDGE_CURVE,"'',#15960,#15961,#3793,.T."
18341,EDGE_CURVE,"'',#15961,#14503,#3794,.T."
18342,EDGE_CURVE,"'',#14504,#15962,#3795,.T."
18343,EDGE_CURVE,"'',#15962,#15963,#3796,.T."
18344,EDGE_CURVE,"'',#15963,#14505,#3797,.T."
18345,EDGE_CURVE,"'',#15949,#15964,#19649,.T."
18346,EDGE_CURVE,"'',#14510,#15964,#3798,.T."
18347,EDGE_CURVE,"'',#15964,#15950,#19650,.T."
18348,EDGE_CURVE,"'',#15947,#15948,#19651,.T."
18349,EDGE_CURVE,"'',#15961,#15962,#19652,.T."
18350,EDGE_CURVE,"'',#15963,#15946,#19653,.T."
18351,EDGE_CURVE,"'',#15959,#15960,#19654,.T."
18352,EDGE_CURVE,"'',#15955,#15956,#19655,.T."
18353,EDGE_CURVE,"'',#15957,#15958,#19656,.T."
18354,EDGE_CURVE,"'',#15951,#15952,#19657,.T."
18355,EDGE_CURVE,"'',#15953,#15954,#19658,.T."
18356,EDGE_CURVE,"'',#14530,#15965,#3799,.T."
18357,EDGE_CURVE,"'',#15965,#15966,#3800,.T."
18358,EDGE_CURVE,"'',#15966,#14531,#3801,.T."
18359,EDGE_CURVE,"'',#14532,#15967,#3802,.T."
18360,EDGE_CURVE,"'',#15967,#15968,#3803,.T."
18361,EDGE_CURVE,"'',#15968,#14533,#3804,.T."
18362,EDGE_CURVE,"'',#14517,#15969,#3805,.T."
18363,EDGE_CURVE,"'',#15969,#15970,#3806,.T."
18364,EDGE_CURVE,"'',#15970,#14516,#3807,.T."
18365,EDGE_CURVE,"'',#14518,#15971,#3808,.T."
18366,EDGE_CURVE,"'',#15971,#15972,#3809,.T."
18367,EDGE_CURVE,"'',#15972,#14519,#3810,.T."
18368,EDGE_CURVE,"'',#14520,#15973,#3811,.T."
18369,EDGE_CURVE,"'',#15973,#15974,#3812,.T."
18370,EDGE_CURVE,"'',#15974,#14521,#3813,.T."
18371,EDGE_CURVE,"'',#14522,#15975,#3814,.T."
18372,EDGE_CURVE,"'',#15975,#15976,#3815,.T."
18373,EDGE_CURVE,"'',#15976,#14523,#3816,.T."
18374,EDGE_CURVE,"'',#14524,#15977,#3817,.T."
18375,EDGE_CURVE,"'',#15977,#15978,#3818,.T."
18376,EDGE_CURVE,"'',#15978,#14525,#3819,.T."
18377,EDGE_CURVE,"'',#14526,#15979,#3820,.T."
18378,EDGE_CURVE,"'',#15979,#15980,#3821,.T."
18379,EDGE_CURVE,"'',#15980,#14527,#3822,.T."
18380,EDGE_CURVE,"'',#14528,#15981,#3823,.T."
18381,EDGE_CURVE,"'',#15981,#15982,#3824,.T."
18382,EDGE_CURVE,"'',#15982,#14529,#3825,.T."
18383,EDGE_CURVE,"'',#15968,#15983,#19659,.T."
18384,EDGE_CURVE,"'',#14534,#15983,#3826,.T."
18385,EDGE_CURVE,"'',#15983,#15969,#19660,.T."
18386,EDGE_CURVE,"'',#15966,#15967,#19661,.T."
18387,EDGE_CURVE,"'',#15980,#15981,#19662,.T."
18388,EDGE_CURVE,"'',#15982,#15965,#19663,.T."
18389,EDGE_CURVE,"'',#15978,#15979,#19664,.T."
18390,EDGE_CURVE,"'',#15974,#15975,#19665,.T."
18391,EDGE_CURVE,"'',#15976,#15977,#19666,.T."
18392,EDGE_CURVE,"'',#15970,#15971,#19667,.T."
18393,EDGE_CURVE,"'',#15972,#15973,#19668,.T."
18394,EDGE_CURVE,"'',#15984,#15985,#19669,.T."
18395,EDGE_CURVE,"'',#15985,#14429,#3827,.T."
18396,EDGE_CURVE,"'',#14428,#15984,#3828,.T."
18397,EDGE_CURVE,"'',#15986,#15986,#19670,.T."
18398,EDGE_CURVE,"'',#15987,#15987,#19671,.T."
18399,EDGE_CURVE,"'',#15988,#15988,#19672,.T."
18400,EDGE_CURVE,"'',#15989,#15989,#19673,.T."
18401,EDGE_CURVE,"'',#15990,#15990,#19674,.T."
18402,EDGE_CURVE,"'',#15991,#15991,#19675,.T."
18403,EDGE_CURVE,"'',#15992,#15992,#19676,.T."
18404,EDGE_CURVE,"'',#15993,#15993,#19677,.T."
18405,EDGE_CURVE,"'',#15994,#15994,#19678,.T."
18406,EDGE_CURVE,"'',#15995,#15995,#19679,.T."
18407,EDGE_CURVE,"'',#15996,#15996,#19680,.T."
18408,EDGE_CURVE,"'',#15997,#15997,#19681,.T."
18409,EDGE_CURVE,"'',#15998,#15998,#19682,.T."
18410,EDGE_CURVE,"'',#15999,#15999,#19683,.T."
18411,EDGE_CURVE,"'',#16000,#16000,#19684,.T."
18412,EDGE_CURVE,"'',#16001,#16001,#19685,.T."
18413,EDGE_CURVE,"'',#16002,#16002,#19686,.T."
18414,EDGE_CURVE,"'',#16003,#16003,#19687,.T."
18415,EDGE_CURVE,"'',#16004,#16004,#19688,.T."
18416,EDGE_CURVE,"'',#16005,#16005,#19689,.T."
18417,EDGE_CURVE,"'',#16006,#16006,#19690,.T."
18418,EDGE_CURVE,"'',#16007,#16007,#19691,.T."
18419,EDGE_CURVE,"'',#16008,#16008,#19692,.T."
18420,EDGE_CURVE,"'',#16009,#16009,#19693,.T."
18421,EDGE_CURVE,"'',#16010,#16010,#19694,.T."
18422,EDGE_CURVE,"'',#16011,#16011,#19695,.T."
18423,EDGE_CURVE,"'',#16012,#16012,#19696,.T."
18424,EDGE_CURVE,"'',#16013,#16013,#19697,.T."
18425,EDGE_CURVE,"'',#16014,#16014,#19698,.T."
18426,EDGE_CURVE,"'',#16015,#16015,#19699,.T."
18427,EDGE_CURVE,"'',#16016,#16016,#19700,.T."
18428,EDGE_CURVE,"'',#16017,#16017,#19701,.T."
18429,EDGE_CURVE,"'',#16018,#16018,#19702,.T."
18430,EDGE_CURVE,"'',#16019,#16019,#19703,.T."
18431,EDGE_CURVE,"'',#16020,#16020,#19704,.T."
18432,EDGE_CURVE,"'',#16021,#16021,#19705,.T."
18433,EDGE_CURVE,"'',#16022,#16022,#19706,.T."
18434,EDGE_CURVE,"'',#15963,#14567,#3829,.T."
18435,EDGE_CURVE,"'',#14568,#15962,#3830,.T."
18436,EDGE_CURVE,"'',#14569,#15961,#3831,.T."
18437,EDGE_CURVE,"'',#15946,#14566,#3832,.T."
18438,EDGE_CURVE,"'',#14570,#15960,#3833,.T."
18439,EDGE_CURVE,"'',#15947,#14565,#3834,.T."
18440,EDGE_CURVE,"'',#14571,#15959,#3835,.T."
18441,EDGE_CURVE,"'',#15948,#14564,#3836,.T."
18442,EDGE_CURVE,"'',#14572,#15958,#3837,.T."
18443,EDGE_CURVE,"'',#15949,#14563,#3838,.T."
18444,EDGE_CURVE,"'',#14573,#15957,#3839,.T."
18445,EDGE_CURVE,"'',#15964,#14562,#3840,.T."
18446,EDGE_CURVE,"'',#14574,#15956,#3841,.T."
18447,EDGE_CURVE,"'',#15950,#14561,#3842,.T."
18448,EDGE_CURVE,"'',#14575,#15955,#3843,.T."
18449,EDGE_CURVE,"'',#15951,#14560,#3844,.T."
18450,EDGE_CURVE,"'',#14557,#15954,#3845,.T."
18451,EDGE_CURVE,"'',#15952,#14559,#3846,.T."
18452,EDGE_CURVE,"'',#14558,#15953,#3847,.T."
18453,EDGE_CURVE,"'',#15944,#14586,#3848,.T."
18454,EDGE_CURVE,"'',#14587,#15943,#3849,.T."
18455,EDGE_CURVE,"'',#14588,#15942,#3850,.T."
18456,EDGE_CURVE,"'',#15927,#14585,#3851,.T."
18457,EDGE_CURVE,"'',#14589,#15941,#3852,.T."
18458,EDGE_CURVE,"'',#15928,#14584,#3853,.T."
18459,EDGE_CURVE,"'',#14590,#15940,#3854,.T."
18460,EDGE_CURVE,"'',#15929,#14583,#3855,.T."
18461,EDGE_CURVE,"'',#14591,#15939,#3856,.T."
18462,EDGE_CURVE,"'',#15930,#14582,#3857,.T."
18463,EDGE_CURVE,"'',#14592,#15938,#3858,.T."
18464,EDGE_CURVE,"'',#15945,#14581,#3859,.T."
18465,EDGE_CURVE,"'',#14593,#15937,#3860,.T."
18466,EDGE_CURVE,"'',#15931,#14580,#3861,.T."
18467,EDGE_CURVE,"'',#14594,#15936,#3862,.T."
18468,EDGE_CURVE,"'',#15932,#14579,#3863,.T."
18469,EDGE_CURVE,"'',#14576,#15935,#3864,.T."
18470,EDGE_CURVE,"'',#15933,#14578,#3865,.T."
18471,EDGE_CURVE,"'',#14577,#15934,#3866,.T."
18472,EDGE_CURVE,"'',#15975,#14605,#3867,.T."
18473,EDGE_CURVE,"'',#14606,#15974,#3868,.T."
18474,EDGE_CURVE,"'',#14607,#15973,#3869,.T."
18475,EDGE_CURVE,"'',#15976,#14604,#3870,.T."
18476,EDGE_CURVE,"'',#14608,#15972,#3871,.T."
18477,EDGE_CURVE,"'',#15977,#14603,#3872,.T."
18478,EDGE_CURVE,"'',#14609,#15971,#3873,.T."
18479,EDGE_CURVE,"'',#15978,#14602,#3874,.T."
18480,EDGE_CURVE,"'',#14610,#15970,#3875,.T."
18481,EDGE_CURVE,"'',#15979,#14601,#3876,.T."
18482,EDGE_CURVE,"'',#14611,#15969,#3877,.T."
18483,EDGE_CURVE,"'',#15980,#14600,#3878,.T."
18484,EDGE_CURVE,"'',#14612,#15983,#3879,.T."
18485,EDGE_CURVE,"'',#15981,#14599,#3880,.T."
18486,EDGE_CURVE,"'',#14613,#15968,#3881,.T."
18487,EDGE_CURVE,"'',#15982,#14598,#3882,.T."
18488,EDGE_CURVE,"'',#14595,#15967,#3883,.T."
18489,EDGE_CURVE,"'',#15965,#14597,#3884,.T."
18490,EDGE_CURVE,"'',#14596,#15966,#3885,.T."
18491,EDGE_CURVE,"'',#14625,#15922,#3886,.T."
18492,EDGE_CURVE,"'',#15923,#14624,#3887,.T."
18493,EDGE_CURVE,"'',#15924,#14623,#3888,.T."
18494,EDGE_CURVE,"'',#14626,#15921,#3889,.T."
18495,EDGE_CURVE,"'',#15925,#14622,#3890,.T."
18496,EDGE_CURVE,"'',#14627,#15920,#3891,.T."
18497,EDGE_CURVE,"'',#15908,#14621,#3892,.T."
18498,EDGE_CURVE,"'',#14628,#15919,#3893,.T."
18499,EDGE_CURVE,"'',#15909,#14620,#3894,.T."
18500,EDGE_CURVE,"'',#14629,#15918,#3895,.T."
18501,EDGE_CURVE,"'',#15910,#14619,#3896,.T."
18502,EDGE_CURVE,"'',#14630,#15917,#3897,.T."
18503,EDGE_CURVE,"'',#15911,#14618,#3898,.T."
18504,EDGE_CURVE,"'',#14631,#15916,#3899,.T."
18505,EDGE_CURVE,"'',#15926,#14617,#3900,.T."
18506,EDGE_CURVE,"'',#14632,#15915,#3901,.T."
18507,EDGE_CURVE,"'',#15912,#14616,#3902,.T."
18508,EDGE_CURVE,"'',#14614,#15914,#3903,.T."
18509,EDGE_CURVE,"'',#15913,#14615,#3904,.T."
18510,EDGE_CURVE,"'',#16023,#16023,#19707,.T."
18511,EDGE_CURVE,"'',#16024,#16024,#19708,.T."
18512,EDGE_CURVE,"'',#16025,#16025,#19709,.T."
18513,EDGE_CURVE,"'',#16026,#16026,#19710,.T."
18514,EDGE_CURVE,"'',#16027,#16027,#19711,.T."
18515,EDGE_CURVE,"'',#16028,#16028,#19712,.T."
18516,EDGE_CURVE,"'',#16029,#16029,#19713,.T."
18517,EDGE_CURVE,"'',#16030,#16030,#19714,.T."
18518,EDGE_CURVE,"'',#16031,#16031,#19715,.T."
18519,EDGE_CURVE,"'',#16032,#16032,#19716,.T."
18520,EDGE_CURVE,"'',#16033,#16033,#19717,.T."
18521,EDGE_CURVE,"'',#16034,#16034,#19718,.T."
18522,EDGE_CURVE,"'',#16035,#16035,#19719,.T."
18523,EDGE_CURVE,"'',#16036,#16036,#19720,.T."
18524,EDGE_CURVE,"'',#16037,#16037,#19721,.T."
18525,EDGE_CURVE,"'',#16038,#16038,#19722,.T."
18526,EDGE_CURVE,"'',#16039,#16039,#19723,.T."
18527,EDGE_CURVE,"'',#16040,#16040,#19724,.T."
18528,EDGE_CURVE,"'',#16041,#16041,#19725,.T."
18529,EDGE_CURVE,"'',#16042,#16042,#19726,.T."
18530,EDGE_CURVE,"'',#16043,#16043,#19727,.T."
18531,EDGE_CURVE,"'',#16044,#16044,#19728,.T."
18532,EDGE_CURVE,"'',#16046,#16046,#19729,.T."
18533,EDGE_CURVE,"'',#16047,#16047,#19730,.T."
18534,EDGE_CURVE,"'',#16049,#16049,#19731,.T."
18535,EDGE_CURVE,"'',#16050,#16050,#19732,.T."
18536,EDGE_CURVE,"'',#16052,#16052,#19733,.T."
18537,EDGE_CURVE,"'',#16053,#16053,#19734,.T."
18538,EDGE_CURVE,"'',#16055,#16055,#19735,.T."
18539,EDGE_CURVE,"'',#16056,#16056,#19736,.T."
18540,EDGE_CURVE,"'',#16058,#16058,#19737,.T."
18541,EDGE_CURVE,"'',#16059,#16059,#19738,.T."
18542,EDGE_CURVE,"'',#16061,#16061,#19739,.T."
18543,EDGE_CURVE,"'',#16062,#16062,#19740,.T."
18544,EDGE_CURVE,"'',#16064,#16064,#19741,.T."
18545,EDGE_CURVE,"'',#16065,#16065,#19742,.T."
18546,EDGE_CURVE,"'',#16067,#16068,#3905,.T."
18547,EDGE_CURVE,"'',#16068,#16069,#3906,.T."
18548,EDGE_CURVE,"'',#16069,#16070,#3907,.T."
18549,EDGE_CURVE,"'',#16070,#16067,#3908,.T."
18550,EDGE_CURVE,"'',#16071,#16072,#3909,.T."
18551,EDGE_CURVE,"'',#16072,#16073,#3910,.T."
18552,EDGE_CURVE,"'',#16073,#16074,#3911,.T."
18553,EDGE_CURVE,"'',#16074,#16071,#3912,.T."
18554,EDGE_CURVE,"'',#16075,#16076,#3913,.T."
18555,EDGE_CURVE,"'',#16076,#16077,#3914,.T."
18556,EDGE_CURVE,"'',#16077,#16078,#3915,.T."
18557,EDGE_CURVE,"'',#16078,#16075,#3916,.T."
18558,EDGE_CURVE,"'',#16079,#16080,#3917,.T."
18559,EDGE_CURVE,"'',#16080,#16081,#3918,.T."
18560,EDGE_CURVE,"'',#16081,#16082,#3919,.T."
18561,EDGE_CURVE,"'',#16082,#16079,#3920,.T."
18562,EDGE_CURVE,"'',#16083,#16084,#19743,.T."
18563,EDGE_CURVE,"'',#16084,#16085,#3921,.T."
18564,EDGE_CURVE,"'',#16085,#16086,#19744,.T."
18565,EDGE_CURVE,"'',#16086,#16087,#3922,.T."
18566,EDGE_CURVE,"'',#16087,#16088,#19745,.T."
18567,EDGE_CURVE,"'',#16088,#16089,#3923,.T."
18568,EDGE_CURVE,"'',#16089,#16090,#19746,.T."
18569,EDGE_CURVE,"'',#16090,#16083,#3924,.T."
18570,EDGE_CURVE,"'',#16091,#16091,#19747,.T."
18571,EDGE_CURVE,"'',#16092,#16092,#19748,.T."
18572,EDGE_CURVE,"'',#16093,#16093,#19749,.T."
18573,EDGE_CURVE,"'',#16094,#16094,#19750,.T."
18574,EDGE_CURVE,"'',#16070,#16071,#19751,.T."
18575,EDGE_CURVE,"'',#16074,#16075,#19752,.T."
18576,EDGE_CURVE,"'',#16078,#16079,#19753,.T."
18577,EDGE_CURVE,"'',#16082,#16067,#19754,.T."
18578,EDGE_CURVE,"'',#16095,#16096,#3925,.T."
18579,EDGE_CURVE,"'',#16096,#16097,#3926,.T."
18580,EDGE_CURVE,"'',#16097,#16098,#3927,.T."
18581,EDGE_CURVE,"'',#16098,#16095,#3928,.T."
18582,EDGE_CURVE,"'',#16099,#16100,#3929,.T."
18583,EDGE_CURVE,"'',#16100,#16101,#3930,.T."
18584,EDGE_CURVE,"'',#16101,#16102,#3931,.T."
18585,EDGE_CURVE,"'',#16102,#16099,#3932,.T."
18586,EDGE_CURVE,"'',#16103,#16104,#3933,.T."
18587,EDGE_CURVE,"'',#16104,#16105,#3934,.T."
18588,EDGE_CURVE,"'',#16105,#16106,#3935,.T."
18589,EDGE_CURVE,"'',#16106,#16103,#3936,.T."
18590,EDGE_CURVE,"'',#16107,#16108,#3937,.T."
18591,EDGE_CURVE,"'',#16108,#16109,#3938,.T."
18592,EDGE_CURVE,"'',#16109,#16110,#3939,.T."
18593,EDGE_CURVE,"'',#16110,#16107,#3940,.T."
18594,EDGE_CURVE,"'',#16098,#16099,#19755,.T."
18595,EDGE_CURVE,"'',#16102,#16103,#19756,.T."
18596,EDGE_CURVE,"'',#16106,#16107,#19757,.T."
18597,EDGE_CURVE,"'',#16110,#16095,#19758,.T."
18598,EDGE_CURVE,"'',#16111,#16112,#3941,.T."
18599,EDGE_CURVE,"'',#16112,#16113,#19759,.T."
18600,EDGE_CURVE,"'',#16113,#16114,#3942,.T."
18601,EDGE_CURVE,"'',#16114,#16115,#19760,.T."
18602,EDGE_CURVE,"'',#16115,#16116,#3943,.T."
18603,EDGE_CURVE,"'',#16116,#16117,#19761,.T."
18604,EDGE_CURVE,"'',#16117,#16118,#3944,.T."
18605,EDGE_CURVE,"'',#16118,#16111,#19762,.T."
18606,EDGE_CURVE,"'',#16119,#16119,#19763,.T."
18607,EDGE_CURVE,"'',#16120,#16120,#19764,.T."
18608,EDGE_CURVE,"'',#16121,#16121,#19765,.T."
18609,EDGE_CURVE,"'',#16122,#16122,#19766,.T."
18610,EDGE_CURVE,"'',#16123,#16124,#3945,.T."
18611,EDGE_CURVE,"'',#16123,#16125,#19767,.T."
18612,EDGE_CURVE,"'',#16126,#16125,#3946,.T."
18613,EDGE_CURVE,"'',#16126,#16127,#19768,.T."
18614,EDGE_CURVE,"'',#16128,#16127,#3947,.T."
18615,EDGE_CURVE,"'',#16128,#16129,#19769,.T."
18616,EDGE_CURVE,"'',#16130,#16129,#3948,.T."
18617,EDGE_CURVE,"'',#16130,#16124,#19770,.T."
18618,EDGE_CURVE,"'',#16127,#16131,#3949,.T."
18619,EDGE_CURVE,"'',#16131,#16132,#3950,.T."
18620,EDGE_CURVE,"'',#16132,#16128,#3951,.T."
18621,EDGE_CURVE,"'',#16129,#16133,#3952,.T."
18622,EDGE_CURVE,"'',#16133,#16134,#3953,.T."
18623,EDGE_CURVE,"'',#16134,#16130,#3954,.T."
18624,EDGE_CURVE,"'',#16124,#16135,#3955,.T."
18625,EDGE_CURVE,"'',#16135,#16136,#3956,.T."
18626,EDGE_CURVE,"'',#16136,#16123,#3957,.T."
18627,EDGE_CURVE,"'',#16125,#16137,#3958,.T."
18628,EDGE_CURVE,"'',#16137,#16138,#3959,.T."
18629,EDGE_CURVE,"'',#16138,#16126,#3960,.T."
18630,EDGE_CURVE,"'',#16139,#16140,#3961,.T."
18631,EDGE_CURVE,"'',#16139,#16141,#19771,.T."
18632,EDGE_CURVE,"'',#16142,#16141,#3962,.T."
18633,EDGE_CURVE,"'',#16142,#16143,#19772,.T."
18634,EDGE_CURVE,"'',#16144,#16143,#3963,.T."
18635,EDGE_CURVE,"'',#16144,#16145,#19773,.T."
18636,EDGE_CURVE,"'',#16146,#16145,#3964,.T."
18637,EDGE_CURVE,"'',#16146,#16140,#19774,.T."
18638,EDGE_CURVE,"'',#16141,#16147,#3965,.T."
18639,EDGE_CURVE,"'',#16147,#16148,#3966,.T."
18640,EDGE_CURVE,"'',#16148,#16142,#3967,.T."
18641,EDGE_CURVE,"'',#16140,#16149,#3968,.T."
18642,EDGE_CURVE,"'',#16149,#16150,#3969,.T."
18643,EDGE_CURVE,"'',#16150,#16139,#3970,.T."
18644,EDGE_CURVE,"'',#16145,#16151,#3971,.T."
18645,EDGE_CURVE,"'',#16151,#16152,#3972,.T."
18646,EDGE_CURVE,"'',#16152,#16146,#3973,.T."
18647,EDGE_CURVE,"'',#16143,#16153,#3974,.T."
18648,EDGE_CURVE,"'',#16153,#16154,#3975,.T."
18649,EDGE_CURVE,"'',#16154,#16144,#3976,.T."
18650,EDGE_CURVE,"'',#16150,#16147,#19775,.T."
18651,EDGE_CURVE,"'',#16152,#16149,#19776,.T."
18652,EDGE_CURVE,"'',#16154,#16151,#19777,.T."
18653,EDGE_CURVE,"'',#16148,#16153,#19778,.T."
18654,EDGE_CURVE,"'',#16097,#16100,#19779,.T."
18655,EDGE_CURVE,"'',#16101,#16104,#19780,.T."
18656,EDGE_CURVE,"'',#16109,#16096,#19781,.T."
18657,EDGE_CURVE,"'',#16105,#16108,#19782,.T."
18658,EDGE_CURVE,"'',#16155,#16155,#19783,.T."
18659,EDGE_CURVE,"'',#16156,#16156,#19784,.T."
18660,EDGE_CURVE,"'',#16158,#16158,#19785,.T."
18661,EDGE_CURVE,"'',#16159,#16159,#19786,.T."
18662,EDGE_CURVE,"'',#16161,#16161,#19787,.T."
18663,EDGE_CURVE,"'',#16162,#16162,#19788,.T."
18664,EDGE_CURVE,"'',#16164,#16164,#19789,.T."
18665,EDGE_CURVE,"'',#16165,#16165,#19790,.T."
18666,EDGE_CURVE,"'',#16136,#16137,#19791,.T."
18667,EDGE_CURVE,"'',#16138,#16131,#19792,.T."
18668,EDGE_CURVE,"'',#16134,#16135,#19793,.T."
18669,EDGE_CURVE,"'',#16132,#16133,#19794,.T."
18670,EDGE_CURVE,"'',#16069,#16072,#19795,.T."
18671,EDGE_CURVE,"'',#16073,#16076,#19796,.T."
18672,EDGE_CURVE,"'',#16081,#16068,#19797,.T."
18673,EDGE_CURVE,"'',#16077,#16080,#19798,.T."
18674,EDGE_CURVE,"'',#16167,#16167,#19799,.T."
18675,EDGE_CURVE,"'',#16168,#16168,#19800,.T."
18676,EDGE_CURVE,"'',#16170,#16170,#19801,.T."
18677,EDGE_CURVE,"'',#16171,#16171,#19802,.T."
18678,EDGE_CURVE,"'',#16173,#16173,#19803,.T."
18679,EDGE_CURVE,"'',#16174,#16174,#19804,.T."
18680,EDGE_CURVE,"'',#16176,#16176,#19805,.T."
18681,EDGE_CURVE,"'',#16177,#16177,#19806,.T."
18682,EDGE_CURVE,"'',#16149,#16116,#3977,.T."
18683,EDGE_CURVE,"'',#16117,#16152,#3978,.T."
18684,EDGE_CURVE,"'',#16118,#16151,#3979,.T."
18685,EDGE_CURVE,"'',#16150,#16115,#3980,.T."
18686,EDGE_CURVE,"'',#16111,#16154,#3981,.T."
18687,EDGE_CURVE,"'',#16147,#16114,#3982,.T."
18688,EDGE_CURVE,"'',#16112,#16153,#3983,.T."
18689,EDGE_CURVE,"'',#16148,#16113,#3984,.T."
18690,EDGE_CURVE,"'',#14787,#15888,#3985,.T."
18691,EDGE_CURVE,"'',#15853,#14787,#3986,.T."
18692,EDGE_CURVE,"'',#15888,#15853,#3987,.T."
18693,EDGE_CURVE,"'',#15854,#14802,#3988,.T."
18694,EDGE_CURVE,"'',#15889,#15852,#3989,.T."
18695,EDGE_CURVE,"'',#14788,#15881,#3990,.T."
18696,EDGE_CURVE,"'',#15864,#14801,#3991,.T."
18697,EDGE_CURVE,"'',#14538,#15889,#3992,.T."
18698,EDGE_CURVE,"'',#14538,#15852,#3993,.T."
18699,EDGE_CURVE,"'',#14789,#15880,#3994,.T."
18700,EDGE_CURVE,"'',#15866,#14800,#3995,.T."
18701,EDGE_CURVE,"'',#14539,#15855,#3996,.T."
18702,EDGE_CURVE,"'',#15882,#14537,#3997,.T."
18703,EDGE_CURVE,"'',#14685,#15879,#3998,.T."
18704,EDGE_CURVE,"'',#15866,#15878,#3999,.T."
18705,EDGE_CURVE,"'',#15878,#14800,#4000,.T."
18706,EDGE_CURVE,"'',#14540,#15865,#4001,.T."
18707,EDGE_CURVE,"'',#15883,#14536,#4002,.T."
18708,EDGE_CURVE,"'',#14686,#15883,#4003,.T."
18709,EDGE_CURVE,"'',#15869,#14799,#4004,.T."
18710,EDGE_CURVE,"'',#15867,#15877,#4005,.T."
18711,EDGE_CURVE,"'',#14541,#15867,#4006,.T."
18712,EDGE_CURVE,"'',#14686,#14536,#4007,.T."
18713,EDGE_CURVE,"'',#15870,#14798,#4008,.T."
18714,EDGE_CURVE,"'',#14541,#15877,#4009,.T."
18715,EDGE_CURVE,"'',#14687,#14535,#4010,.T."
18716,EDGE_CURVE,"'',#15871,#14664,#4011,.T."
18717,EDGE_CURVE,"'',#14542,#15868,#4012,.T."
18718,EDGE_CURVE,"'',#14688,#15814,#4013,.T."
18719,EDGE_CURVE,"'',#15872,#14663,#4014,.T."
18720,EDGE_CURVE,"'',#14543,#15872,#4015,.T."
18721,EDGE_CURVE,"'',#14689,#15813,#4016,.T."
18722,EDGE_CURVE,"'',#14543,#14663,#4017,.T."
18723,EDGE_CURVE,"'',#14678,#15807,#4018,.T."
18724,EDGE_CURVE,"'',#14544,#14662,#4019,.T."
18725,EDGE_CURVE,"'',#15984,#14544,#4020,.T."
18726,EDGE_CURVE,"'',#14679,#15806,#4021,.T."
18727,EDGE_CURVE,"'',#15984,#14662,#1935,.T."
18728,EDGE_CURVE,"'',#15831,#15806,#4022,.T."
18729,EDGE_CURVE,"'',#15831,#14679,#4023,.T."
18730,EDGE_CURVE,"'',#14680,#15830,#4024,.T."
18731,EDGE_CURVE,"'',#15985,#14661,#1936,.T."
18732,EDGE_CURVE,"'',#14545,#15985,#4025,.T."
18733,EDGE_CURVE,"'',#15832,#15805,#4026,.T."
18734,EDGE_CURVE,"'',#14816,#15834,#4027,.T."
18735,EDGE_CURVE,"'',#14545,#14661,#4028,.T."
18736,EDGE_CURVE,"'',#15839,#15804,#4029,.T."
18737,EDGE_CURVE,"'',#14817,#15833,#4030,.T."
18738,EDGE_CURVE,"'',#14546,#14660,#4031,.T."
18739,EDGE_CURVE,"'',#15840,#15829,#4032,.T."
18740,EDGE_CURVE,"'',#14818,#15840,#4033,.T."
18741,EDGE_CURVE,"'',#15808,#14659,#4034,.T."
18742,EDGE_CURVE,"'',#15818,#15812,#4035,.T."
18743,EDGE_CURVE,"'',#14818,#15829,#4036,.T."
18744,EDGE_CURVE,"'',#15809,#14658,#4037,.T."
18745,EDGE_CURVE,"'',#15843,#15809,#4038,.T."
18746,EDGE_CURVE,"'',#15810,#15842,#4039,.T."
18747,EDGE_CURVE,"'',#15811,#15851,#4040,.T."
18748,EDGE_CURVE,"'',#15815,#15811,#4041,.T."
18749,EDGE_CURVE,"'',#14819,#15827,#4042,.T."
18750,EDGE_CURVE,"'',#15843,#14658,#4043,.T."
18751,EDGE_CURVE,"'',#15815,#15851,#4044,.T."
18752,EDGE_CURVE,"'',#14820,#15817,#4045,.T."
18753,EDGE_CURVE,"'',#15844,#14657,#4046,.T."
18754,EDGE_CURVE,"'',#15816,#15850,#4047,.T."
18755,EDGE_CURVE,"'',#14805,#15816,#4048,.T."
18756,EDGE_CURVE,"'',#15845,#14807,#4049,.T."
18757,EDGE_CURVE,"'',#14805,#15850,#4050,.T."
18758,EDGE_CURVE,"'',#15841,#14806,#4051,.T."
18759,EDGE_CURVE,"'',#15825,#16135,#4052,.T."
18760,EDGE_CURVE,"'',#16136,#15824,#4053,.T."
18761,EDGE_CURVE,"'',#16137,#15823,#4054,.T."
18762,EDGE_CURVE,"'',#15826,#16134,#4055,.T."
18763,EDGE_CURVE,"'',#16138,#15822,#4056,.T."
18764,EDGE_CURVE,"'',#15819,#16133,#4057,.T."
18765,EDGE_CURVE,"'',#16131,#15821,#4058,.T."
18766,EDGE_CURVE,"'',#15820,#16132,#4059,.T."
18767,EDGE_CURVE,"'',#16089,#16096,#4060,.T."
18768,EDGE_CURVE,"'',#16097,#16088,#4061,.T."
18769,EDGE_CURVE,"'',#16100,#16087,#4062,.T."
18770,EDGE_CURVE,"'',#16090,#16109,#4063,.T."
18771,EDGE_CURVE,"'',#16101,#16086,#4064,.T."
18772,EDGE_CURVE,"'',#16083,#16108,#4065,.T."
18773,EDGE_CURVE,"'',#16104,#16085,#4066,.T."
18774,EDGE_CURVE,"'',#16084,#16105,#4067,.T."
18775,EDGE_CURVE,"'',#15862,#16068,#4068,.T."
18776,EDGE_CURVE,"'',#16069,#15861,#4069,.T."
18777,EDGE_CURVE,"'',#16072,#15860,#4070,.T."
18778,EDGE_CURVE,"'',#15863,#16081,#4071,.T."
18779,EDGE_CURVE,"'',#16073,#15859,#4072,.T."
18780,EDGE_CURVE,"'',#15856,#16080,#4073,.T."
18781,EDGE_CURVE,"'',#16076,#15858,#4074,.T."
18782,EDGE_CURVE,"'',#15857,#16077,#4075,.T."
18783,EDGE_CURVE,"'',#16179,#16179,#19807,.T."
18784,EDGE_CURVE,"'',#16180,#16180,#19808,.T."
18785,EDGE_CURVE,"'',#16182,#16182,#19809,.T."
18786,EDGE_CURVE,"'',#16184,#16184,#19810,.T."
18787,EDGE_CURVE,"'',#16185,#16185,#19811,.T."
18788,EDGE_CURVE,"'',#16187,#16187,#19812,.T."
18789,EDGE_CURVE,"'',#16188,#16188,#19813,.T."
18790,EDGE_CURVE,"'',#16190,#16190,#19814,.T."
18791,EDGE_CURVE,"'',#16191,#16191,#19815,.T."
18792,EDGE_CURVE,"'',#16193,#16193,#19816,.T."
18793,EDGE_CURVE,"'',#16194,#16194,#19817,.T."
18794,EDGE_CURVE,"'',#16196,#16196,#19818,.T."
18795,EDGE_CURVE,"'',#16197,#16197,#19819,.T."
18796,EDGE_CURVE,"'',#16199,#16199,#19820,.T."
18797,CIRCLE,"'',#19822,15."
18798,CIRCLE,"'',#19823,5.9"
18799,CIRCLE,"'',#19825,6.1"
18800,CIRCLE,"'',#19826,6.1"
18801,CIRCLE,"'',#19827,6.1"
18802,CIRCLE,"'',#19828,6.1"
18803,CIRCLE,"'',#19829,2.75"
18804,CIRCLE,"'',#19830,11.5"
18805,CIRCLE,"'',#19831,6.49999999999998"
18806,CIRCLE,"'',#19832,2.75"
18807,CIRCLE,"'',#19833,6.74999999999998"
18808,CIRCLE,"'',#19834,2.75"
18809,CIRCLE,"'',#19835,2.75"
18810,CIRCLE,"'',#19836,2.75"
18811,CIRCLE,"'',#19837,6.74999999999998"
18812,CIRCLE,"'',#19838,11.5"
18813,CIRCLE,"'',#19839,11.5"
18814,CIRCLE,"'',#19840,11.5"
18815,CIRCLE,"'',#19841,2.75"
18816,CIRCLE,"'',#19842,6.74999999999998"
18817,CIRCLE,"'',#19843,6.49999999999998"
18818,CIRCLE,"'',#19844,6.74999999999998"
18819,CIRCLE,"'',#19845,6.49999999999998"
18820,CIRCLE,"'',#19846,5.5"
18821,CIRCLE,"'',#19847,1.75"
18822,CIRCLE,"'',#19848,2.75"
18823,CIRCLE,"'',#19849,10."
18824,CIRCLE,"'',#19850,12."
18825,CIRCLE,"'',#19851,12."
18826,CIRCLE,"'',#19852,12."
18827,CIRCLE,"'',#19853,8.5"
18828,CIRCLE,"'',#19854,8.5"
18829,CIRCLE,"'',#19855,1.75"
18830,CIRCLE,"'',#19857,11.5"
18831,CIRCLE,"'',#19858,2.75"
18832,CIRCLE,"'',#19859,2.75"
18833,CIRCLE,"'',#19860,6.75"
18834,CIRCLE,"'',#19861,6.5"
18835,CIRCLE,"'',#19862,3."
18836,CIRCLE,"'',#19863,3."
18837,CIRCLE,"'',#19864,3."
18838,CIRCLE,"'',#19865,3."
18839,CIRCLE,"'',#19866,3."
18840,CIRCLE,"'',#19867,3."
18841,CIRCLE,"'',#19868,3."
18842,CIRCLE,"'',#19869,3."
18843,CIRCLE,"'',#19870,3."
18844,CIRCLE,"'',#19871,3."
18845,CIRCLE,"'',#19873,6.75"
18846,CIRCLE,"'',#19874,6.5"
18847,CIRCLE,"'',#19875,2.75"
18848,CIRCLE,"'',#19876,2.75"
18849,CIRCLE,"'',#19877,11.5"
18850,CIRCLE,"'',#19878,3."
18851,CIRCLE,"'',#19879,3."
18852,CIRCLE,"'',#19880,3."
18853,CIRCLE,"'',#19881,3."
18854,CIRCLE,"'',#19882,3."
18855,CIRCLE,"'',#19883,3."
18856,CIRCLE,"'',#19884,3."
18857,CIRCLE,"'',#19885,3."
18858,CIRCLE,"'',#19886,3."
18859,CIRCLE,"'',#19887,3."
18860,CIRCLE,"'',#19889,2.75"
18861,CIRCLE,"'',#19890,2.75"
18862,CIRCLE,"'',#19891,6.75"
18863,CIRCLE,"'',#19892,6.5"
18864,CIRCLE,"'',#19893,11.5"
18865,CIRCLE,"'',#19894,3."
18866,CIRCLE,"'',#19895,3."
18867,CIRCLE,"'',#19896,3."
18868,CIRCLE,"'',#19897,3."
18869,CIRCLE,"'',#19898,3."
18870,CIRCLE,"'',#19899,3."
18871,CIRCLE,"'',#19900,3."
18872,CIRCLE,"'',#19901,3."
18873,CIRCLE,"'',#19902,3."
18874,CIRCLE,"'',#19903,3."
18875,CIRCLE,"'',#19905,2.75"
18876,CIRCLE,"'',#19906,11.5"
18877,CIRCLE,"'',#19907,2.75"
18878,CIRCLE,"'',#19908,6.75"
18879,CIRCLE,"'',#19909,6.5"
18880,CIRCLE,"'',#19910,3."
18881,CIRCLE,"'',#19911,3."
18882,CIRCLE,"'',#19912,3."
18883,CIRCLE,"'',#19913,3."
18884,CIRCLE,"'',#19914,3."
18885,CIRCLE,"'',#19915,3."
18886,CIRCLE,"'',#19916,3."
18887,CIRCLE,"'',#19917,3."
18888,CIRCLE,"'',#19918,3."
18889,CIRCLE,"'',#19919,3."
18890,CIRCLE,"'',#19923,8.00000000000001"
18891,CIRCLE,"'',#19924,8.00000000000001"
18892,CIRCLE,"'',#19925,8.00000000000001"
18893,CIRCLE,"'',#19926,8.00000000000001"
18894,CIRCLE,"'',#19927,8.00000000000001"
18895,CIRCLE,"'',#19928,8.00000000000001"
18896,CIRCLE,"'',#19929,9.6"
18897,CIRCLE,"'',#19930,9.6"
18898,CIRCLE,"'',#19931,9.6"
18899,CIRCLE,"'',#19932,9.6"
18900,CIRCLE,"'',#19933,4."
18901,CIRCLE,"'',#19934,4."
18902,CIRCLE,"'',#19935,4."
18903,CIRCLE,"'',#19936,2."
18904,CIRCLE,"'',#19937,4."
18905,CIRCLE,"'',#19938,4."
18906,CIRCLE,"'',#19939,2."
18907,CIRCLE,"'',#19940,4."
18908,CIRCLE,"'',#19941,4."
18909,CIRCLE,"'',#19942,2."
18910,CIRCLE,"'',#19943,4."
18911,CIRCLE,"'',#19944,4."
18912,CIRCLE,"'',#19945,4."
18913,CIRCLE,"'',#19946,2."
18914,CIRCLE,"'',#19947,4."
18915,CIRCLE,"'',#19948,4."
18916,CIRCLE,"'',#19949,2."
18917,CIRCLE,"'',#19950,4."
18918,CIRCLE,"'',#19951,4."
18919,CIRCLE,"'',#19952,2."
18920,CIRCLE,"'',#19953,4."
18921,CIRCLE,"'',#19954,4."
18922,CIRCLE,"'',#19955,2."
18923,CIRCLE,"'',#19956,4."
18924,CIRCLE,"'',#19957,4."
18925,CIRCLE,"'',#19958,2."
18926,CIRCLE,"'',#19959,4."
18927,CIRCLE,"'',#19960,4."
18928,CIRCLE,"'',#19961,4."
18929,CIRCLE,"'',#19962,2."
18930,CIRCLE,"'',#19963,4."
18931,CIRCLE,"'',#19964,4."
18932,CIRCLE,"'',#19965,2."
18933,CIRCLE,"'',#19966,4."
18934,CIRCLE,"'',#19967,4."
18935,CIRCLE,"'',#19968,2."
18936,CIRCLE,"'',#19969,4."
18937,CIRCLE,"'',#19970,4."
18938,CIRCLE,"'',#19971,2."
18939,CIRCLE,"'',#19972,4."
18940,CIRCLE,"'',#19973,2.75"
18941,CIRCLE,"'',#19974,18."
18942,CIRCLE,"'',#19975,18."
18943,CIRCLE,"'',#19976,18."
18944,CIRCLE,"'',#19977,18."
18945,CIRCLE,"'',#19978,9."
18946,CIRCLE,"'',#19979,9."
18947,CIRCLE,"'',#19980,9."
18948,CIRCLE,"'',#19981,9."
18949,CIRCLE,"'',#19982,22."
18950,CIRCLE,"'',#19983,22."
18951,CIRCLE,"'',#19984,22."
18952,CIRCLE,"'',#19985,22."
18953,CIRCLE,"'',#19987,4."
18954,CIRCLE,"'',#19988,5."
18955,CIRCLE,"'',#19990,16."
18956,CIRCLE,"'',#19991,11.1"
18957,CIRCLE,"'',#19992,11.1"
18958,CIRCLE,"'',#19993,16."
18959,CIRCLE,"'',#19994,13."
18960,CIRCLE,"'',#19995,11."
18961,CIRCLE,"'',#19997,16."
18962,CIRCLE,"'',#19998,11.1"
18963,CIRCLE,"'',#19999,11.1"
18964,CIRCLE,"'',#20000,16."
18965,CIRCLE,"'',#20001,13."
18966,CIRCLE,"'',#20002,13."
18967,CIRCLE,"'',#20004,3.00000000000003"
18968,CIRCLE,"'',#20005,3.59751094573103"
18969,CIRCLE,"'',#20006,4.31930765051742"
18970,CIRCLE,"'',#20007,2.77091817703662"
18971,CIRCLE,"'',#20008,1.36578158164762"
18972,CIRCLE,"'',#20009,0.940975008054534"
18973,CIRCLE,"'',#20010,0.998315113386303"
18974,CIRCLE,"'',#20011,1.61787288601468"
18975,CIRCLE,"'',#20012,3.89956581934539"
18976,CIRCLE,"'',#20013,1.65984411243283"
18977,CIRCLE,"'',#20014,1.74446286346072"
18978,CIRCLE,"'',#20015,1.59738674301495"
18979,CIRCLE,"'',#20016,1.85962519198425"
18980,CIRCLE,"'',#20017,2.17896106832054"
18981,CIRCLE,"'',#20018,1.7012473328394"
18982,CIRCLE,"'',#20019,1.75667265332576"
18983,CIRCLE,"'',#20020,1.80330420686603"
18984,CIRCLE,"'',#20021,1.78283439305174"
18985,CIRCLE,"'',#20022,1.62979645996177"
18986,CIRCLE,"'',#20023,1.64381367238013"
18987,CIRCLE,"'',#20024,7.90000000000001"
18988,CIRCLE,"'',#20025,8.00000000000001"
18989,CIRCLE,"'',#20026,7."
18990,CIRCLE,"'',#20027,7.90000000000001"
18991,CIRCLE,"'',#20028,8.00000000000001"
18992,CIRCLE,"'',#20029,7."
18993,CIRCLE,"'',#20030,3.59751094576255"
18994,CIRCLE,"'',#20031,4.31930765051938"
18995,CIRCLE,"'',#20032,2.77091817703669"
18996,CIRCLE,"'',#20033,1.3657815806805"
18997,CIRCLE,"'',#20034,0.940975008054609"
18998,CIRCLE,"'',#20035,0.99831511338611"
18999,CIRCLE,"'',#20036,1.61787288601482"
19000,CIRCLE,"'',#20037,3.89956581835801"
19001,CIRCLE,"'',#20038,1.65984411243233"
19002,CIRCLE,"'',#20039,1.74446285572477"
19003,CIRCLE,"'',#20040,1.597386743015"
19004,CIRCLE,"'',#20041,1.85962519207758"
19005,CIRCLE,"'',#20042,2.17896106832058"
19006,CIRCLE,"'',#20043,1.70124733284008"
19007,CIRCLE,"'',#20044,1.75667265332556"
19008,CIRCLE,"'',#20045,1.80330420683658"
19009,CIRCLE,"'',#20046,1.78283439305172"
19010,CIRCLE,"'',#20047,1.62979645996266"
19011,CIRCLE,"'',#20048,1.64381367242488"
19012,CIRCLE,"'',#20050,16."
19013,CIRCLE,"'',#20051,16."
19014,CIRCLE,"'',#20057,4."
19015,CIRCLE,"'',#20061,1.26847172659852"
19016,CIRCLE,"'',#20062,2.65562830203352"
19017,CIRCLE,"'',#20063,8.19329259317853"
19018,CIRCLE,"'',#20064,8.66896733399506"
19019,CIRCLE,"'',#20065,1.46015163695541"
19020,CIRCLE,"'',#20066,0.940975008054437"
19021,CIRCLE,"'',#20067,1.09356124690074"
19022,CIRCLE,"'',#20068,1.10045062089345"
19023,CIRCLE,"'',#20069,1.13432262497914"
19024,CIRCLE,"'',#20070,1.7661015848833"
19025,CIRCLE,"'',#20071,1.93699685691865"
19026,CIRCLE,"'',#20072,1.82487966792068"
19027,CIRCLE,"'',#20073,1.50954672432825"
19028,CIRCLE,"'',#20074,1.74915143833113"
19029,CIRCLE,"'',#20075,2.65273003757121"
19030,CIRCLE,"'',#20076,2.06646584904592"
19031,CIRCLE,"'',#20077,1.36578158068019"
19032,CIRCLE,"'',#20078,0.940975008049283"
19033,CIRCLE,"'',#20079,0.998315113386025"
19034,CIRCLE,"'',#20080,1.61787288601451"
19035,CIRCLE,"'',#20081,3.89956581835753"
19036,CIRCLE,"'',#20082,1.65984411243245"
19037,CIRCLE,"'',#20083,1.74446285572475"
19038,CIRCLE,"'',#20084,1.59738674301499"
19039,CIRCLE,"'',#20085,1.85962519207756"
19040,CIRCLE,"'',#20086,2.1789610683208"
19041,CIRCLE,"'',#20087,1.70124733284032"
19042,CIRCLE,"'',#20088,1.75667265332581"
19043,CIRCLE,"'',#20089,1.80330420683648"
19044,CIRCLE,"'',#20090,1.78283439315734"
19045,CIRCLE,"'',#20091,1.62979645996223"
19046,CIRCLE,"'',#20092,1.64381367238025"
19047,CIRCLE,"'',#20093,3.59751094573063"
19048,CIRCLE,"'',#20094,4.31930765529963"
19049,CIRCLE,"'',#20095,2.77091817705923"
19050,CIRCLE,"'',#20096,2.04291982853454"
19051,CIRCLE,"'',#20097,1.61039977187834"
19052,CIRCLE,"'',#20098,1.68404811857352"
19053,CIRCLE,"'',#20099,1.53194953010396"
19054,CIRCLE,"'',#20100,3.02873401322232"
19055,CIRCLE,"'',#20101,5.92756649384215"
19056,CIRCLE,"'',#20102,5.42062420678833"
19057,CIRCLE,"'',#20103,2.00611104320947"
19058,CIRCLE,"'',#20104,1.58928634026065"
19059,CIRCLE,"'',#20105,1.58533486549371"
19060,CIRCLE,"'',#20106,5.38608921602509"
19061,CIRCLE,"'',#20107,10.5"
19062,CIRCLE,"'',#20108,12."
19063,CIRCLE,"'',#20109,11.9"
19064,CIRCLE,"'',#20110,7."
19065,CIRCLE,"'',#20111,8."
19066,CIRCLE,"'',#20112,7.9"
19067,CIRCLE,"'',#20113,7."
19068,CIRCLE,"'',#20114,8."
19069,CIRCLE,"'',#20115,7.9"
19070,CIRCLE,"'',#20116,2.042919828512"
19071,CIRCLE,"'',#20117,1.61041823944724"
19072,CIRCLE,"'',#20118,1.68405042236073"
19073,CIRCLE,"'',#20119,1.53193240573812"
19074,CIRCLE,"'',#20120,3.02873401323186"
19075,CIRCLE,"'',#20121,5.92755771720534"
19076,CIRCLE,"'',#20122,5.42062420712198"
19077,CIRCLE,"'',#20123,2.00611104320955"
19078,CIRCLE,"'',#20124,1.58928511482086"
19079,CIRCLE,"'',#20125,1.58533435314511"
19080,CIRCLE,"'',#20126,5.38608921579588"
19081,CIRCLE,"'',#20127,1.56804408481677"
19082,CIRCLE,"'',#20128,1.02819555807815"
19083,CIRCLE,"'',#20129,1.11973206018174"
19084,CIRCLE,"'',#20130,1.15030459128734"
19085,CIRCLE,"'',#20131,1.08833594647873"
19086,CIRCLE,"'',#20132,1.102084155541"
19087,CIRCLE,"'',#20133,1.94024932334399"
19088,CIRCLE,"'',#20134,1.43201346603729"
19089,CIRCLE,"'',#20135,0.796571883282899"
19090,CIRCLE,"'',#20136,0.861156754435293"
19091,CIRCLE,"'',#20137,0.93854729157002"
19092,CIRCLE,"'',#20138,0.959585841707617"
19093,CIRCLE,"'',#20139,1.34624194267949"
19094,CIRCLE,"'',#20140,1.81731243134173"
19095,CIRCLE,"'',#20141,1.70029930120164"
19096,CIRCLE,"'',#20142,1.83347318518057"
19097,CIRCLE,"'',#20143,1.39719282802099"
19098,CIRCLE,"'',#20144,1.43381914406458"
19099,CIRCLE,"'',#20145,1.19236236558234"
19100,CIRCLE,"'',#20146,1.36543178884792"
19101,CIRCLE,"'',#20147,1.32368199475114"
19102,CIRCLE,"'',#20148,1.48845521080647"
19103,CIRCLE,"'',#20149,1.67107684487859"
19104,CIRCLE,"'',#20150,1.91370045012803"
19105,CIRCLE,"'',#20151,1.78008023454037"
19106,CIRCLE,"'',#20152,1.71663463818609"
19107,CIRCLE,"'',#20153,1.36578158164661"
19108,CIRCLE,"'',#20154,0.940975008049001"
19109,CIRCLE,"'',#20155,0.998315113386159"
19110,CIRCLE,"'',#20156,1.61787288601554"
19111,CIRCLE,"'',#20157,3.8995658193441"
19112,CIRCLE,"'',#20158,1.65984411243211"
19113,CIRCLE,"'',#20159,1.74446286345833"
19114,CIRCLE,"'',#20160,1.59738674301466"
19115,CIRCLE,"'',#20161,1.8596251919838"
19116,CIRCLE,"'',#20162,2.17896106831979"
19117,CIRCLE,"'',#20163,1.70124733283982"
19118,CIRCLE,"'',#20164,1.75667265332271"
19119,CIRCLE,"'',#20165,1.80330420686618"
19120,CIRCLE,"'',#20166,1.78283439315729"
19121,CIRCLE,"'',#20167,1.62979645996262"
19122,CIRCLE,"'',#20168,1.64381367238058"
19123,CIRCLE,"'',#20169,3.59751094573055"
19124,CIRCLE,"'',#20170,4.31930765051806"
19125,CIRCLE,"'',#20171,2.77091817703666"
19126,CIRCLE,"'',#20173,3.59751094573113"
19127,CIRCLE,"'',#20174,4.31930765051875"
19128,CIRCLE,"'',#20175,2.77091817703691"
19129,CIRCLE,"'',#20176,1.36578158164688"
19130,CIRCLE,"'',#20177,0.940975008049271"
19131,CIRCLE,"'',#20178,0.998315113386075"
19132,CIRCLE,"'',#20179,1.61787288601482"
19133,CIRCLE,"'',#20180,3.89956581934507"
19134,CIRCLE,"'',#20181,1.65984411243236"
19135,CIRCLE,"'',#20182,1.74446286345985"
19136,CIRCLE,"'',#20183,1.59738674299822"
19137,CIRCLE,"'',#20184,1.85962519198409"
19138,CIRCLE,"'',#20185,2.17896106832034"
19139,CIRCLE,"'',#20186,1.70124733284032"
19140,CIRCLE,"'',#20187,1.75667265332598"
19141,CIRCLE,"'',#20188,1.80330420686613"
19142,CIRCLE,"'',#20189,1.78283439315738"
19143,CIRCLE,"'',#20190,1.62979645996262"
19144,CIRCLE,"'',#20191,1.64381367238027"
19145,CIRCLE,"'',#20192,5.172"
19146,CIRCLE,"'',#20193,7."
19147,CIRCLE,"'',#20194,8."
19148,CIRCLE,"'',#20195,7.9"
19149,CIRCLE,"'',#20196,7."
19150,CIRCLE,"'',#20197,8."
19151,CIRCLE,"'',#20198,7.9"
19152,CIRCLE,"'',#20199,6.02999999999999"
19153,CIRCLE,"'',#20200,5.99999999999999"
19154,CIRCLE,"'',#20201,3.59751094576076"
19155,CIRCLE,"'',#20202,4.31930765051816"
19156,CIRCLE,"'',#20203,2.77091817703658"
19157,CIRCLE,"'',#20204,1.36578158164702"
19158,CIRCLE,"'',#20205,0.940975008049333"
19159,CIRCLE,"'',#20206,0.998315113386108"
19160,CIRCLE,"'',#20207,1.61787288601458"
19161,CIRCLE,"'',#20208,3.8995658193447"
19162,CIRCLE,"'',#20209,1.65984411243258"
19163,CIRCLE,"'',#20210,1.74446286345985"
19164,CIRCLE,"'',#20211,1.59738674301496"
19165,CIRCLE,"'',#20212,1.85962519198413"
19166,CIRCLE,"'',#20213,2.17896106253667"
19167,CIRCLE,"'',#20214,1.70124733283986"
19168,CIRCLE,"'',#20215,1.75667265332581"
19169,CIRCLE,"'',#20216,1.80330420683646"
19170,CIRCLE,"'',#20217,1.78283439315735"
19171,CIRCLE,"'',#20218,1.62979645996261"
19172,CIRCLE,"'',#20219,1.64381367238033"
19173,CIRCLE,"'',#20221,15.25"
19174,CIRCLE,"'',#20222,18."
19175,CIRCLE,"'',#20224,15."
19176,CIRCLE,"'',#20225,15."
19177,CIRCLE,"'',#20227,15.25"
19178,CIRCLE,"'',#20228,18."
19179,CIRCLE,"'',#20230,15."
19180,CIRCLE,"'',#20231,15."
19181,CIRCLE,"'',#20233,15.25"
19182,CIRCLE,"'',#20234,18."
19183,CIRCLE,"'',#20236,15."
19184,CIRCLE,"'',#20237,15."
19185,CIRCLE,"'',#20239,15.25"
19186,CIRCLE,"'',#20240,18."
19187,CIRCLE,"'',#20242,15."
19188,CIRCLE,"'',#20243,15."
19189,CIRCLE,"'',#20245,4."
19190,CIRCLE,"'',#20246,5.9"
19191,CIRCLE,"'',#20248,4."
19192,CIRCLE,"'',#20249,5.9"
19193,CIRCLE,"'',#20251,15."
19194,CIRCLE,"'',#20252,15."
19195,CIRCLE,"'',#20274,10.1"
19196,CIRCLE,"'',#20275,10.1"
19197,CIRCLE,"'',#20277,10.1"
19198,CIRCLE,"'',#20278,10.1"
19199,CIRCLE,"'',#20280,10.1"
19200,CIRCLE,"'',#20281,10.1"
19201,CIRCLE,"'',#20283,10.1"
19202,CIRCLE,"'',#20284,10.1"
19203,CIRCLE,"'',#20290,9."
19204,CIRCLE,"'',#20293,9."
19205,CIRCLE,"'',#20296,9."
19206,CIRCLE,"'',#20299,9."
19207,CIRCLE,"'',#20310,21."
19208,CIRCLE,"'',#20312,21."
19209,CIRCLE,"'',#20314,21."
19210,CIRCLE,"'',#20316,21."
19211,CIRCLE,"'',#20318,21."
19212,CIRCLE,"'',#20320,21."
19213,CIRCLE,"'',#20322,21."
19214,CIRCLE,"'',#20324,21."
19215,CIRCLE,"'',#20326,5.9"
19216,CIRCLE,"'',#20328,15."
19217,CIRCLE,"'',#20332,7.00000000000001"
19218,CIRCLE,"'',#20333,7."
19219,CIRCLE,"'',#20334,7."
19220,CIRCLE,"'',#20339,8."
19221,CIRCLE,"'',#20342,7.9"
19222,CIRCLE,"'',#20345,6.99999999999999"
19223,CIRCLE,"'',#20346,7."
19224,CIRCLE,"'',#20347,7."
19225,CIRCLE,"'',#20352,8."
19226,CIRCLE,"'',#20355,7.9"
19227,CIRCLE,"'',#20358,6.99999999999999"
19228,CIRCLE,"'',#20359,7."
19229,CIRCLE,"'',#20360,7."
19230,CIRCLE,"'',#20365,8."
19231,CIRCLE,"'',#20368,7.9"
19232,CIRCLE,"'',#20371,7.00000000000001"
19233,CIRCLE,"'',#20372,7."
19234,CIRCLE,"'',#20373,7."
19235,CIRCLE,"'',#20378,8."
19236,CIRCLE,"'',#20381,7.9"
19237,CIRCLE,"'',#20384,10.5"
19238,CIRCLE,"'',#20385,10.5"
19239,CIRCLE,"'',#20386,10.5"
19240,CIRCLE,"'',#20391,12."
19241,CIRCLE,"'',#20394,11.9"
19242,CIRCLE,"'',#20397,2.04291982853454"
19243,CIRCLE,"'',#20399,1.61039977187834"
19244,CIRCLE,"'',#20401,1.68404811857352"
19245,CIRCLE,"'',#20403,1.53194953010396"
19246,CIRCLE,"'',#20405,3.02873401322232"
19247,CIRCLE,"'',#20407,5.92756649384215"
19248,CIRCLE,"'',#20409,5.42062420678833"
19249,CIRCLE,"'',#20411,2.00611104320947"
19250,CIRCLE,"'',#20413,1.58928634026065"
19251,CIRCLE,"'',#20415,1.58533486549371"
19252,CIRCLE,"'',#20417,5.38608921602509"
19253,CIRCLE,"'',#20419,0.919768241303648"
19254,CIRCLE,"'',#20420,0.976625415807066"
19255,CIRCLE,"'',#20421,0.975338970649037"
19256,CIRCLE,"'',#20422,0.982795600297686"
19257,CIRCLE,"'',#20424,0.982795600297686"
19258,CIRCLE,"'',#20426,0.975338970649037"
19259,CIRCLE,"'',#20428,0.976625415807066"
19260,CIRCLE,"'',#20430,0.919768241303648"
19261,CIRCLE,"'',#20433,2.042919828512"
19262,CIRCLE,"'',#20435,1.61041823944724"
19263,CIRCLE,"'',#20437,1.68405042236073"
19264,CIRCLE,"'',#20439,1.53193240573812"
19265,CIRCLE,"'',#20441,3.02873401323186"
19266,CIRCLE,"'',#20443,5.92755771720534"
19267,CIRCLE,"'',#20445,5.42062420712198"
19268,CIRCLE,"'',#20447,2.00611104320955"
19269,CIRCLE,"'',#20449,1.58928511482086"
19270,CIRCLE,"'',#20451,1.58533435314511"
19271,CIRCLE,"'',#20453,5.38608921579588"
19272,CIRCLE,"'',#20455,0.919769842490525"
19273,CIRCLE,"'',#20456,0.976622474187527"
19274,CIRCLE,"'',#20457,0.975337220599021"
19275,CIRCLE,"'',#20458,0.982794852717808"
19276,CIRCLE,"'',#20460,0.982794852717808"
19277,CIRCLE,"'',#20462,0.975337220599021"
19278,CIRCLE,"'',#20464,0.976622474187527"
19279,CIRCLE,"'',#20466,0.919769842490525"
19280,CIRCLE,"'',#20469,1.56804408481677"
19281,CIRCLE,"'',#20471,1.02819555807815"
19282,CIRCLE,"'',#20473,1.11973206018174"
19283,CIRCLE,"'',#20475,1.15030459128734"
19284,CIRCLE,"'',#20477,1.08833594647873"
19285,CIRCLE,"'',#20479,1.102084155541"
19286,CIRCLE,"'',#20481,1.94024932334399"
19287,CIRCLE,"'',#20484,0.835615784440155"
19288,CIRCLE,"'',#20486,1.43201346603729"
19289,CIRCLE,"'',#20488,0.796571883282899"
19290,CIRCLE,"'',#20490,0.861156754435293"
19291,CIRCLE,"'',#20492,0.93854729157002"
19292,CIRCLE,"'',#20494,0.959585841707617"
19293,CIRCLE,"'',#20496,1.34624194267949"
19294,CIRCLE,"'',#20499,1.81731243134173"
19295,CIRCLE,"'',#20501,1.70029930120164"
19296,CIRCLE,"'',#20503,1.83347318518057"
19297,CIRCLE,"'',#20505,1.39719282802099"
19298,CIRCLE,"'',#20507,1.43381914406458"
19299,CIRCLE,"'',#20509,1.19236236558234"
19300,CIRCLE,"'',#20511,1.36543178884792"
19301,CIRCLE,"'',#20513,1.32368199475114"
19302,CIRCLE,"'',#20515,1.48845521080647"
19303,CIRCLE,"'',#20517,1.67107684487859"
19304,CIRCLE,"'',#20519,1.91370045012803"
19305,CIRCLE,"'',#20521,1.78008023454037"
19306,CIRCLE,"'',#20523,1.71663463818609"
19307,CIRCLE,"'',#20532,4."
19308,CIRCLE,"'',#20533,4."
19309,CIRCLE,"'',#20536,5.172"
19310,CIRCLE,"'',#20537,5.172"
19311,CIRCLE,"'',#20541,6.02999999999999"
19312,CIRCLE,"'',#20543,5.99999999999999"
19313,CIRCLE,"'',#20548,7."
19314,CIRCLE,"'',#20549,7."
19315,CIRCLE,"'',#20550,7."
19316,CIRCLE,"'',#20555,7.90000000000001"
19317,CIRCLE,"'',#20558,8.00000000000001"
19318,CIRCLE,"'',#20561,7."
19319,CIRCLE,"'',#20562,7."
19320,CIRCLE,"'',#20563,7."
19321,CIRCLE,"'',#20568,7.90000000000001"
19322,CIRCLE,"'',#20571,8.00000000000001"
19323,CIRCLE,"'',#20574,15.25"
19324,CIRCLE,"'',#20577,15.25"
19325,CIRCLE,"'',#20580,15.25"
19326,CIRCLE,"'',#20583,15.25"
19327,CIRCLE,"'',#20588,77.2798051163167"
19328,CIRCLE,"'',#20590,16.7776292526134"
19329,CIRCLE,"'',#20605,3.59751094573063"
19330,CIRCLE,"'',#20607,5.24988544535178"
19331,CIRCLE,"'',#20610,4.31930765529963"
19332,CIRCLE,"'',#20612,2.77091817705923"
19333,CIRCLE,"'',#20618,1.65784296772585"
19334,CIRCLE,"'',#20619,1.23422748047337"
19335,CIRCLE,"'',#20620,1.08494915855196"
19336,CIRCLE,"'',#20621,1.04122040571888"
19337,CIRCLE,"'',#20622,1.33471466691402"
19338,CIRCLE,"'',#20623,1.43897175554536"
19339,CIRCLE,"'',#20624,0.983575348372106"
19340,CIRCLE,"'',#20625,1.0958816024699"
19341,CIRCLE,"'',#20626,1.14631307254833"
19342,CIRCLE,"'',#20627,1.36578158164661"
19343,CIRCLE,"'',#20628,1.64381367238058"
19344,CIRCLE,"'',#20629,1.62979645996262"
19345,CIRCLE,"'',#20630,1.78283439315729"
19346,CIRCLE,"'',#20631,1.80330420686618"
19347,CIRCLE,"'',#20632,1.75667265332271"
19348,CIRCLE,"'',#20633,1.70124733283982"
19349,CIRCLE,"'',#20634,2.17896106831979"
19350,CIRCLE,"'',#20635,1.8596251919838"
19351,CIRCLE,"'',#20636,1.59738674301466"
19352,CIRCLE,"'',#20637,1.74446286345833"
19353,CIRCLE,"'',#20638,1.65984411243211"
19354,CIRCLE,"'',#20639,3.8995658193441"
19355,CIRCLE,"'',#20640,1.61787288601554"
19356,CIRCLE,"'',#20641,0.998315113386159"
19357,CIRCLE,"'',#20642,0.940975008049001"
19358,CIRCLE,"'',#20661,1.14631307254833"
19359,CIRCLE,"'',#20663,1.0958816024699"
19360,CIRCLE,"'',#20665,0.983575348372106"
19361,CIRCLE,"'',#20667,1.43897175554536"
19362,CIRCLE,"'',#20669,1.33471466691402"
19363,CIRCLE,"'',#20671,1.04122040571888"
19364,CIRCLE,"'',#20673,1.08494915855196"
19365,CIRCLE,"'',#20675,1.23422748047337"
19366,CIRCLE,"'',#20677,1.65784296772585"
19367,CIRCLE,"'',#20682,77.2798051172129"
19368,CIRCLE,"'',#20684,16.7776292525593"
19369,CIRCLE,"'',#20699,3.59751094573055"
19370,CIRCLE,"'',#20701,5.24988544537558"
19371,CIRCLE,"'',#20704,4.31930765051806"
19372,CIRCLE,"'',#20706,2.77091817703666"
19373,CIRCLE,"'',#20712,1.65784296599472"
19374,CIRCLE,"'',#20713,1.23422748047341"
19375,CIRCLE,"'',#20714,1.08494915855222"
19376,CIRCLE,"'',#20715,1.04122040571914"
19377,CIRCLE,"'',#20716,1.33471466691413"
19378,CIRCLE,"'',#20717,1.43897175554561"
19379,CIRCLE,"'',#20718,0.983575348338158"
19380,CIRCLE,"'',#20719,1.09588160246988"
19381,CIRCLE,"'',#20720,1.14631307254952"
19382,CIRCLE,"'',#20721,1.36578158068019"
19383,CIRCLE,"'',#20722,1.64381367238025"
19384,CIRCLE,"'',#20723,1.62979645996223"
19385,CIRCLE,"'',#20724,1.78283439315734"
19386,CIRCLE,"'',#20725,1.80330420683648"
19387,CIRCLE,"'',#20726,1.75667265332581"
19388,CIRCLE,"'',#20727,1.70124733284032"
19389,CIRCLE,"'',#20728,2.1789610683208"
19390,CIRCLE,"'',#20729,1.85962519207756"
19391,CIRCLE,"'',#20730,1.59738674301499"
19392,CIRCLE,"'',#20731,1.74446285572475"
19393,CIRCLE,"'',#20732,1.65984411243245"
19394,CIRCLE,"'',#20733,3.89956581835753"
19395,CIRCLE,"'',#20734,1.61787288601451"
19396,CIRCLE,"'',#20735,0.998315113386025"
19397,CIRCLE,"'',#20736,0.940975008049283"
19398,CIRCLE,"'',#20755,1.14631307254952"
19399,CIRCLE,"'',#20757,1.09588160246988"
19400,CIRCLE,"'',#20759,0.983575348338158"
19401,CIRCLE,"'',#20761,1.43897175554561"
19402,CIRCLE,"'',#20763,1.33471466691413"
19403,CIRCLE,"'',#20765,1.04122040571914"
19404,CIRCLE,"'',#20767,1.08494915855222"
19405,CIRCLE,"'',#20769,1.23422748047341"
19406,CIRCLE,"'',#20771,1.65784296599472"
19407,CIRCLE,"'',#20776,77.2798051171922"
19408,CIRCLE,"'',#20778,16.7776292527625"
19409,CIRCLE,"'',#20793,3.59751094576076"
19410,CIRCLE,"'',#20795,5.24988544537315"
19411,CIRCLE,"'',#20798,4.31930765051816"
19412,CIRCLE,"'',#20800,2.77091817703658"
19413,CIRCLE,"'',#20806,1.65784296599472"
19414,CIRCLE,"'',#20807,1.23422748047344"
19415,CIRCLE,"'',#20808,1.08494915855221"
19416,CIRCLE,"'',#20809,1.04122040573193"
19417,CIRCLE,"'',#20810,1.33471466723969"
19418,CIRCLE,"'',#20811,1.43897175554566"
19419,CIRCLE,"'',#20812,0.983575348372126"
19420,CIRCLE,"'',#20813,1.0958816024734"
19421,CIRCLE,"'',#20814,1.14631307254972"
19422,CIRCLE,"'',#20815,1.36578158164688"
19423,CIRCLE,"'',#20816,1.64381367238027"
19424,CIRCLE,"'',#20817,1.62979645996262"
19425,CIRCLE,"'',#20818,1.78283439315738"
19426,CIRCLE,"'',#20819,1.80330420686613"
19427,CIRCLE,"'',#20820,1.75667265332598"
19428,CIRCLE,"'',#20821,1.70124733284032"
19429,CIRCLE,"'',#20822,2.17896106832034"
19430,CIRCLE,"'',#20823,1.85962519198409"
19431,CIRCLE,"'',#20824,1.59738674299822"
19432,CIRCLE,"'',#20825,1.74446286345985"
19433,CIRCLE,"'',#20826,1.65984411243236"
19434,CIRCLE,"'',#20827,3.89956581934507"
19435,CIRCLE,"'',#20828,1.61787288601482"
19436,CIRCLE,"'',#20829,0.998315113386075"
19437,CIRCLE,"'',#20830,0.940975008049271"
19438,CIRCLE,"'',#20849,1.14631307254972"
19439,CIRCLE,"'',#20851,1.0958816024734"
19440,CIRCLE,"'',#20853,0.983575348372126"
19441,CIRCLE,"'',#20855,1.43897175554566"
19442,CIRCLE,"'',#20857,1.33471466723969"
19443,CIRCLE,"'',#20859,1.04122040573193"
19444,CIRCLE,"'',#20861,1.08494915855221"
19445,CIRCLE,"'',#20863,1.23422748047344"
19446,CIRCLE,"'',#20865,1.65784296599472"
19447,CIRCLE,"'',#20870,77.2798051172296"
19448,CIRCLE,"'',#20872,16.7776292525419"
19449,CIRCLE,"'',#20887,3.59751094573113"
19450,CIRCLE,"'',#20889,5.24988548100959"
19451,CIRCLE,"'',#20892,4.31930765051875"
19452,CIRCLE,"'',#20894,2.77091817703691"
19453,CIRCLE,"'',#20900,1.65784296772536"
19454,CIRCLE,"'',#20901,1.23422748047341"
19455,CIRCLE,"'',#20902,1.08494915855218"
19456,CIRCLE,"'',#20903,1.04122040571912"
19457,CIRCLE,"'',#20904,1.33471466691411"
19458,CIRCLE,"'',#20905,1.43897175554559"
19459,CIRCLE,"'',#20906,0.983575348338157"
19460,CIRCLE,"'',#20907,1.09588160246987"
19461,CIRCLE,"'',#20908,1.14631307254975"
19462,CIRCLE,"'',#20909,1.36578158164702"
19463,CIRCLE,"'',#20910,1.64381367238033"
19464,CIRCLE,"'',#20911,1.62979645996261"
19465,CIRCLE,"'',#20912,1.78283439315735"
19466,CIRCLE,"'',#20913,1.80330420683646"
19467,CIRCLE,"'',#20914,1.75667265332581"
19468,CIRCLE,"'',#20915,1.70124733283986"
19469,CIRCLE,"'',#20916,2.17896106253667"
19470,CIRCLE,"'',#20917,1.85962519198413"
19471,CIRCLE,"'',#20918,1.59738674301496"
19472,CIRCLE,"'',#20919,1.74446286345985"
19473,CIRCLE,"'',#20920,1.65984411243258"
19474,CIRCLE,"'',#20921,3.8995658193447"
19475,CIRCLE,"'',#20922,1.61787288601458"
19476,CIRCLE,"'',#20923,0.998315113386108"
19477,CIRCLE,"'',#20924,0.940975008049333"
19478,CIRCLE,"'',#20943,1.14631307254975"
19479,CIRCLE,"'',#20945,1.09588160246987"
19480,CIRCLE,"'',#20947,0.983575348338157"
19481,CIRCLE,"'',#20949,1.43897175554559"
19482,CIRCLE,"'',#20951,1.33471466691411"
19483,CIRCLE,"'',#20953,1.04122040571912"
19484,CIRCLE,"'',#20955,1.08494915855218"
19485,CIRCLE,"'',#20957,1.23422748047341"
19486,CIRCLE,"'',#20959,1.65784296772536"
19487,CIRCLE,"'',#20971,77.2798051168363"
19488,CIRCLE,"'',#20973,16.7776292527555"
19489,CIRCLE,"'',#20988,3.59751094576255"
19490,CIRCLE,"'',#20990,5.24988545307415"
19491,CIRCLE,"'',#20993,4.31930765051938"
19492,CIRCLE,"'',#20995,2.77091817703669"
19493,CIRCLE,"'',#21001,1.6578429659943"
19494,CIRCLE,"'',#21002,1.23422748051378"
19495,CIRCLE,"'',#21003,1.0849491585524"
19496,CIRCLE,"'',#21004,1.04122040573177"
19497,CIRCLE,"'',#21005,1.33471466691418"
19498,CIRCLE,"'',#21006,1.43897175572734"
19499,CIRCLE,"'',#21007,0.983575348338204"
19500,CIRCLE,"'',#21008,1.09588160247394"
19501,CIRCLE,"'',#21009,1.14631307254867"
19502,CIRCLE,"'',#21010,1.36578158164762"
19503,CIRCLE,"'',#21011,1.64381367238013"
19504,CIRCLE,"'',#21012,1.62979645996177"
19505,CIRCLE,"'',#21013,1.78283439305174"
19506,CIRCLE,"'',#21014,1.80330420686603"
19507,CIRCLE,"'',#21015,1.75667265332576"
19508,CIRCLE,"'',#21016,1.7012473328394"
19509,CIRCLE,"'',#21017,2.17896106832054"
19510,CIRCLE,"'',#21018,1.85962519198425"
19511,CIRCLE,"'',#21019,1.59738674301495"
19512,CIRCLE,"'',#21020,1.74446286346072"
19513,CIRCLE,"'',#21021,1.65984411243283"
19514,CIRCLE,"'',#21022,3.89956581934539"
19515,CIRCLE,"'',#21023,1.61787288601468"
19516,CIRCLE,"'',#21024,0.998315113386303"
19517,CIRCLE,"'',#21025,0.940975008054534"
19518,CIRCLE,"'',#21044,1.14631307254867"
19519,CIRCLE,"'',#21046,1.09588160247394"
19520,CIRCLE,"'',#21048,0.983575348338204"
19521,CIRCLE,"'',#21050,1.43897175572734"
19522,CIRCLE,"'',#21052,1.33471466691418"
19523,CIRCLE,"'',#21054,1.04122040573177"
19524,CIRCLE,"'',#21056,1.0849491585524"
19525,CIRCLE,"'',#21058,1.23422748051378"
19526,CIRCLE,"'',#21060,1.6578429659943"
19527,CIRCLE,"'',#21065,77.2798051177786"
19528,CIRCLE,"'',#21067,16.7776292525594"
19529,CIRCLE,"'',#21082,3.59751094573103"
19530,CIRCLE,"'',#21084,5.24988548101296"
19531,CIRCLE,"'',#21087,4.31930765051742"
19532,CIRCLE,"'',#21089,2.77091817703662"
19533,CIRCLE,"'',#21095,1.6578429659952"
19534,CIRCLE,"'',#21096,1.23422748051402"
19535,CIRCLE,"'',#21097,1.08494915855236"
19536,CIRCLE,"'',#21098,1.04122040573193"
19537,CIRCLE,"'',#21099,1.33471466691408"
19538,CIRCLE,"'',#21100,1.43897175572723"
19539,CIRCLE,"'',#21101,0.983575348372073"
19540,CIRCLE,"'',#21102,1.09588160246955"
19541,CIRCLE,"'',#21103,1.14631307254844"
19542,CIRCLE,"'',#21104,1.3657815806805"
19543,CIRCLE,"'',#21105,1.64381367242488"
19544,CIRCLE,"'',#21106,1.62979645996266"
19545,CIRCLE,"'',#21107,1.78283439305172"
19546,CIRCLE,"'',#21108,1.80330420683658"
19547,CIRCLE,"'',#21109,1.75667265332556"
19548,CIRCLE,"'',#21110,1.70124733284008"
19549,CIRCLE,"'',#21111,2.17896106832058"
19550,CIRCLE,"'',#21112,1.85962519207758"
19551,CIRCLE,"'',#21113,1.597386743015"
19552,CIRCLE,"'',#21114,1.74446285572477"
19553,CIRCLE,"'',#21115,1.65984411243233"
19554,CIRCLE,"'',#21116,3.89956581835801"
19555,CIRCLE,"'',#21117,1.61787288601482"
19556,CIRCLE,"'',#21118,0.99831511338611"
19557,CIRCLE,"'',#21119,0.940975008054609"
19558,CIRCLE,"'',#21138,1.14631307254844"
19559,CIRCLE,"'',#21140,1.09588160246955"
19560,CIRCLE,"'',#21142,0.983575348372073"
19561,CIRCLE,"'',#21144,1.43897175572723"
19562,CIRCLE,"'',#21146,1.33471466691408"
19563,CIRCLE,"'',#21148,1.04122040573193"
19564,CIRCLE,"'',#21150,1.08494915855236"
19565,CIRCLE,"'',#21152,1.23422748051402"
19566,CIRCLE,"'',#21154,1.6578429659952"
19567,CIRCLE,"'',#21167,77.2798051169198"
19568,CIRCLE,"'',#21169,16.777629252585"
19569,CIRCLE,"'',#21184,1.26847172659852"
19570,CIRCLE,"'',#21186,2.65562830203352"
19571,CIRCLE,"'',#21188,8.19329259317853"
19572,CIRCLE,"'',#21190,8.66896733399506"
19573,CIRCLE,"'',#21192,1.46015163695541"
19574,CIRCLE,"'',#21194,0.940975008054437"
19575,CIRCLE,"'',#21196,1.09356124690074"
19576,CIRCLE,"'',#21198,1.10045062089345"
19577,CIRCLE,"'',#21200,1.13432262497914"
19578,CIRCLE,"'',#21203,1.7661015848833"
19579,CIRCLE,"'',#21205,1.93699685691865"
19580,CIRCLE,"'',#21207,1.82487966792068"
19581,CIRCLE,"'',#21209,1.50954672432825"
19582,CIRCLE,"'',#21211,1.74915143833113"
19583,CIRCLE,"'',#21213,2.65273003757121"
19584,CIRCLE,"'',#21215,11.4593855471131"
19585,CIRCLE,"'',#21217,13.0842463773459"
19586,CIRCLE,"'',#21219,2.06646584904592"
19587,CIRCLE,"'',#21244,5."
19588,CIRCLE,"'',#21248,12."
19589,CIRCLE,"'',#21250,12."
19590,CIRCLE,"'',#21252,12."
19591,CIRCLE,"'',#21255,6.00000000000001"
19592,CIRCLE,"'',#21256,6.00000000000001"
19593,CIRCLE,"'',#21257,6.00000000000001"
19594,CIRCLE,"'',#21258,6."
19595,CIRCLE,"'',#21262,3.00000000000003"
19596,CIRCLE,"'',#21263,3.00000000000003"
19597,CIRCLE,"'',#21264,2.5"
19598,CIRCLE,"'',#21265,2.5"
19599,CIRCLE,"'',#21268,3.00000000000003"
19600,CIRCLE,"'',#21269,3.00000000000003"
19601,CIRCLE,"'',#21270,2.5"
19602,CIRCLE,"'',#21271,2.5"
19603,CIRCLE,"'',#21274,6.00000000000001"
19604,CIRCLE,"'',#21275,6."
19605,CIRCLE,"'',#21276,6.00000000000001"
19606,CIRCLE,"'',#21277,5.99999999999999"
19607,CIRCLE,"'',#21281,3.00000000000003"
19608,CIRCLE,"'',#21282,3.00000000000003"
19609,CIRCLE,"'',#21283,2.5"
19610,CIRCLE,"'',#21284,2.5"
19611,CIRCLE,"'',#21287,3.00000000000003"
19612,CIRCLE,"'',#21288,3.00000000000003"
19613,CIRCLE,"'',#21289,2.5"
19614,CIRCLE,"'',#21290,2.5"
19615,CIRCLE,"'',#21292,2.5"
19616,CIRCLE,"'',#21295,2.5"
19617,CIRCLE,"'',#21298,2.5"
19618,CIRCLE,"'',#21301,2.5"
19619,CIRCLE,"'',#21304,2.5"
19620,CIRCLE,"'',#21307,2.5"
19621,CIRCLE,"'',#21310,2.5"
19622,CIRCLE,"'',#21313,2.5"
19623,CIRCLE,"'',#21316,8.5"
19624,CIRCLE,"'',#21317,5."
19625,CIRCLE,"'',#21321,8.5"
19626,CIRCLE,"'',#21322,5."
19627,CIRCLE,"'',#21328,3."
19628,CIRCLE,"'',#21339,3."
19629,CIRCLE,"'',#21341,3."
19630,CIRCLE,"'',#21343,3."
19631,CIRCLE,"'',#21345,3."
19632,CIRCLE,"'',#21347,3."
19633,CIRCLE,"'',#21349,3."
19634,CIRCLE,"'',#21351,3."
19635,CIRCLE,"'',#21353,3."
19636,CIRCLE,"'',#21355,3."
19637,CIRCLE,"'',#21356,3."
19638,CIRCLE,"'',#21358,3."
19639,CIRCLE,"'',#21369,3."
19640,CIRCLE,"'',#21371,3."
19641,CIRCLE,"'',#21373,3."
19642,CIRCLE,"'',#21375,3."
19643,CIRCLE,"'',#21377,3."
19644,CIRCLE,"'',#21379,3."
19645,CIRCLE,"'',#21381,3."
19646,CIRCLE,"'',#21383,3."
19647,CIRCLE,"'',#21385,3."
19648,CIRCLE,"'',#21387,3."
19649,CIRCLE,"'',#21398,3."
19650,CIRCLE,"'',#21400,3."
19651,CIRCLE,"'',#21402,3."
19652,CIRCLE,"'',#21404,3."
19653,CIRCLE,"'',#21406,3."
19654,CIRCLE,"'',#21408,3."
19655,CIRCLE,"'',#21410,3."
19656,CIRCLE,"'',#21412,3."
19657,CIRCLE,"'',#21414,3."
19658,CIRCLE,"'',#21416,3."
19659,CIRCLE,"'',#21427,3."
19660,CIRCLE,"'',#21429,3."
19661,CIRCLE,"'',#21431,3."
19662,CIRCLE,"'',#21433,3."
19663,CIRCLE,"'',#21435,3."
19664,CIRCLE,"'',#21437,3."
19665,CIRCLE,"'',#21439,3."
19666,CIRCLE,"'',#21441,3."
19667,CIRCLE,"'',#21443,3."
19668,CIRCLE,"'',#21445,3."
19669,CIRCLE,"'',#21447,10."
19670,CIRCLE,"'',#21449,1.75"
19671,CIRCLE,"'',#21450,1.75"
19672,CIRCLE,"'',#21452,1.75"
19673,CIRCLE,"'',#21453,1.75"
19674,CIRCLE,"'',#21455,1.75"
19675,CIRCLE,"'',#21456,1.75"
19676,CIRCLE,"'',#21458,1.75"
19677,CIRCLE,"'',#21459,1.75"
19678,CIRCLE,"'',#21461,1.75"
19679,CIRCLE,"'',#21462,1.75"
19680,CIRCLE,"'',#21464,1.75"
19681,CIRCLE,"'',#21466,1.75"
19682,CIRCLE,"'',#21469,1.75"
19683,CIRCLE,"'',#21470,1.75"
19684,CIRCLE,"'',#21472,10.5"
19685,CIRCLE,"'',#21473,10.5"
19686,CIRCLE,"'',#21475,5.5"
19687,CIRCLE,"'',#21476,5.5"
19688,CIRCLE,"'',#21478,5.75"
19689,CIRCLE,"'',#21479,5.75"
19690,CIRCLE,"'',#21481,5.5"
19691,CIRCLE,"'',#21483,10.5"
19692,CIRCLE,"'',#21484,10.5"
19693,CIRCLE,"'',#21486,5.75"
19694,CIRCLE,"'',#21487,5.75"
19695,CIRCLE,"'',#21489,5.75"
19696,CIRCLE,"'',#21490,5.75"
19697,CIRCLE,"'',#21492,10.5"
19698,CIRCLE,"'',#21493,10.5"
19699,CIRCLE,"'',#21495,5.5"
19700,CIRCLE,"'',#21496,5.5"
19701,CIRCLE,"'',#21498,5.5"
19702,CIRCLE,"'',#21499,5.5"
19703,CIRCLE,"'',#21501,5.75"
19704,CIRCLE,"'',#21502,5.75"
19705,CIRCLE,"'',#21504,10.5"
19706,CIRCLE,"'',#21505,10.5"
19707,CIRCLE,"'',#21622,5.5"
19708,CIRCLE,"'',#21623,5.5"
19709,CIRCLE,"'',#21625,6.1"
19710,CIRCLE,"'',#21626,9."
19711,CIRCLE,"'',#21628,9."
19712,CIRCLE,"'',#21633,5.5"
19713,CIRCLE,"'',#21634,5.5"
19714,CIRCLE,"'',#21636,6.1"
19715,CIRCLE,"'',#21637,9."
19716,CIRCLE,"'',#21639,9."
19717,CIRCLE,"'',#21644,5.5"
19718,CIRCLE,"'',#21645,5.5"
19719,CIRCLE,"'',#21647,6.1"
19720,CIRCLE,"'',#21648,9."
19721,CIRCLE,"'',#21650,9."
19722,CIRCLE,"'',#21655,5.5"
19723,CIRCLE,"'',#21656,5.5"
19724,CIRCLE,"'',#21658,6.1"
19725,CIRCLE,"'',#21659,9."
19726,CIRCLE,"'',#21661,9."
19727,CIRCLE,"'',#21666,2.5"
19728,CIRCLE,"'',#21668,2.5"
19729,CIRCLE,"'',#21671,2.5"
19730,CIRCLE,"'',#21673,2.5"
19731,CIRCLE,"'',#21676,2.5"
19732,CIRCLE,"'',#21678,2.5"
19733,CIRCLE,"'',#21681,2.5"
19734,CIRCLE,"'',#21683,2.5"
19735,CIRCLE,"'',#21686,2.5"
19736,CIRCLE,"'',#21688,2.5"
19737,CIRCLE,"'',#21691,2.5"
19738,CIRCLE,"'',#21693,2.5"
19739,CIRCLE,"'',#21696,2.5"
19740,CIRCLE,"'',#21698,2.5"
19741,CIRCLE,"'',#21701,2.5"
19742,CIRCLE,"'',#21703,2.5"
19743,CIRCLE,"'',#21710,10."
19744,CIRCLE,"'',#21711,10."
19745,CIRCLE,"'',#21712,9.99999999999999"
19746,CIRCLE,"'',#21713,10."
19747,CIRCLE,"'',#21714,3.00000000000003"
19748,CIRCLE,"'',#21715,3.00000000000003"
19749,CIRCLE,"'',#21716,3.00000000000003"
19750,CIRCLE,"'',#21717,3.00000000000003"
19751,CIRCLE,"'',#21718,5."
19752,CIRCLE,"'',#21719,5."
19753,CIRCLE,"'',#21720,5."
19754,CIRCLE,"'',#21721,5."
19755,CIRCLE,"'',#21727,9."
19756,CIRCLE,"'',#21728,9."
19757,CIRCLE,"'',#21729,9."
19758,CIRCLE,"'',#21730,9."
19759,CIRCLE,"'',#21732,10."
19760,CIRCLE,"'',#21733,10."
19761,CIRCLE,"'',#21734,10."
19762,CIRCLE,"'',#21735,10."
19763,CIRCLE,"'',#21736,3.00000000000004"
19764,CIRCLE,"'',#21737,3.00000000000004"
19765,CIRCLE,"'',#21738,3.00000000000004"
19766,CIRCLE,"'',#21739,3.00000000000004"
19767,CIRCLE,"'',#21740,5."
19768,CIRCLE,"'',#21741,5."
19769,CIRCLE,"'',#21742,5."
19770,CIRCLE,"'',#21743,5."
19771,CIRCLE,"'',#21749,9."
19772,CIRCLE,"'',#21750,9."
19773,CIRCLE,"'',#21751,9."
19774,CIRCLE,"'',#21752,9."
19775,CIRCLE,"'',#21758,9."
19776,CIRCLE,"'',#21760,9."
19777,CIRCLE,"'',#21762,9."
19778,CIRCLE,"'',#21764,9."
19779,CIRCLE,"'',#21766,9."
19780,CIRCLE,"'',#21768,9."
19781,CIRCLE,"'',#21770,9."
19782,CIRCLE,"'',#21772,9."
19783,CIRCLE,"'',#21774,2.5"
19784,CIRCLE,"'',#21776,2.5"
19785,CIRCLE,"'',#21779,2.5"
19786,CIRCLE,"'',#21781,2.5"
19787,CIRCLE,"'',#21784,2.5"
19788,CIRCLE,"'',#21786,2.5"
19789,CIRCLE,"'',#21789,2.5"
19790,CIRCLE,"'',#21791,2.5"
19791,CIRCLE,"'',#21794,5."
19792,CIRCLE,"'',#21796,5."
19793,CIRCLE,"'',#21798,5."
19794,CIRCLE,"'',#21800,5."
19795,CIRCLE,"'',#21802,5."
19796,CIRCLE,"'',#21804,5."
19797,CIRCLE,"'',#21806,5."
19798,CIRCLE,"'',#21808,5."
19799,CIRCLE,"'',#21810,2.5"
19800,CIRCLE,"'',#21812,2.5"
19801,CIRCLE,"'',#21815,2.5"
19802,CIRCLE,"'',#21817,2.5"
19803,CIRCLE,"'',#21820,2.5"
19804,CIRCLE,"'',#21822,2.5"
19805,CIRCLE,"'',#21825,2.5"
19806,CIRCLE,"'',#21827,2.5"
19807,CIRCLE,"'',#21926,2.5"
19808,CIRCLE,"'',#21928,2.5"
19809,CIRCLE,"'',#21931,7."
19810,CIRCLE,"'',#21933,7."
19811,CIRCLE,"'',#21936,7."
19812,CIRCLE,"'',#21938,7."
19813,CIRCLE,"'',#21941,7."
19814,CIRCLE,"'',#21943,7."
19815,CIRCLE,"'',#21946,7."
19816,CIRCLE,"'',#21948,7."
19817,CIRCLE,"'',#21951,7."
19818,CIRCLE,"'',#21953,7."
19819,CIRCLE,"'',#21956,7."
19820,CIRCLE,"'',#21958,7."
21961,DIRECTION,"'',(0.,0.,1.)"
21962,DIRECTION,"'',(1.,0.,0.)"
21963,DIRECTION,"'',(-1.,0.,0.)"
21964,DIRECTION,"'',(0.,0.,-1.)"
21965,DIRECTION,"'',(-1.,0.,0.)"
21966,DIRECTION,"'',(0.,0.,-0.999999999999999)"
21967,DIRECTION,"'',(1.,0.,0.)"
21968,DIRECTION,"'',(0.,0.,-1.)"
21969,DIRECTION,"'',(0.,0.,1.)"
21970,DIRECTION,"'',(1.,0.,0.)"
21971,DIRECTION,"'',(0.,0.,1.)"
21972,DIRECTION,"'',(1.,0.,0.)"
21973,DIRECTION,"'',(0.,0.,1.)"
21974,DIRECTION,"'',(1.,0.,0.)"
21975,DIRECTION,"'',(0.,0.,1.)"
21976,DIRECTION,"'',(1.,0.,0.)"
21977,DIRECTION,"'',(0.,0.,-1.)"
21978,DIRECTION,"'',(1.,0.,0.)"
21979,DIRECTION,"'',(0.,0.,-1.)"
21980,DIRECTION,"'',(1.,0.,0.)"
21981,DIRECTION,"'',(0.,0.,-1.)"
21982,DIRECTION,"'',(1.,0.,0.)"
21983,DIRECTION,"'',(0.,0.,-1.)"
21984,DIRECTION,"'',(1.,0.,0.)"
21985,DIRECTION,"'',(0.,0.,-1.)"
21986,DIRECTION,"'',(1.,0.,0.)"
21987,DIRECTION,"'',(0.,0.,-1.)"
21988,DIRECTION,"'',(1.,0.,0.)"
21989,DIRECTION,"'',(0.,0.,-1.)"
21990,DIRECTION,"'',(1.,0.,0.)"
21991,DIRECTION,"'',(0.,0.,-1.)"
21992,DIRECTION,"'',(1.,0.,0.)"
21993,DIRECTION,"'',(0.,0.,-1.)"
21994,DIRECTION,"'',(1.,0.,0.)"
21995,DIRECTION,"'',(0.,0.,-1.)"
21996,DIRECTION,"'',(1.,0.,0.)"
21997,DIRECTION,"'',(0.,0.,-1.)"
21998,DIRECTION,"'',(1.,0.,0.)"
21999,DIRECTION,"'',(0.,0.,-1.)"
22000,DIRECTION,"'',(1.,0.,0.)"
22001,DIRECTION,"'',(0.,0.,-1.)"
22002,DIRECTION,"'',(1.,0.,0.)"
22003,DIRECTION,"'',(0.,0.,-1.)"
22004,DIRECTION,"'',(1.,0.,0.)"
22005,DIRECTION,"'',(0.,0.,-1.)"
22006,DIRECTION,"'',(1.,0.,0.)"
22007,DIRECTION,"'',(0.,0.,-1.)"
22008,DIRECTION,"'',(1.,0.,0.)"
22009,DIRECTION,"'',(0.,0.,-1.)"
22010,DIRECTION,"'',(1.,0.,0.)"
22011,DIRECTION,"'',(0.,0.,-1.)"
22012,DIRECTION,"'',(1.,0.,0.)"
22013,DIRECTION,"'',(0.,0.,-1.)"
22014,DIRECTION,"'',(1.,0.,0.)"
22015,DIRECTION,"'',(0.,0.,-1.)"
22016,DIRECTION,"'',(1.,0.,0.)"
22017,DIRECTION,"'',(0.,1.,0.)"
22018,DIRECTION,"'',(-0.457512658013055,-0.88920310827045,0.)"
22019,DIRECTION,"'',(0.,0.,1.)"
22020,DIRECTION,"'',(0.999999999999999,0.,0.)"
22021,DIRECTION,"'',(0.889203108270448,0.457512658013058,0.)"
22022,DIRECTION,"'',(-1.,0.,0.)"
22023,DIRECTION,"'',(0.,0.,1.)"
22024,DIRECTION,"'',(1.,0.,0.)"
22025,DIRECTION,"'',(0.,-1.,0.)"
22026,DIRECTION,"'',(0.,0.,1.)"
22027,DIRECTION,"'',(1.,0.,0.)"
22028,DIRECTION,"'',(1.,0.,0.)"
22029,DIRECTION,"'',(0.,0.,1.)"
22030,DIRECTION,"'',(1.,0.,0.)"
22031,DIRECTION,"'',(0.,0.,1.)"
22032,DIRECTION,"'',(-1.,0.,0.)"
22033,DIRECTION,"'',(0.,0.,-1.)"
22034,DIRECTION,"'',(-1.,0.,0.)"
22035,DIRECTION,"'',(0.,0.,-1.)"
22036,DIRECTION,"'',(1.,0.,0.)"
22037,DIRECTION,"'',(0.,0.,1.)"
22038,DIRECTION,"'',(-1.,0.,0.)"
22039,DIRECTION,"'',(0.,0.,1.)"
22040,DIRECTION,"'',(-1.,0.,0.)"
22041,DIRECTION,"'',(0.,0.,1.)"
22042,DIRECTION,"'',(-1.,0.,0.)"
22043,DIRECTION,"'',(0.,0.,1.)"
22044,DIRECTION,"'',(-1.,0.,0.)"
22045,DIRECTION,"'',(0.,0.,1.)"
22046,DIRECTION,"'',(-1.,0.,0.)"
22047,DIRECTION,"'',(0.,0.,1.)"
22048,DIRECTION,"'',(-1.,0.,0.)"
22049,DIRECTION,"'',(-1.,1.91417762866406E-15,0.)"
22050,DIRECTION,"'',(0.,0.,-1.)"
22051,DIRECTION,"'',(-1.,0.,0.)"
22052,DIRECTION,"'',(1.92226114905538E-15,1.,0.)"
22053,DIRECTION,"'',(0.,0.,-1.)"
22054,DIRECTION,"'',(-1.,0.,0.)"
22055,DIRECTION,"'',(1.,-2.07000590412326E-15,0.)"
22056,DIRECTION,"'',(0.,0.,1.)"
22057,DIRECTION,"'',(-1.,0.,0.)"
22058,DIRECTION,"'',(1.94289029309401E-15,1.,0.)"
22059,DIRECTION,"'',(0.,0.,-1.)"
22060,DIRECTION,"'',(-1.,0.,0.)"
22061,DIRECTION,"'',(1.,-1.9515639104739E-15,0.)"
22062,DIRECTION,"'',(0.,0.,-1.)"
22063,DIRECTION,"'',(-1.,0.,0.)"
22064,DIRECTION,"'',(-1.93643550806714E-15,-1.,0.)"
22065,DIRECTION,"'',(0.,0.,1.)"
22066,DIRECTION,"'',(-1.,0.,0.)"
22067,DIRECTION,"'',(1.,-1.94618026940308E-15,0.)"
22068,DIRECTION,"'',(0.,0.,-1.)"
22069,DIRECTION,"'',(-1.,0.,0.)"
22070,DIRECTION,"'',(-1.89242561015651E-15,-1.,0.)"
22071,DIRECTION,"'',(0.,0.,-1.)"
22072,DIRECTION,"'',(-1.,0.,0.)"
22073,DIRECTION,"'',(-1.,1.54197642330588E-15,0.)"
22074,DIRECTION,"'',(0.,0.,1.)"
22075,DIRECTION,"'',(-1.,0.,0.)"
22076,DIRECTION,"'',(0.,0.,-1.)"
22077,DIRECTION,"'',(-1.,0.,0.)"
22078,DIRECTION,"'',(0.,0.,-1.)"
22079,DIRECTION,"'',(1.,0.,0.)"
22080,DIRECTION,"'',(0.,0.,1.)"
22081,DIRECTION,"'',(-1.,0.,0.)"
22082,DIRECTION,"'',(0.,0.,1.)"
22083,DIRECTION,"'',(-1.,0.,0.)"
22084,DIRECTION,"'',(0.,0.,1.)"
22085,DIRECTION,"'',(-1.,0.,0.)"
22086,DIRECTION,"'',(0.,0.,1.)"
22087,DIRECTION,"'',(-1.,0.,0.)"
22088,DIRECTION,"'',(0.,0.,1.)"
22089,DIRECTION,"'',(-1.,0.,0.)"
22090,DIRECTION,"'',(1.,-1.91417762866406E-15,0.)"
22091,DIRECTION,"'',(0.,0.,-1.)"
22092,DIRECTION,"'',(1.,0.,0.)"
22093,DIRECTION,"'',(-1.92226114905538E-15,-1.,0.)"
22094,DIRECTION,"'',(0.,0.,-1.)"
22095,DIRECTION,"'',(1.,0.,0.)"
22096,DIRECTION,"'',(-1.,2.07000590412326E-15,0.)"
22097,DIRECTION,"'',(0.,0.,1.)"
22098,DIRECTION,"'',(1.,0.,0.)"
22099,DIRECTION,"'',(-1.94289029309401E-15,-1.,0.)"
22100,DIRECTION,"'',(0.,0.,-1.)"
22101,DIRECTION,"'',(1.,0.,0.)"
22102,DIRECTION,"'',(-1.,1.9515639104739E-15,0.)"
22103,DIRECTION,"'',(0.,0.,-1.)"
22104,DIRECTION,"'',(1.,0.,0.)"
22105,DIRECTION,"'',(1.93643550806714E-15,1.,0.)"
22106,DIRECTION,"'',(0.,0.,1.)"
22107,DIRECTION,"'',(1.,0.,0.)"
22108,DIRECTION,"'',(-1.,1.94618026940308E-15,0.)"
22109,DIRECTION,"'',(0.,0.,-1.)"
22110,DIRECTION,"'',(1.,0.,0.)"
22111,DIRECTION,"'',(1.89242561015651E-15,1.,0.)"
22112,DIRECTION,"'',(0.,0.,-1.)"
22113,DIRECTION,"'',(1.,0.,0.)"
22114,DIRECTION,"'',(1.,-1.54197642330588E-15,0.)"
22115,DIRECTION,"'',(0.,0.,1.)"
22116,DIRECTION,"'',(1.,0.,0.)"
22117,DIRECTION,"'',(0.,0.,-1.)"
22118,DIRECTION,"'',(1.,0.,0.)"
22119,DIRECTION,"'',(0.,0.,-1.)"
22120,DIRECTION,"'',(-1.,0.,0.)"
22121,DIRECTION,"'',(0.,0.,1.)"
22122,DIRECTION,"'',(-1.,0.,0.)"
22123,DIRECTION,"'',(0.,0.,1.)"
22124,DIRECTION,"'',(-1.,0.,0.)"
22125,DIRECTION,"'',(0.,0.,1.)"
22126,DIRECTION,"'',(-1.,0.,0.)"
22127,DIRECTION,"'',(0.,0.,1.)"
22128,DIRECTION,"'',(-1.,0.,0.)"
22129,DIRECTION,"'',(0.,0.,1.)"
22130,DIRECTION,"'',(-1.,0.,0.)"
22131,DIRECTION,"'',(1.,-1.91417762866406E-15,0.)"
22132,DIRECTION,"'',(0.,0.,-1.)"
22133,DIRECTION,"'',(1.,0.,0.)"
22134,DIRECTION,"'',(-1.92226114905538E-15,-1.,0.)"
22135,DIRECTION,"'',(0.,0.,-1.)"
22136,DIRECTION,"'',(1.,0.,0.)"
22137,DIRECTION,"'',(-1.,2.07000590412326E-15,0.)"
22138,DIRECTION,"'',(0.,0.,1.)"
22139,DIRECTION,"'',(1.,0.,0.)"
22140,DIRECTION,"'',(-1.94289029309401E-15,-1.,0.)"
22141,DIRECTION,"'',(0.,0.,-1.)"
22142,DIRECTION,"'',(1.,0.,0.)"
22143,DIRECTION,"'',(-1.,1.9515639104739E-15,0.)"
22144,DIRECTION,"'',(0.,0.,-1.)"
22145,DIRECTION,"'',(1.,0.,0.)"
22146,DIRECTION,"'',(1.93643550806714E-15,1.,0.)"
22147,DIRECTION,"'',(0.,0.,1.)"
22148,DIRECTION,"'',(1.,0.,0.)"
22149,DIRECTION,"'',(-1.,1.94618026940308E-15,0.)"
22150,DIRECTION,"'',(0.,0.,-1.)"
22151,DIRECTION,"'',(1.,0.,0.)"
22152,DIRECTION,"'',(1.89242561015651E-15,1.,0.)"
22153,DIRECTION,"'',(0.,0.,-1.)"
22154,DIRECTION,"'',(1.,0.,0.)"
22155,DIRECTION,"'',(1.,-1.54197642330588E-15,0.)"
22156,DIRECTION,"'',(0.,0.,1.)"
22157,DIRECTION,"'',(1.,0.,0.)"
22158,DIRECTION,"'',(0.,0.,-1.)"
22159,DIRECTION,"'',(1.,0.,0.)"
22160,DIRECTION,"'',(0.,0.,-1.)"
22161,DIRECTION,"'',(-1.,0.,0.)"
22162,DIRECTION,"'',(0.,0.,1.)"
22163,DIRECTION,"'',(-1.,0.,0.)"
22164,DIRECTION,"'',(0.,0.,1.)"
22165,DIRECTION,"'',(-1.,0.,0.)"
22166,DIRECTION,"'',(0.,0.,1.)"
22167,DIRECTION,"'',(-1.,0.,0.)"
22168,DIRECTION,"'',(0.,0.,1.)"
22169,DIRECTION,"'',(-1.,0.,0.)"
22170,DIRECTION,"'',(0.,0.,1.)"
22171,DIRECTION,"'',(-1.,0.,0.)"
22172,DIRECTION,"'',(-1.,1.91417762866406E-15,0.)"
22173,DIRECTION,"'',(0.,0.,-1.)"
22174,DIRECTION,"'',(-1.,0.,0.)"
22175,DIRECTION,"'',(1.92226114905538E-15,1.,0.)"
22176,DIRECTION,"'',(0.,0.,-1.)"
22177,DIRECTION,"'',(-1.,0.,0.)"
22178,DIRECTION,"'',(1.,-2.07000590412326E-15,0.)"
22179,DIRECTION,"'',(0.,0.,1.)"
22180,DIRECTION,"'',(-1.,0.,0.)"
22181,DIRECTION,"'',(1.94289029309401E-15,1.,0.)"
22182,DIRECTION,"'',(0.,0.,-1.)"
22183,DIRECTION,"'',(-1.,0.,0.)"
22184,DIRECTION,"'',(1.,-1.9515639104739E-15,0.)"
22185,DIRECTION,"'',(0.,0.,-1.)"
22186,DIRECTION,"'',(-1.,0.,0.)"
22187,DIRECTION,"'',(-1.93643550806714E-15,-1.,0.)"
22188,DIRECTION,"'',(0.,0.,1.)"
22189,DIRECTION,"'',(-1.,0.,0.)"
22190,DIRECTION,"'',(1.,-1.94618026940308E-15,0.)"
22191,DIRECTION,"'',(0.,0.,-1.)"
22192,DIRECTION,"'',(-1.,0.,0.)"
22193,DIRECTION,"'',(-1.89242561015651E-15,-1.,0.)"
22194,DIRECTION,"'',(0.,0.,-1.)"
22195,DIRECTION,"'',(-1.,0.,0.)"
22196,DIRECTION,"'',(-1.,1.54197642330588E-15,0.)"
22197,DIRECTION,"'',(0.,0.,1.)"
22198,DIRECTION,"'',(-1.,0.,0.)"
22199,DIRECTION,"'',(0.,0.,-1.)"
22200,DIRECTION,"'',(-1.,0.,0.)"
22201,DIRECTION,"'',(0.,0.,-1.)"
22202,DIRECTION,"'',(1.,0.,0.)"
22203,DIRECTION,"'',(0.,0.,1.)"
22204,DIRECTION,"'',(0.,-1.,0.)"
22205,DIRECTION,"'',(0.,0.,-1.)"
22206,DIRECTION,"'',(0.,-1.,0.)"
22207,DIRECTION,"'',(0.,0.000151257727926638,-0.99999998856055)"
22208,DIRECTION,"'',(0.,-1.,0.)"
22209,DIRECTION,"'',(0.,4.58530050937133E-8,0.999999999999999)"
22210,DIRECTION,"'',(0.,-1.,0.)"
22211,DIRECTION,"'',(0.,0.,1.)"
22212,DIRECTION,"'',(0.,-1.,0.)"
22213,DIRECTION,"'',(0.,0.,-1.)"
22214,DIRECTION,"'',(-1.,0.,0.)"
22215,DIRECTION,"'',(0.,0.,-1.)"
22216,DIRECTION,"'',(0.,0.,1.)"
22217,DIRECTION,"'',(1.,0.,0.)"
22218,DIRECTION,"'',(0.,0.,-1.)"
22219,DIRECTION,"'',(0.,-1.,0.)"
22220,DIRECTION,"'',(0.,0.,1.)"
22221,DIRECTION,"'',(0.,0.,1.)"
22222,DIRECTION,"'',(-1.,0.,0.)"
22223,DIRECTION,"'',(0.,0.,1.)"
22224,DIRECTION,"'',(-1.,0.,0.)"
22225,DIRECTION,"'',(0.,0.,1.)"
22226,DIRECTION,"'',(-1.,0.,0.)"
22227,DIRECTION,"'',(0.,0.,1.)"
22228,DIRECTION,"'',(-1.,0.,0.)"
22229,DIRECTION,"'',(0.,0.,1.)"
22230,DIRECTION,"'',(-1.,0.,0.)"
22231,DIRECTION,"'',(0.,0.,1.)"
22232,DIRECTION,"'',(-1.,0.,0.)"
22233,DIRECTION,"'',(0.,0.,-1.)"
22234,DIRECTION,"'',(-1.,0.,0.)"
22235,DIRECTION,"'',(0.,0.,-1.)"
22236,DIRECTION,"'',(-1.,0.,0.)"
22237,DIRECTION,"'',(0.,0.,-1.)"
22238,DIRECTION,"'',(-1.,0.,0.)"
22239,DIRECTION,"'',(0.,0.,-1.)"
22240,DIRECTION,"'',(-1.,0.,0.)"
22241,DIRECTION,"'',(0.,0.,1.)"
22242,DIRECTION,"'',(-1.,0.,0.)"
22243,DIRECTION,"'',(-1.92226114905538E-15,-1.,0.)"
22244,DIRECTION,"'',(0.,0.,1.)"
22245,DIRECTION,"'',(-1.,0.,0.)"
22246,DIRECTION,"'',(1.,-1.91417762866406E-15,0.)"
22247,DIRECTION,"'',(0.,0.,1.)"
22248,DIRECTION,"'',(-1.,0.,0.)"
22249,DIRECTION,"'',(0.,0.,-1.)"
22250,DIRECTION,"'',(-1.,0.,0.)"
22251,DIRECTION,"'',(1.,-1.54197642330588E-15,0.)"
22252,DIRECTION,"'',(0.,0.,1.)"
22253,DIRECTION,"'',(-0.999999999999999,0.,0.)"
22254,DIRECTION,"'',(1.89242561015651E-15,1.,0.)"
22255,DIRECTION,"'',(0.,0.,1.)"
22256,DIRECTION,"'',(-0.999999999999999,0.,0.)"
22257,DIRECTION,"'',(-1.,1.94618026940308E-15,0.)"
22258,DIRECTION,"'',(0.,0.,-1.)"
22259,DIRECTION,"'',(-1.,0.,0.)"
22260,DIRECTION,"'',(1.93643550806714E-15,1.,0.)"
22261,DIRECTION,"'',(0.,0.,1.)"
22262,DIRECTION,"'',(-1.,0.,0.)"
22263,DIRECTION,"'',(-1.,1.9515639104739E-15,0.)"
22264,DIRECTION,"'',(0.,0.,1.)"
22265,DIRECTION,"'',(-1.,0.,0.)"
22266,DIRECTION,"'',(-1.94289029309401E-15,-1.,0.)"
22267,DIRECTION,"'',(0.,0.,-1.)"
22268,DIRECTION,"'',(-0.999999999999999,0.,0.)"
22269,DIRECTION,"'',(-1.,2.07000590412326E-15,0.)"
22270,DIRECTION,"'',(0.,0.,1.)"
22271,DIRECTION,"'',(-1.,0.,0.)"
22272,DIRECTION,"'',(-1.92226114905538E-15,-1.,0.)"
22273,DIRECTION,"'',(0.,0.,1.)"
22274,DIRECTION,"'',(-1.,0.,0.)"
22275,DIRECTION,"'',(1.,-1.91417762866406E-15,0.)"
22276,DIRECTION,"'',(0.,0.,1.)"
22277,DIRECTION,"'',(-1.,0.,0.)"
22278,DIRECTION,"'',(0.,0.,-1.)"
22279,DIRECTION,"'',(-1.,0.,0.)"
22280,DIRECTION,"'',(1.,-1.54197642330588E-15,0.)"
22281,DIRECTION,"'',(0.,0.,1.)"
22282,DIRECTION,"'',(-0.999999999999999,0.,0.)"
22283,DIRECTION,"'',(1.89242561015651E-15,1.,0.)"
22284,DIRECTION,"'',(0.,0.,1.)"
22285,DIRECTION,"'',(-0.999999999999999,0.,0.)"
22286,DIRECTION,"'',(-1.,1.94618026940308E-15,0.)"
22287,DIRECTION,"'',(0.,0.,-1.)"
22288,DIRECTION,"'',(-1.,0.,0.)"
22289,DIRECTION,"'',(1.93643550806714E-15,1.,0.)"
22290,DIRECTION,"'',(0.,0.,1.)"
22291,DIRECTION,"'',(-1.,0.,0.)"
22292,DIRECTION,"'',(-1.,1.9515639104739E-15,0.)"
22293,DIRECTION,"'',(0.,0.,1.)"
22294,DIRECTION,"'',(-1.,0.,0.)"
22295,DIRECTION,"'',(-1.94289029309401E-15,-1.,0.)"
22296,DIRECTION,"'',(0.,0.,-1.)"
22297,DIRECTION,"'',(-0.999999999999999,0.,0.)"
22298,DIRECTION,"'',(-1.,2.07000590412326E-15,0.)"
22299,DIRECTION,"'',(0.,0.,1.)"
22300,DIRECTION,"'',(-0.999999999999999,0.,0.)"
22301,DIRECTION,"'',(-1.89242561015651E-15,-1.,0.)"
22302,DIRECTION,"'',(0.,0.,1.)"
22303,DIRECTION,"'',(-0.999999999999999,0.,0.)"
22304,DIRECTION,"'',(1.,-1.94618026940308E-15,0.)"
22305,DIRECTION,"'',(0.,0.,-1.)"
22306,DIRECTION,"'',(-1.,0.,0.)"
22307,DIRECTION,"'',(-1.93643550806714E-15,-1.,0.)"
22308,DIRECTION,"'',(0.,0.,1.)"
22309,DIRECTION,"'',(-1.,0.,0.)"
22310,DIRECTION,"'',(1.,-1.9515639104739E-15,0.)"
22311,DIRECTION,"'',(0.,0.,1.)"
22312,DIRECTION,"'',(-1.,0.,0.)"
22313,DIRECTION,"'',(1.94289029309401E-15,1.,0.)"
22314,DIRECTION,"'',(0.,0.,-1.)"
22315,DIRECTION,"'',(-0.999999999999999,0.,0.)"
22316,DIRECTION,"'',(1.,-2.07000590412326E-15,0.)"
22317,DIRECTION,"'',(0.,0.,1.)"
22318,DIRECTION,"'',(-1.,0.,0.)"
22319,DIRECTION,"'',(1.92226114905538E-15,1.,0.)"
22320,DIRECTION,"'',(0.,0.,1.)"
22321,DIRECTION,"'',(-1.,0.,0.)"
22322,DIRECTION,"'',(-1.,1.91417762866406E-15,0.)"
22323,DIRECTION,"'',(0.,0.,1.)"
22324,DIRECTION,"'',(-1.,0.,0.)"
22325,DIRECTION,"'',(0.,0.,-1.)"
22326,DIRECTION,"'',(-1.,0.,0.)"
22327,DIRECTION,"'',(-1.,1.54197642330588E-15,0.)"
22328,DIRECTION,"'',(0.,0.,1.)"
22329,DIRECTION,"'',(-1.,0.,0.)"
22330,DIRECTION,"'',(-1.,1.91417762866406E-15,0.)"
22331,DIRECTION,"'',(0.,0.,1.)"
22332,DIRECTION,"'',(-1.,0.,0.)"
22333,DIRECTION,"'',(0.,0.,-1.)"
22334,DIRECTION,"'',(-1.,0.,0.)"
22335,DIRECTION,"'',(-1.,1.54197642330588E-15,0.)"
22336,DIRECTION,"'',(0.,0.,1.)"
22337,DIRECTION,"'',(-0.999999999999999,0.,0.)"
22338,DIRECTION,"'',(-1.89242561015651E-15,-1.,0.)"
22339,DIRECTION,"'',(0.,0.,1.)"
22340,DIRECTION,"'',(-0.999999999999999,0.,0.)"
22341,DIRECTION,"'',(1.,-1.94618026940308E-15,0.)"
22342,DIRECTION,"'',(0.,0.,-1.)"
22343,DIRECTION,"'',(-1.,0.,0.)"
22344,DIRECTION,"'',(-1.93643550806714E-15,-1.,0.)"
22345,DIRECTION,"'',(0.,0.,1.)"
22346,DIRECTION,"'',(-1.,0.,0.)"
22347,DIRECTION,"'',(1.,-1.9515639104739E-15,0.)"
22348,DIRECTION,"'',(0.,0.,1.)"
22349,DIRECTION,"'',(-1.,0.,0.)"
22350,DIRECTION,"'',(1.94289029309401E-15,1.,0.)"
22351,DIRECTION,"'',(0.,0.,-1.)"
22352,DIRECTION,"'',(-0.999999999999999,0.,0.)"
22353,DIRECTION,"'',(1.,-2.07000590412326E-15,0.)"
22354,DIRECTION,"'',(0.,0.,1.)"
22355,DIRECTION,"'',(-1.,0.,0.)"
22356,DIRECTION,"'',(1.92226114905538E-15,1.,0.)"
22357,DIRECTION,"'',(0.,0.,1.)"
22358,DIRECTION,"'',(-1.,0.,0.)"
22359,DIRECTION,"'',(0.,0.,1.)"
22360,DIRECTION,"'',(1.,0.,0.)"
22361,DIRECTION,"'',(0.,0.,1.)"
22362,DIRECTION,"'',(1.,0.,0.)"
22363,DIRECTION,"'',(0.,0.,1.)"
22364,DIRECTION,"'',(1.,0.,0.)"
22365,DIRECTION,"'',(0.,0.,1.)"
22366,DIRECTION,"'',(1.,0.,0.)"
22367,DIRECTION,"'',(0.,0.,-1.)"
22368,DIRECTION,"'',(-1.,0.,0.)"
22369,DIRECTION,"'',(0.,0.,-1.)"
22370,DIRECTION,"'',(-1.,0.,0.)"
22371,DIRECTION,"'',(0.,0.,-1.)"
22372,DIRECTION,"'',(-1.,0.,0.)"
22373,DIRECTION,"'',(0.,0.,-1.)"
22374,DIRECTION,"'',(-1.,0.,0.)"
22375,DIRECTION,"'',(-1.,0.,0.)"
22376,DIRECTION,"'',(0.,1.,0.)"
22377,DIRECTION,"'',(1.,0.,0.)"
22378,DIRECTION,"'',(0.,-1.,0.)"
22379,DIRECTION,"'',(0.,0.,1.)"
22380,DIRECTION,"'',(-1.,0.,0.)"
22381,DIRECTION,"'',(0.,0.,1.)"
22382,DIRECTION,"'',(-1.,0.,0.)"
22383,DIRECTION,"'',(0.,0.,1.)"
22384,DIRECTION,"'',(-1.,0.,0.)"
22385,DIRECTION,"'',(0.,0.,1.)"
22386,DIRECTION,"'',(-1.,0.,0.)"
22387,DIRECTION,"'',(0.,0.,-1.)"
22388,DIRECTION,"'',(-1.,0.,0.)"
22389,DIRECTION,"'',(0.,0.,-1.)"
22390,DIRECTION,"'',(1.,0.,0.)"
22391,DIRECTION,"'',(0.,0.,-1.)"
22392,DIRECTION,"'',(-0.999999999999999,0.,0.)"
22393,DIRECTION,"'',(0.,0.,1.)"
22394,DIRECTION,"'',(-1.,0.,0.)"
22395,DIRECTION,"'',(0.,0.,-1.)"
22396,DIRECTION,"'',(1.,0.,0.)"
22397,DIRECTION,"'',(0.,0.,-1.)"
22398,DIRECTION,"'',(1.,0.,0.)"
22399,DIRECTION,"'',(0.,0.,-1.)"
22400,DIRECTION,"'',(1.,0.,0.)"
22401,DIRECTION,"'',(0.,0.,-1.)"
22402,DIRECTION,"'',(1.,0.,0.)"
22403,DIRECTION,"'',(0.,1.,0.)"
22404,DIRECTION,"'',(-1.,0.,0.)"
22405,DIRECTION,"'',(0.,-1.,0.)"
22406,DIRECTION,"'',(0.,0.,-1.)"
22407,DIRECTION,"'',(1.,0.,0.)"
22408,DIRECTION,"'',(-1.,0.,0.)"
22409,DIRECTION,"'',(0.,0.,-1.)"
22410,DIRECTION,"'',(1.,0.,0.)"
22411,DIRECTION,"'',(0.,1.,0.)"
22412,DIRECTION,"'',(-1.,0.,0.)"
22413,DIRECTION,"'',(0.,-1.,0.)"
22414,DIRECTION,"'',(-0.707106781186548,0.707106781186547,0.)"
22415,DIRECTION,"'',(1.,0.,0.)"
22416,DIRECTION,"'',(0.707106781186548,0.707106781186547,0.)"
22417,DIRECTION,"'',(0.,-1.,0.)"
22418,DIRECTION,"'',(-1.,0.,0.)"
22419,DIRECTION,"'',(0.707106781186548,0.707106781186547,0.)"
22420,DIRECTION,"'',(0.,-1.,0.)"
22421,DIRECTION,"'',(-1.,0.,0.)"
22422,DIRECTION,"'',(0.707106781186548,0.707106781186547,0.)"
22423,DIRECTION,"'',(0.,0.,1.)"
22424,DIRECTION,"'',(1.,0.,0.)"
22425,DIRECTION,"'',(0.,0.,-1.)"
22426,DIRECTION,"'',(1.,0.,0.)"
22427,DIRECTION,"'',(0.,0.,-1.)"
22428,DIRECTION,"'',(1.,0.,0.)"
22429,DIRECTION,"'',(0.,0.,-1.)"
22430,DIRECTION,"'',(1.,0.,0.)"
22431,DIRECTION,"'',(0.,0.,-1.)"
22432,DIRECTION,"'',(1.,0.,0.)"
22433,DIRECTION,"'',(0.,-1.,0.)"
22434,DIRECTION,"'',(1.,0.,0.)"
22435,DIRECTION,"'',(0.,1.,0.)"
22436,DIRECTION,"'',(0.707106781186548,-0.707106781186547,0.)"
22437,DIRECTION,"'',(-1.,0.,0.)"
22438,DIRECTION,"'',(-0.707106781186548,-0.707106781186547,0.)"
22439,DIRECTION,"'',(0.,-1.,0.)"
22440,DIRECTION,"'',(1.,0.,0.)"
22441,DIRECTION,"'',(0.,1.,0.)"
22442,DIRECTION,"'',(0.,0.,-1.)"
22443,DIRECTION,"'',(1.,0.,0.)"
22444,DIRECTION,"'',(1.,0.,0.)"
22445,DIRECTION,"'',(0.,0.,-1.)"
22446,DIRECTION,"'',(1.,0.,0.)"
22447,DIRECTION,"'',(0.,0.,1.)"
22448,DIRECTION,"'',(1.,0.,0.)"
22449,DIRECTION,"'',(-1.,0.,0.)"
22450,DIRECTION,"'',(0.,0.,1.)"
22451,DIRECTION,"'',(0.,-1.,0.)"
22452,DIRECTION,"'',(-1.,8.07697745928784E-22,9.9579925010296E-17)"
22453,DIRECTION,"'',(0.,0.,-1.)"
22454,DIRECTION,"'',(0.,-1.,0.)"
22455,DIRECTION,"'',(1.,-2.60262519446651E-22,-9.9579925010296E-17)"
22456,DIRECTION,"'',(0.,0.,-1.)"
22457,DIRECTION,"'',(1.,-1.68145122033925E-21,-9.9579925010296E-17)"
22458,DIRECTION,"'',(0.,0.,-1.)"
22459,DIRECTION,"'',(0.,0.,-1.)"
22460,DIRECTION,"'',(0.,1.,0.)"
22461,DIRECTION,"'',(0.,0.,1.)"
22462,DIRECTION,"'',(0.,0.,-1.)"
22463,DIRECTION,"'',(0.,0.94797979751812,-0.318330494136997)"
22464,DIRECTION,"'',(0.,-0.945357850621844,-0.32603455992831)"
22465,DIRECTION,"'',(0.,0.,-1.)"
22466,DIRECTION,"'',(0.,1.,0.)"
22467,DIRECTION,"'',(0.,0.,1.)"
22468,DIRECTION,"'',(0.,-1.,0.)"
22469,DIRECTION,"'',(0.,0.943968955037081,0.330034258715973)"
22470,DIRECTION,"'',(0.,0.,1.)"
22471,DIRECTION,"'',(0.,-0.946801170230335,0.321819116974843)"
22472,DIRECTION,"'',(0.,1.,0.)"
22473,DIRECTION,"'',(0.,0.,1.)"
22474,DIRECTION,"'',(0.,-1.,0.)"
22475,DIRECTION,"'',(1.,-3.33647026884025E-21,-9.9579925010296E-17)"
22476,DIRECTION,"'',(0.,0.,-1.)"
22477,DIRECTION,"'',(1.,-2.11831674971619E-22,-9.9579925010296E-17)"
22478,DIRECTION,"'',(0.,0.,-0.999999999999999)"
22479,DIRECTION,"'',(1.,-1.04137095451033E-22,-9.9579925010296E-17)"
22480,DIRECTION,"'',(0.,0.,-0.999999999999997)"
22481,DIRECTION,"'',(1.,2.1887429862979E-21,-9.9579925010296E-17)"
22482,DIRECTION,"'',(0.,0.,-0.999999999999999)"
22483,DIRECTION,"'',(1.,2.01140600848431E-21,-9.9579925010296E-17)"
22484,DIRECTION,"'',(0.,0.,-1.)"
22485,DIRECTION,"'',(-1.,-5.9622112921898E-22,9.9579925010296E-17)"
22486,DIRECTION,"'',(0.,0.,-0.999999999999998)"
22487,DIRECTION,"'',(-1.,-8.55197670004853E-25,9.9579925010296E-17)"
22488,DIRECTION,"'',(0.,0.,-1.)"
22489,DIRECTION,"'',(-1.,2.63271316414102E-22,9.9579925010296E-17)"
22490,DIRECTION,"'',(0.,0.,-0.999999999999998)"
22491,DIRECTION,"'',(-1.,8.0162156438322E-21,9.9579925010296E-17)"
22492,DIRECTION,"'',(0.,0.,-1.)"
22493,DIRECTION,"'',(-1.,-6.90314029219335E-22,9.9579925010296E-17)"
22494,DIRECTION,"'',(0.,0.,-0.999999999999998)"
22495,DIRECTION,"'',(-1.,-1.41452057875387E-21,9.9579925010296E-17)"
22496,DIRECTION,"'',(0.,0.,-0.999999999999999)"
22497,DIRECTION,"'',(-1.,1.20691401071166E-22,9.9579925010296E-17)"
22498,DIRECTION,"'',(0.,0.,-1.)"
22499,DIRECTION,"'',(-1.,-1.79630485404103E-22,9.9579925010296E-17)"
22500,DIRECTION,"'',(0.,0.,-1.)"
22501,DIRECTION,"'',(-1.,7.17808053790536E-22,9.9579925010296E-17)"
22502,DIRECTION,"'',(0.,0.,-1.)"
22503,DIRECTION,"'',(-1.,-1.20225386781737E-21,9.9579925010296E-17)"
22504,DIRECTION,"'',(0.,0.,-1.)"
22505,DIRECTION,"'',(-1.,6.5589730407607E-21,9.9579925010296E-17)"
22506,DIRECTION,"'',(0.,0.,-1.)"
22507,DIRECTION,"'',(0.,0.0766964988846964,0.997054485501585)"
22508,DIRECTION,"'',(0.,1.,-1.17145536458252E-15)"
22509,DIRECTION,"'',(-1.,0.,0.)"
22510,DIRECTION,"'',(0.,0.,1.)"
22511,DIRECTION,"'',(0.,3.49126737303508E-15,-1.)"
22512,DIRECTION,"'',(-1.,0.,0.)"
22513,DIRECTION,"'',(0.,0.,1.)"
22514,DIRECTION,"'',(-1.,0.,0.)"
22515,DIRECTION,"'',(0.,0.,1.)"
22516,DIRECTION,"'',(0.,1.,-1.17145536458252E-15)"
22517,DIRECTION,"'',(-1.,0.,0.)"
22518,DIRECTION,"'',(0.,0.,1.)"
22519,DIRECTION,"'',(0.,3.49126737303508E-15,-1.)"
22520,DIRECTION,"'',(-1.,0.,0.)"
22521,DIRECTION,"'',(0.,0.,1.)"
22522,DIRECTION,"'',(-1.,0.,0.)"
22523,DIRECTION,"'',(0.,0.,1.)"
22524,DIRECTION,"'',(0.,0.,-1.)"
22525,DIRECTION,"'',(0.,0.94797979751812,-0.318330494136998)"
22526,DIRECTION,"'',(0.,-0.945357850621844,-0.32603455992831)"
22527,DIRECTION,"'',(0.,0.,-1.)"
22528,DIRECTION,"'',(0.,1.,0.)"
22529,DIRECTION,"'',(0.,0.,1.)"
22530,DIRECTION,"'',(0.,-1.,0.)"
22531,DIRECTION,"'',(0.,0.943968955037081,0.330034258715973)"
22532,DIRECTION,"'',(0.,0.,1.)"
22533,DIRECTION,"'',(0.,-0.946801170230335,0.321819116974843)"
22534,DIRECTION,"'',(0.,1.,0.)"
22535,DIRECTION,"'',(0.,0.,1.)"
22536,DIRECTION,"'',(0.,-1.,0.)"
22537,DIRECTION,"'',(0.,-1.,0.)"
22538,DIRECTION,"'',(-1.,8.19038098733033E-22,9.9579925010296E-17)"
22539,DIRECTION,"'',(0.,0.,-1.)"
22540,DIRECTION,"'',(0.,-1.,0.)"
22541,DIRECTION,"'',(1.,-2.58202017347339E-22,-9.9579925010296E-17)"
22542,DIRECTION,"'',(0.,0.,-1.)"
22543,DIRECTION,"'',(1.,-1.70047412620698E-21,-9.9579925010296E-17)"
22544,DIRECTION,"'',(0.,0.,-0.999999999999999)"
22545,DIRECTION,"'',(0.,0.,-1.)"
22546,DIRECTION,"'',(0.,1.,0.)"
22547,DIRECTION,"'',(0.,0.,1.)"
22548,DIRECTION,"'',(1.,-3.29105236614755E-21,-9.9579925010296E-17)"
22549,DIRECTION,"'',(0.,0.,-1.)"
22550,DIRECTION,"'',(1.,-2.10491982668202E-22,-9.9579925010296E-17)"
22551,DIRECTION,"'',(0.,0.,-1.)"
22552,DIRECTION,"'',(1.,-9.49653730178127E-23,-9.9579925010296E-17)"
22553,DIRECTION,"'',(0.,0.,-1.)"
22554,DIRECTION,"'',(1.,2.17687533180102E-21,-9.9579925010296E-17)"
22555,DIRECTION,"'',(0.,0.,-1.)"
22556,DIRECTION,"'',(1.,1.97645057792891E-21,-9.9579925010296E-17)"
22557,DIRECTION,"'',(0.,0.,-0.999999999999999)"
22558,DIRECTION,"'',(-1.,-6.11409041836917E-22,9.9579925010296E-17)"
22559,DIRECTION,"'',(0.,0.,-0.999999999999999)"
22560,DIRECTION,"'',(-1.,-2.46651095089902E-22,9.9579925010296E-17)"
22561,DIRECTION,"'',(0.,0.,-1.)"
22562,DIRECTION,"'',(-1.,2.59533736826819E-22,9.9579925010296E-17)"
22563,DIRECTION,"'',(0.,0.,-1.)"
22564,DIRECTION,"'',(-1.,8.02532825247215E-21,9.9579925010296E-17)"
22565,DIRECTION,"'',(0.,0.,-1.)"
22566,DIRECTION,"'',(-1.,-6.90168246271496E-22,9.9579925010296E-17)"
22567,DIRECTION,"'',(0.,0.,-0.999999999999999)"
22568,DIRECTION,"'',(-1.,-1.41654424527472E-21,9.9579925010296E-17)"
22569,DIRECTION,"'',(0.,0.,-0.999999999999999)"
22570,DIRECTION,"'',(-1.,1.15434279738153E-22,9.9579925010296E-17)"
22571,DIRECTION,"'',(0.,0.,-1.)"
22572,DIRECTION,"'',(-1.,-1.85443041705545E-22,9.9579925010296E-17)"
22573,DIRECTION,"'',(0.,0.,-1.)"
22574,DIRECTION,"'',(-1.,7.16094309506139E-22,9.9579925010296E-17)"
22575,DIRECTION,"'',(0.,0.,-1.)"
22576,DIRECTION,"'',(-1.,-1.20017863066774E-21,9.9579925010296E-17)"
22577,DIRECTION,"'',(0.,0.,-1.)"
22578,DIRECTION,"'',(-1.,6.56316156456374E-21,9.9579925010296E-17)"
22579,DIRECTION,"'',(0.,0.,-1.)"
22580,DIRECTION,"'',(0.,0.0766964988847356,0.997054485501582)"
22581,DIRECTION,"'',(0.,1.,0.)"
22582,DIRECTION,"'',(0.,0.,1.)"
22583,DIRECTION,"'',(0.,1.,0.)"
22584,DIRECTION,"'',(0.,0.,-1.)"
22585,DIRECTION,"'',(0.,-1.,0.)"
22586,DIRECTION,"'',(0.,0.,-1.)"
22587,DIRECTION,"'',(0.,-1.,0.)"
22588,DIRECTION,"'',(0.,0.,1.)"
22589,DIRECTION,"'',(0.,1.,0.)"
22590,DIRECTION,"'',(0.,0.,-1.)"
22591,DIRECTION,"'',(0.,1.,0.)"
22592,DIRECTION,"'',(0.,0.,-1.)"
22593,DIRECTION,"'',(0.,1.,0.)"
22594,DIRECTION,"'',(0.,-4.58530050937133E-8,-0.999999999999999)"
22595,DIRECTION,"'',(0.,1.,0.)"
22596,DIRECTION,"'',(0.,-0.000151257727926638,0.99999998856055)"
22597,DIRECTION,"'',(-1.,0.,0.)"
22598,DIRECTION,"'',(0.,0.,1.)"
22599,DIRECTION,"'',(-1.,0.,0.)"
22600,DIRECTION,"'',(0.,0.,-1.)"
22601,DIRECTION,"'',(-1.,0.,0.)"
22602,DIRECTION,"'',(0.,0.,-1.)"
22603,DIRECTION,"'',(0.,-1.,0.)"
22604,DIRECTION,"'',(0.,0.,1.)"
22605,DIRECTION,"'',(0.,-1.,0.)"
22606,DIRECTION,"'',(0.,0.,-1.)"
22607,DIRECTION,"'',(0.,1.,0.)"
22608,DIRECTION,"'',(0.,0.,-1.)"
22609,DIRECTION,"'',(0.,1.,0.)"
22610,DIRECTION,"'',(0.,0.,1.)"
22611,DIRECTION,"'',(0.,-1.,0.)"
22612,DIRECTION,"'',(0.,0.,-1.)"
22613,DIRECTION,"'',(0.,-1.,0.)"
22614,DIRECTION,"'',(0.,0.,-1.)"
22615,DIRECTION,"'',(0.,-1.,0.)"
22616,DIRECTION,"'',(0.,4.58530050937133E-8,-0.999999999999999)"
22617,DIRECTION,"'',(0.,-1.,0.)"
22618,DIRECTION,"'',(0.,0.000151257727926638,0.99999998856055)"
22619,DIRECTION,"'',(1.,0.,0.)"
22620,DIRECTION,"'',(0.,0.,-1.)"
22621,DIRECTION,"'',(0.707106781186547,0.,-0.707106781186547)"
22622,DIRECTION,"'',(0.577350269189626,-0.577350269189626,-0.577350269189626)"
22623,DIRECTION,"'',(-0.707106781186547,0.,-0.707106781186547)"
22624,DIRECTION,"'',(-0.707106781186547,0.,0.707106781186547)"
22625,DIRECTION,"'',(-0.707106781186547,0.,0.707106781186547)"
22626,DIRECTION,"'',(0.577350269189626,0.577350269189626,-0.577350269189626)"
22627,DIRECTION,"'',(-0.707106781186547,0.,-0.707106781186547)"
22628,DIRECTION,"'',(-0.707106781186547,0.,0.707106781186547)"
22629,DIRECTION,"'',(-0.707106781186547,0.,-0.707106781186547)"
22630,DIRECTION,"'',(-0.577350269189626,0.577350269189626,-0.577350269189626)"
22631,DIRECTION,"'',(0.707106781186547,0.,-0.707106781186547)"
22632,DIRECTION,"'',(-0.707106781186547,0.,-0.707106781186547)"
22633,DIRECTION,"'',(0.707106781186547,0.,0.707106781186547)"
22634,DIRECTION,"'',(-0.577350269189626,-0.577350269189626,-0.577350269189626)"
22635,DIRECTION,"'',(0.707106781186547,0.,-0.707106781186547)"
22636,DIRECTION,"'',(-0.707106781186547,0.,-0.707106781186547)"
22637,DIRECTION,"'',(0.,0.,-1.)"
22638,DIRECTION,"'',(-1.,0.,0.)"
22639,DIRECTION,"'',(-0.707106781186547,0.,-0.707106781186547)"
22640,DIRECTION,"'',(-0.707106781186547,0.,0.707106781186547)"
22641,DIRECTION,"'',(-0.707106781186547,0.,0.707106781186547)"
22642,DIRECTION,"'',(-0.707106781186547,0.,-0.707106781186547)"
22643,DIRECTION,"'',(0.,0.,1.)"
22644,DIRECTION,"'',(-1.,0.,0.)"
22645,DIRECTION,"'',(1.,0.,0.)"
22646,DIRECTION,"'',(0.,0.,-1.)"
22647,DIRECTION,"'',(-1.,0.,0.)"
22648,DIRECTION,"'',(0.,0.,-1.)"
22649,DIRECTION,"'',(-1.,0.,0.)"
22650,DIRECTION,"'',(0.,0.,1.)"
22651,DIRECTION,"'',(1.,0.,0.)"
22652,DIRECTION,"'',(0.,0.,-1.)"
22653,DIRECTION,"'',(-1.,0.,0.)"
22654,DIRECTION,"'',(-2.10767382132819E-23,1.,9.9579925010296E-17)"
22655,DIRECTION,"'',(0.,0.,1.)"
22656,DIRECTION,"'',(-4.05666793853912E-23,1.,9.9579925010296E-17)"
22657,DIRECTION,"'',(0.,0.,0.999999999999999)"
22658,DIRECTION,"'',(-2.80763620110364E-22,1.,9.9579925010296E-17)"
22659,DIRECTION,"'',(0.,0.,0.999999999999999)"
22660,DIRECTION,"'',(1.29774469640086E-21,-1.,-9.9579925010296E-17)"
22661,DIRECTION,"'',(0.,0.,1.)"
22662,DIRECTION,"'',(8.35760836053302E-22,-1.,-9.9579925010296E-17)"
22663,DIRECTION,"'',(0.,0.,1.)"
22664,DIRECTION,"'',(0.,-1.,0.)"
22665,DIRECTION,"'',(0.,0.,0.999999999999999)"
22666,DIRECTION,"'',(7.87103988328162E-21,-1.,-9.9579925010296E-17)"
22667,DIRECTION,"'',(0.,0.,1.)"
22668,DIRECTION,"'',(-1.06161106456198E-20,-1.,-9.9579925010296E-17)"
22669,DIRECTION,"'',(0.,0.,1.)"
22670,DIRECTION,"'',(1.94761548502304E-21,-1.,-9.9579925010296E-17)"
22671,DIRECTION,"'',(0.,0.,0.999999999999998)"
22672,DIRECTION,"'',(-0.995037190209989,0.,-0.0995037190210024)"
22673,DIRECTION,"'',(-3.72843675341892E-21,1.,9.9579925010296E-17)"
22674,DIRECTION,"'',(0.,0.,1.)"
22675,DIRECTION,"'',(1.01508225191213E-20,1.,9.9579925010296E-17)"
22676,DIRECTION,"'',(0.,0.,1.)"
22677,DIRECTION,"'',(-1.20152850548989E-20,1.,9.9579925010296E-17)"
22678,DIRECTION,"'',(0.,0.,0.999999999999999)"
22679,DIRECTION,"'',(0.,1.,0.)"
22680,DIRECTION,"'',(0.,0.,1.)"
22681,DIRECTION,"'',(0.,1.,0.)"
22682,DIRECTION,"'',(0.,0.,1.)"
22683,DIRECTION,"'',(-1.25505986539323E-22,1.,9.9579925010296E-17)"
22684,DIRECTION,"'',(0.,0.,1.)"
22685,DIRECTION,"'',(1.62645029955878E-22,-1.,-9.9579925010296E-17)"
22686,DIRECTION,"'',(0.,0.,1.)"
22687,DIRECTION,"'',(1.,0.,0.)"
22688,DIRECTION,"'',(0.,0.,1.)"
22689,DIRECTION,"'',(1.,0.,0.)"
22690,DIRECTION,"'',(0.318330494137001,0.,0.947979797518118)"
22691,DIRECTION,"'',(0.326034559928316,0.,-0.945357850621842)"
22692,DIRECTION,"'',(1.,0.,0.)"
22693,DIRECTION,"'',(0.,0.,1.)"
22694,DIRECTION,"'',(-1.,0.,0.)"
22695,DIRECTION,"'',(0.,0.,-1.)"
22696,DIRECTION,"'',(-0.330034258715973,0.,0.943968955037081)"
22697,DIRECTION,"'',(-1.,0.,0.)"
22698,DIRECTION,"'',(-0.321819116974844,0.,-0.946801170230335)"
22699,DIRECTION,"'',(0.,0.,1.)"
22700,DIRECTION,"'',(-1.,0.,0.)"
22701,DIRECTION,"'',(0.,0.,-1.)"
22702,DIRECTION,"'',(-3.79364984114039E-21,-1.,-9.9579925010296E-17)"
22703,DIRECTION,"'',(0.,0.,0.999999999999998)"
22704,DIRECTION,"'',(-1.12586532190214E-21,-1.,-9.9579925010296E-17)"
22705,DIRECTION,"'',(0.,0.,0.999999999999997)"
22706,DIRECTION,"'',(-1.31653301817628E-21,-1.,-9.9579925010296E-17)"
22707,DIRECTION,"'',(0.,0.,0.999999999999997)"
22708,DIRECTION,"'',(2.51179748243404E-21,-1.,-9.9579925010296E-17)"
22709,DIRECTION,"'',(0.,0.,1.)"
22710,DIRECTION,"'',(6.86069130938891E-22,-1.,-9.9579925010296E-17)"
22711,DIRECTION,"'',(0.,0.,0.999999999999999)"
22712,DIRECTION,"'',(-9.79598247272793E-22,1.,9.9579925010296E-17)"
22713,DIRECTION,"'',(0.,0.,1.)"
22714,DIRECTION,"'',(-1.19753145931918E-21,1.,9.9579925010296E-17)"
22715,DIRECTION,"'',(0.,0.,1.)"
22716,DIRECTION,"'',(1.50632486987337E-21,1.,9.9579925010296E-17)"
22717,DIRECTION,"'',(0.,0.,0.999999999999999)"
22718,DIRECTION,"'',(1.1723865912093E-21,1.,9.9579925010296E-17)"
22719,DIRECTION,"'',(0.,0.,0.999999999999999)"
22720,DIRECTION,"'',(-2.06929557780601E-23,1.,9.9579925010296E-17)"
22721,DIRECTION,"'',(0.,0.,1.)"
22722,DIRECTION,"'',(-1.78810697995459E-21,1.,9.9579925010296E-17)"
22723,DIRECTION,"'',(0.,0.,1.)"
22724,DIRECTION,"'',(1.49987339505193E-21,1.,9.9579925010296E-17)"
22725,DIRECTION,"'',(0.,0.,1.)"
22726,DIRECTION,"'',(-2.32592861217563E-21,1.,9.9579925010296E-17)"
22727,DIRECTION,"'',(0.,0.,0.999999999999998)"
22728,DIRECTION,"'',(5.59443622436667E-21,1.,9.9579925010296E-17)"
22729,DIRECTION,"'',(0.,0.,0.999999999999998)"
22730,DIRECTION,"'',(-7.82713667687415E-21,1.,9.9579925010296E-17)"
22731,DIRECTION,"'',(0.,0.,1.)"
22732,DIRECTION,"'',(2.24639591430302E-21,1.,9.9579925010296E-17)"
22733,DIRECTION,"'',(0.,0.,1.)"
22734,DIRECTION,"'',(-0.997054485501581,0.,0.0766964988847446)"
22735,DIRECTION,"'',(0.,0.,-1.)"
22736,DIRECTION,"'',(-1.04144649107792E-22,1.,9.9579925010296E-17)"
22737,DIRECTION,"'',(0.,0.,1.)"
22738,DIRECTION,"'',(0.,0.,-1.)"
22739,DIRECTION,"'',(-4.39323506862846E-22,-1.,-9.9579925010296E-17)"
22740,DIRECTION,"'',(0.,0.,1.)"
22741,DIRECTION,"'',(-8.88950038821335E-24,-1.,-9.9579925010296E-17)"
22742,DIRECTION,"'',(0.,0.,1.)"
22743,DIRECTION,"'',(1.,0.,0.)"
22744,DIRECTION,"'',(0.,0.,1.)"
22745,DIRECTION,"'',(-1.,0.,0.)"
22746,DIRECTION,"'',(1.,0.,0.)"
22747,DIRECTION,"'',(0.318330494137003,0.,0.947979797518118)"
22748,DIRECTION,"'',(0.326034559928319,0.,-0.945357850621841)"
22749,DIRECTION,"'',(1.,0.,0.)"
22750,DIRECTION,"'',(0.,0.,1.)"
22751,DIRECTION,"'',(-1.,0.,0.)"
22752,DIRECTION,"'',(0.,0.,-1.)"
22753,DIRECTION,"'',(-0.330034258715973,0.,0.943968955037081)"
22754,DIRECTION,"'',(-1.,0.,0.)"
22755,DIRECTION,"'',(-0.321819116974844,0.,-0.946801170230335)"
22756,DIRECTION,"'',(0.,0.,1.)"
22757,DIRECTION,"'',(-1.,0.,0.)"
22758,DIRECTION,"'',(0.,0.,-1.)"
22759,DIRECTION,"'',(-1.96774716311239E-21,1.,9.9579925010296E-17)"
22760,DIRECTION,"'',(0.,0.,1.)"
22761,DIRECTION,"'',(5.7084839912775E-21,1.,9.9579925010296E-17)"
22762,DIRECTION,"'',(0.,0.,1.)"
22763,DIRECTION,"'',(-2.4699053936989E-21,1.,9.9579925010296E-17)"
22764,DIRECTION,"'',(0.,0.,1.)"
22765,DIRECTION,"'',(0.,1.,0.)"
22766,DIRECTION,"'',(0.,0.,1.)"
22767,DIRECTION,"'',(4.83656365739964E-22,1.,9.9579925010296E-17)"
22768,DIRECTION,"'',(0.,0.,1.)"
22769,DIRECTION,"'',(1.53582914191447E-22,1.,9.9579925010296E-17)"
22770,DIRECTION,"'',(0.,0.,1.)"
22771,DIRECTION,"'',(-3.25887452642772E-22,1.,9.9579925010296E-17)"
22772,DIRECTION,"'',(0.,0.,1.)"
22773,DIRECTION,"'',(-2.16577473532567E-21,1.,9.9579925010296E-17)"
22774,DIRECTION,"'',(0.,0.,0.999999999999999)"
22775,DIRECTION,"'',(6.98391752224263E-21,1.,9.9579925010296E-17)"
22776,DIRECTION,"'',(0.,0.,1.)"
22777,DIRECTION,"'',(-8.19277842933902E-21,1.,9.9579925010296E-17)"
22778,DIRECTION,"'',(0.,0.,0.999999999999999)"
22779,DIRECTION,"'',(-2.71820943259595E-22,1.,9.9579925010296E-17)"
22780,DIRECTION,"'',(0.,0.,1.)"
22781,DIRECTION,"'',(0.,1.,0.)"
22782,DIRECTION,"'',(0.,0.,1.)"
22783,DIRECTION,"'',(0.,1.,0.)"
22784,DIRECTION,"'',(0.,0.,1.)"
22785,DIRECTION,"'',(-1.,0.,1.16132115546564E-15)"
22786,DIRECTION,"'',(0.,1.,0.)"
22787,DIRECTION,"'',(0.,0.,1.)"
22788,DIRECTION,"'',(-2.56495533409008E-15,0.,1.)"
22789,DIRECTION,"'',(0.,1.,0.)"
22790,DIRECTION,"'',(0.,0.,1.)"
22791,DIRECTION,"'',(0.,1.,0.)"
22792,DIRECTION,"'',(0.,0.,1.)"
22793,DIRECTION,"'',(-1.,0.,8.72816843258771E-16)"
22794,DIRECTION,"'',(0.,1.,0.)"
22795,DIRECTION,"'',(0.,0.,1.)"
22796,DIRECTION,"'',(-2.56495533409008E-15,0.,1.)"
22797,DIRECTION,"'',(0.,1.,0.)"
22798,DIRECTION,"'',(0.,0.,1.)"
22799,DIRECTION,"'',(0.,1.,0.)"
22800,DIRECTION,"'',(0.,0.,1.)"
22801,DIRECTION,"'',(-1.,0.,8.72816843258771E-16)"
22802,DIRECTION,"'',(0.,1.,0.)"
22803,DIRECTION,"'',(0.,0.,1.)"
22804,DIRECTION,"'',(-2.56495533409008E-15,0.,1.)"
22805,DIRECTION,"'',(-1.98094421310934E-21,1.,9.9579925010296E-17)"
22806,DIRECTION,"'',(0.,0.,1.)"
22807,DIRECTION,"'',(5.69941931644859E-21,1.,9.9579925010296E-17)"
22808,DIRECTION,"'',(0.,0.,0.999999999999999)"
22809,DIRECTION,"'',(-2.47155146393958E-21,1.,9.9579925010296E-17)"
22810,DIRECTION,"'',(0.,0.,0.999999999999999)"
22811,DIRECTION,"'',(0.,1.,0.)"
22812,DIRECTION,"'',(0.,0.,1.)"
22813,DIRECTION,"'',(5.16799418016297E-22,1.,9.9579925010296E-17)"
22814,DIRECTION,"'',(0.,0.,0.999999999999999)"
22815,DIRECTION,"'',(1.75421155237922E-22,1.,9.9579925010296E-17)"
22816,DIRECTION,"'',(0.,0.,1.)"
22817,DIRECTION,"'',(-3.13651298323023E-22,1.,9.9579925010296E-17)"
22818,DIRECTION,"'',(0.,0.,1.)"
22819,DIRECTION,"'',(-2.17089343542067E-21,1.,9.9579925010296E-17)"
22820,DIRECTION,"'',(0.,0.,0.999999999999999)"
22821,DIRECTION,"'',(6.99077991513103E-21,1.,9.9579925010296E-17)"
22822,DIRECTION,"'',(0.,0.,1.)"
22823,DIRECTION,"'',(-8.19657184667186E-21,1.,9.9579925010296E-17)"
22824,DIRECTION,"'',(0.,0.,1.)"
22825,DIRECTION,"'',(-2.7404822106222E-22,1.,9.9579925010296E-17)"
22826,DIRECTION,"'',(0.,0.,1.)"
22827,DIRECTION,"'',(-6.12703134878315E-21,-1.,-9.9579925010296E-17)"
22828,DIRECTION,"'',(0.,0.,0.999999999999999)"
22829,DIRECTION,"'',(3.88224509668837E-21,-1.,-9.9579925010296E-17)"
22830,DIRECTION,"'',(0.,0.,0.999999999999999)"
22831,DIRECTION,"'',(-3.44061131509631E-21,-1.,-9.9579925010296E-17)"
22832,DIRECTION,"'',(0.,0.,1.)"
22833,DIRECTION,"'',(4.00844735210108E-22,-1.,-9.9579925010296E-17)"
22834,DIRECTION,"'',(0.,0.,1.)"
22835,DIRECTION,"'',(-5.17307264095574E-22,-1.,-9.9579925010296E-17)"
22836,DIRECTION,"'',(0.,0.,1.)"
22837,DIRECTION,"'',(4.88221331993067E-21,-1.,-9.9579925010296E-17)"
22838,DIRECTION,"'',(0.,0.,1.)"
22839,DIRECTION,"'',(9.21139560891162E-22,-1.,-9.9579925010296E-17)"
22840,DIRECTION,"'',(0.,0.,0.999999999999999)"
22841,DIRECTION,"'',(0.125220162395407,0.,-0.992128978978876)"
22842,DIRECTION,"'',(-8.90811932442778E-22,-1.,-9.9579925010296E-17)"
22843,DIRECTION,"'',(0.,0.,1.)"
22844,DIRECTION,"'',(3.51877949833336E-21,-1.,-9.9579925010296E-17)"
22845,DIRECTION,"'',(0.,0.,0.999999999999998)"
22846,DIRECTION,"'',(-3.91839297443566E-22,-1.,-9.9579925010296E-17)"
22847,DIRECTION,"'',(0.,0.,1.)"
22848,DIRECTION,"'',(8.23321705498466E-21,-1.,-9.9579925010296E-17)"
22849,DIRECTION,"'',(0.,0.,0.999999999999999)"
22850,DIRECTION,"'',(-4.60747587040408E-21,-1.,-9.9579925010296E-17)"
22851,DIRECTION,"'',(0.,0.,0.999999999999999)"
22852,DIRECTION,"'',(4.28732753096453E-21,-1.,-9.9579925010296E-17)"
22853,DIRECTION,"'',(0.,0.,1.)"
22854,DIRECTION,"'',(-0.984271206993884,0.,-0.176664062793777)"
22855,DIRECTION,"'',(-2.21215915786992E-21,1.,9.9579925010296E-17)"
22856,DIRECTION,"'',(0.,0.,1.)"
22857,DIRECTION,"'',(4.74423341393197E-21,1.,9.9579925010296E-17)"
22858,DIRECTION,"'',(0.,0.,0.999999999999999)"
22859,DIRECTION,"'',(-1.04743512031487E-21,1.,9.9579925010296E-17)"
22860,DIRECTION,"'',(0.,0.,1.)"
22861,DIRECTION,"'',(-1.14559662363541E-21,1.,9.9579925010296E-17)"
22862,DIRECTION,"'',(0.,0.,1.)"
22863,DIRECTION,"'',(0.,1.,0.)"
22864,DIRECTION,"'',(0.,0.,0.999999999999999)"
22865,DIRECTION,"'',(0.,1.,0.)"
22866,DIRECTION,"'',(0.,0.,1.)"
22867,DIRECTION,"'',(1.87647691824815E-21,1.,9.9579925010296E-17)"
22868,DIRECTION,"'',(0.,0.,1.)"
22869,DIRECTION,"'',(-4.02455331914722E-21,1.,9.9579925010296E-17)"
22870,DIRECTION,"'',(0.,0.,0.999999999999999)"
22871,DIRECTION,"'',(7.78375369529039E-22,1.,9.9579925010296E-17)"
22872,DIRECTION,"'',(0.,0.,0.999999999999999)"
22873,DIRECTION,"'',(1.67087552151641E-22,1.,9.9579925010296E-17)"
22874,DIRECTION,"'',(0.,0.,1.)"
22875,DIRECTION,"'',(5.66624356540055E-21,1.,9.9579925010296E-17)"
22876,DIRECTION,"'',(0.,0.,1.)"
22877,DIRECTION,"'',(-6.41687497574814E-21,1.,9.9579925010296E-17)"
22878,DIRECTION,"'',(0.,0.,1.)"
22879,DIRECTION,"'',(9.73040631017071E-22,1.,9.9579925010296E-17)"
22880,DIRECTION,"'',(0.,0.,0.999999999999999)"
22881,DIRECTION,"'',(0.990778565397318,0.,-0.135491085866309)"
22882,DIRECTION,"'',(-3.75655906314397E-21,-1.,-9.9579925010296E-17)"
22883,DIRECTION,"'',(0.,0.,1.)"
22884,DIRECTION,"'',(-1.12758020528803E-21,-1.,-9.9579925010296E-17)"
22885,DIRECTION,"'',(0.,0.,1.)"
22886,DIRECTION,"'',(-1.33241433936858E-21,-1.,-9.9579925010296E-17)"
22887,DIRECTION,"'',(0.,0.,1.)"
22888,DIRECTION,"'',(2.50696374635904E-21,-1.,-9.9579925010296E-17)"
22889,DIRECTION,"'',(0.,0.,0.999999999999999)"
22890,DIRECTION,"'',(7.04549318738663E-22,-1.,-9.9579925010296E-17)"
22891,DIRECTION,"'',(0.,0.,1.)"
22892,DIRECTION,"'',(-1.00930391934639E-21,1.,9.9579925010296E-17)"
22893,DIRECTION,"'',(0.,0.,1.)"
22894,DIRECTION,"'',(-1.17014351252418E-21,1.,9.9579925010296E-17)"
22895,DIRECTION,"'',(0.,0.,0.999999999999999)"
22896,DIRECTION,"'',(1.51665579469598E-21,1.,9.9579925010296E-17)"
22897,DIRECTION,"'',(0.,0.,1.)"
22898,DIRECTION,"'',(1.17075144168197E-21,1.,9.9579925010296E-17)"
22899,DIRECTION,"'',(0.,0.,1.)"
22900,DIRECTION,"'',(-3.26948895777899E-23,1.,9.9579925010296E-17)"
22901,DIRECTION,"'',(0.,0.,0.999999999999999)"
22902,DIRECTION,"'',(-1.80308407642356E-21,1.,9.9579925010296E-17)"
22903,DIRECTION,"'',(0.,0.,1.)"
22904,DIRECTION,"'',(1.4930843046374E-21,1.,9.9579925010296E-17)"
22905,DIRECTION,"'',(0.,0.,1.)"
22906,DIRECTION,"'',(-2.32762591798369E-21,1.,9.9579925010296E-17)"
22907,DIRECTION,"'',(0.,0.,1.)"
22908,DIRECTION,"'',(5.59123971188292E-21,1.,9.9579925010296E-17)"
22909,DIRECTION,"'',(0.,0.,0.999999999999999)"
22910,DIRECTION,"'',(-7.82349443061303E-21,1.,9.9579925010296E-17)"
22911,DIRECTION,"'',(0.,0.,1.)"
22912,DIRECTION,"'',(2.24108245359946E-21,1.,9.9579925010296E-17)"
22913,DIRECTION,"'',(0.,0.,1.)"
22914,DIRECTION,"'',(-0.997054485501582,0.,0.0766964988847348)"
22915,DIRECTION,"'',(1.,0.,0.)"
22916,DIRECTION,"'',(0.318330494137003,0.,0.947979797518118)"
22917,DIRECTION,"'',(0.326034559928318,0.,-0.945357850621842)"
22918,DIRECTION,"'',(1.,0.,0.)"
22919,DIRECTION,"'',(0.,0.,1.)"
22920,DIRECTION,"'',(-1.,0.,0.)"
22921,DIRECTION,"'',(0.,0.,-1.)"
22922,DIRECTION,"'',(-0.330034258715973,0.,0.943968955037081)"
22923,DIRECTION,"'',(-1.,0.,0.)"
22924,DIRECTION,"'',(-0.321819116974844,0.,-0.946801170230335)"
22925,DIRECTION,"'',(0.,0.,1.)"
22926,DIRECTION,"'',(-1.,0.,0.)"
22927,DIRECTION,"'',(0.,0.,-1.)"
22928,DIRECTION,"'',(0.,0.,-1.)"
22929,DIRECTION,"'',(-1.2066796967394E-22,1.,9.9579925010296E-17)"
22930,DIRECTION,"'',(0.,0.,0.999999999999999)"
22931,DIRECTION,"'',(0.,0.,-1.)"
22932,DIRECTION,"'',(-2.59793508002633E-22,-1.,-9.9579925010296E-17)"
22933,DIRECTION,"'',(0.,0.,1.)"
22934,DIRECTION,"'',(1.74167520261454E-23,-1.,-9.9579925010296E-17)"
22935,DIRECTION,"'',(0.,0.,1.)"
22936,DIRECTION,"'',(1.,0.,0.)"
22937,DIRECTION,"'',(0.,0.,1.)"
22938,DIRECTION,"'',(-1.,0.,0.)"
22939,DIRECTION,"'',(-1.,0.,0.)"
22940,DIRECTION,"'',(0.,0.,-1.)"
22941,DIRECTION,"'',(0.575853228428497,0.,-0.817553092654218)"
22942,DIRECTION,"'',(1.,0.,0.)"
22943,DIRECTION,"'',(0.,0.,1.)"
22944,DIRECTION,"'',(1.,0.,0.)"
22945,DIRECTION,"'',(0.,0.,1.)"
22946,DIRECTION,"'',(-1.,0.,0.)"
22947,DIRECTION,"'',(0.,0.,1.)"
22948,DIRECTION,"'',(-1.,0.,0.)"
22949,DIRECTION,"'',(0.,0.,-1.)"
22950,DIRECTION,"'',(0.,1.,0.)"
22951,DIRECTION,"'',(0.,0.,1.)"
22952,DIRECTION,"'',(-1.,0.,0.)"
22953,DIRECTION,"'',(0.,0.,-1.)"
22954,DIRECTION,"'',(1.,0.,0.)"
22955,DIRECTION,"'',(0.,0.,-1.)"
22956,DIRECTION,"'',(1.,0.,0.)"
22957,DIRECTION,"'',(0.,0.,1.)"
22958,DIRECTION,"'',(-1.,0.,0.)"
22959,DIRECTION,"'',(0.,0.,-1.)"
22960,DIRECTION,"'',(0.,0.,-1.)"
22961,DIRECTION,"'',(-1.50624757246335E-22,-1.,-9.9579925010296E-17)"
22962,DIRECTION,"'',(0.,0.,1.)"
22963,DIRECTION,"'',(0.,0.,-1.)"
22964,DIRECTION,"'',(-2.18174453469978E-22,1.,9.9579925010296E-17)"
22965,DIRECTION,"'',(0.,0.,1.)"
22966,DIRECTION,"'',(2.45965375217684E-23,1.,9.9579925010296E-17)"
22967,DIRECTION,"'',(0.,0.,1.)"
22968,DIRECTION,"'',(-1.,0.,0.)"
22969,DIRECTION,"'',(0.,0.,1.)"
22970,DIRECTION,"'',(1.,0.,0.)"
22971,DIRECTION,"'',(-1.,0.,0.)"
22972,DIRECTION,"'',(-0.318330494137003,0.,0.947979797518118)"
22973,DIRECTION,"'',(-0.326034559928319,0.,-0.945357850621841)"
22974,DIRECTION,"'',(-1.,0.,0.)"
22975,DIRECTION,"'',(0.,0.,1.)"
22976,DIRECTION,"'',(1.,0.,0.)"
22977,DIRECTION,"'',(0.,0.,-1.)"
22978,DIRECTION,"'',(0.330034258715973,0.,0.943968955037081)"
22979,DIRECTION,"'',(1.,0.,0.)"
22980,DIRECTION,"'',(0.321819116974844,0.,-0.946801170230335)"
22981,DIRECTION,"'',(0.,0.,1.)"
22982,DIRECTION,"'',(1.,0.,0.)"
22983,DIRECTION,"'',(0.,0.,-1.)"
22984,DIRECTION,"'',(-3.76789543525644E-21,1.,9.9579925010296E-17)"
22985,DIRECTION,"'',(0.,0.,1.)"
22986,DIRECTION,"'',(-1.12607070389607E-21,1.,9.9579925010296E-17)"
22987,DIRECTION,"'',(0.,0.,1.)"
22988,DIRECTION,"'',(-1.32627915974809E-21,1.,9.9579925010296E-17)"
22989,DIRECTION,"'',(0.,0.,1.)"
22990,DIRECTION,"'',(2.51415276762062E-21,1.,9.9579925010296E-17)"
22991,DIRECTION,"'',(0.,0.,1.)"
22992,DIRECTION,"'',(6.42645332649883E-22,1.,9.9579925010296E-17)"
22993,DIRECTION,"'',(0.,0.,1.)"
22994,DIRECTION,"'',(-9.88119968800729E-22,-1.,-9.9579925010296E-17)"
22995,DIRECTION,"'',(0.,0.,1.)"
22996,DIRECTION,"'',(-1.17573702802653E-21,-1.,-9.9579925010296E-17)"
22997,DIRECTION,"'',(0.,0.,0.999999999999999)"
22998,DIRECTION,"'',(1.51131591664009E-21,-1.,-9.9579925010296E-17)"
22999,DIRECTION,"'',(0.,0.,0.999999999999999)"
23000,DIRECTION,"'',(1.17284031978931E-21,-1.,-9.9579925010296E-17)"
23001,DIRECTION,"'',(0.,0.,1.)"
23002,DIRECTION,"'',(-3.86633555147698E-23,-1.,-9.9579925010296E-17)"
23003,DIRECTION,"'',(0.,0.,1.)"
23004,DIRECTION,"'',(-1.79825486432412E-21,-1.,-9.9579925010296E-17)"
23005,DIRECTION,"'',(0.,0.,1.)"
23006,DIRECTION,"'',(1.49560880359055E-21,-1.,-9.9579925010296E-17)"
23007,DIRECTION,"'',(0.,0.,0.999999999999999)"
23008,DIRECTION,"'',(-2.32249122680498E-21,-1.,-9.9579925010296E-17)"
23009,DIRECTION,"'',(0.,0.,0.999999999999998)"
23010,DIRECTION,"'',(5.59218126832245E-21,-1.,-9.9579925010296E-17)"
23011,DIRECTION,"'',(0.,0.,0.999999999999999)"
23012,DIRECTION,"'',(-7.83396606086961E-21,-1.,-9.9579925010296E-17)"
23013,DIRECTION,"'',(0.,0.,1.)"
23014,DIRECTION,"'',(2.24919086999534E-21,-1.,-9.9579925010296E-17)"
23015,DIRECTION,"'',(0.,0.,1.)"
23016,DIRECTION,"'',(0.997054485501582,0.,0.0766964988847348)"
23017,DIRECTION,"'',(0.,1.,0.)"
23018,DIRECTION,"'',(0.,0.,-1.)"
23019,DIRECTION,"'',(0.,-1.,0.)"
23020,DIRECTION,"'',(0.,0.,-1.)"
23021,DIRECTION,"'',(0.,-1.,0.)"
23022,DIRECTION,"'',(0.,0.,-1.)"
23023,DIRECTION,"'',(1.,0.,8.72816843258771E-16)"
23024,DIRECTION,"'',(0.,-1.,0.)"
23025,DIRECTION,"'',(0.,0.,-1.)"
23026,DIRECTION,"'',(2.56495533409008E-15,0.,1.)"
23027,DIRECTION,"'',(0.,-1.,0.)"
23028,DIRECTION,"'',(0.,0.,-1.)"
23029,DIRECTION,"'',(0.,-1.,0.)"
23030,DIRECTION,"'',(0.,0.,-1.)"
23031,DIRECTION,"'',(1.,0.,8.72816843258771E-16)"
23032,DIRECTION,"'',(0.,-1.,0.)"
23033,DIRECTION,"'',(0.,0.,-1.)"
23034,DIRECTION,"'',(2.56495533409008E-15,0.,1.)"
23035,DIRECTION,"'',(1.,0.,-1.39349996950756E-15)"
23036,DIRECTION,"'',(0.,1.,0.)"
23037,DIRECTION,"'',(0.,0.,-1.)"
23038,DIRECTION,"'',(2.30719664302818E-15,0.,-1.)"
23039,DIRECTION,"'',(0.,1.,0.)"
23040,DIRECTION,"'',(0.,0.,-0.999999999999999)"
23041,DIRECTION,"'',(-1.,0.,0.)"
23042,DIRECTION,"'',(-0.318330494137003,0.,0.947979797518118)"
23043,DIRECTION,"'',(-0.326034559928318,0.,-0.945357850621842)"
23044,DIRECTION,"'',(-1.,0.,0.)"
23045,DIRECTION,"'',(0.,0.,1.)"
23046,DIRECTION,"'',(1.,0.,0.)"
23047,DIRECTION,"'',(0.,0.,-1.)"
23048,DIRECTION,"'',(0.330034258715973,0.,0.943968955037081)"
23049,DIRECTION,"'',(1.,0.,0.)"
23050,DIRECTION,"'',(0.321819116974845,0.,-0.946801170230335)"
23051,DIRECTION,"'',(0.,0.,1.)"
23052,DIRECTION,"'',(1.,0.,0.)"
23053,DIRECTION,"'',(0.,0.,-1.)"
23054,DIRECTION,"'',(0.,0.,-1.)"
23055,DIRECTION,"'',(-9.02815393251683E-23,-1.,-9.9579925010296E-17)"
23056,DIRECTION,"'',(0.,0.,1.)"
23057,DIRECTION,"'',(0.,0.,-1.)"
23058,DIRECTION,"'',(-2.83421377872243E-22,1.,9.9579925010296E-17)"
23059,DIRECTION,"'',(0.,0.,1.)"
23060,DIRECTION,"'',(3.56023127142914E-23,1.,9.9579925010296E-17)"
23061,DIRECTION,"'',(0.,0.,0.999999999999999)"
23062,DIRECTION,"'',(-1.,0.,0.)"
23063,DIRECTION,"'',(0.,0.,1.)"
23064,DIRECTION,"'',(1.,0.,0.)"
23065,DIRECTION,"'',(-3.76570696557579E-21,1.,9.9579925010296E-17)"
23066,DIRECTION,"'',(0.,0.,0.999999999999999)"
23067,DIRECTION,"'',(-1.1310242938104E-21,1.,9.9579925010296E-17)"
23068,DIRECTION,"'',(0.,0.,1.)"
23069,DIRECTION,"'',(-1.32149468218387E-21,1.,9.9579925010296E-17)"
23070,DIRECTION,"'',(0.,0.,0.999999999999998)"
23071,DIRECTION,"'',(2.50856982094314E-21,1.,9.9579925010296E-17)"
23072,DIRECTION,"'',(0.,0.,1.)"
23073,DIRECTION,"'',(6.39679990531377E-22,1.,9.9579925010296E-17)"
23074,DIRECTION,"'',(0.,0.,0.999999999999999)"
23075,DIRECTION,"'',(-9.97074633120877E-22,-1.,-9.9579925010296E-17)"
23076,DIRECTION,"'',(0.,0.,0.999999999999999)"
23077,DIRECTION,"'',(-1.16628418276863E-21,-1.,-9.9579925010296E-17)"
23078,DIRECTION,"'',(0.,0.,0.999999999999999)"
23079,DIRECTION,"'',(1.51374616009642E-21,-1.,-9.9579925010296E-17)"
23080,DIRECTION,"'',(0.,0.,1.)"
23081,DIRECTION,"'',(1.17397982329727E-21,-1.,-9.9579925010296E-17)"
23082,DIRECTION,"'',(0.,0.,1.)"
23083,DIRECTION,"'',(-2.22287040910422E-22,-1.,-9.9579925010296E-17)"
23084,DIRECTION,"'',(0.,0.,1.)"
23085,DIRECTION,"'',(-1.80240983511983E-21,-1.,-9.9579925010296E-17)"
23086,DIRECTION,"'',(0.,0.,1.)"
23087,DIRECTION,"'',(1.49647818192E-21,-1.,-9.9579925010296E-17)"
23088,DIRECTION,"'',(0.,0.,1.)"
23089,DIRECTION,"'',(-2.32349260601652E-21,-1.,-9.9579925010296E-17)"
23090,DIRECTION,"'',(0.,0.,1.)"
23091,DIRECTION,"'',(5.59744195980091E-21,-1.,-9.9579925010296E-17)"
23092,DIRECTION,"'',(0.,0.,1.)"
23093,DIRECTION,"'',(-7.83106839070048E-21,-1.,-9.9579925010296E-17)"
23094,DIRECTION,"'',(0.,0.,1.)"
23095,DIRECTION,"'',(2.25555084376574E-21,-1.,-9.9579925010296E-17)"
23096,DIRECTION,"'',(0.,0.,1.)"
23097,DIRECTION,"'',(0.997054485501581,0.,0.0766964988847446)"
23098,DIRECTION,"'',(0.,-1.,0.)"
23099,DIRECTION,"'',(0.,0.,-1.)"
23100,DIRECTION,"'',(0.,0.,-1.)"
23101,DIRECTION,"'',(-1.,0.,0.)"
23102,DIRECTION,"'',(0.,0.,1.)"
23103,DIRECTION,"'',(1.,0.,0.)"
23104,DIRECTION,"'',(0.,0.,1.)"
23105,DIRECTION,"'',(1.,0.,0.)"
23106,DIRECTION,"'',(0.,0.,1.)"
23107,DIRECTION,"'',(-1.,0.,0.)"
23108,DIRECTION,"'',(0.,0.,1.)"
23109,DIRECTION,"'',(1.,0.,0.)"
23110,DIRECTION,"'',(0.,0.,-1.)"
23111,DIRECTION,"'',(1.,0.,0.)"
23112,DIRECTION,"'',(0.,0.,-1.)"
23113,DIRECTION,"'',(-1.,0.,0.)"
23114,DIRECTION,"'',(0.,0.,1.)"
23115,DIRECTION,"'',(1.,0.,0.)"
23116,DIRECTION,"'',(0.,0.,1.)"
23117,DIRECTION,"'',(1.,0.,0.)"
23118,DIRECTION,"'',(0.,0.,1.)"
23119,DIRECTION,"'',(-1.,0.,0.)"
23120,DIRECTION,"'',(0.,0.,1.)"
23121,DIRECTION,"'',(1.,0.,0.)"
23122,DIRECTION,"'',(0.,0.,-1.)"
23123,DIRECTION,"'',(1.,0.,0.)"
23124,DIRECTION,"'',(0.,0.,-1.)"
23125,DIRECTION,"'',(-0.999999999999999,0.,0.)"
23126,DIRECTION,"'',(0.,0.,1.)"
23127,DIRECTION,"'',(1.,0.,0.)"
23128,DIRECTION,"'',(0.,0.,1.)"
23129,DIRECTION,"'',(1.,0.,0.)"
23130,DIRECTION,"'',(0.,0.,1.)"
23131,DIRECTION,"'',(-1.,0.,0.)"
23132,DIRECTION,"'',(0.,0.,1.)"
23133,DIRECTION,"'',(1.,0.,0.)"
23134,DIRECTION,"'',(0.,0.,-1.)"
23135,DIRECTION,"'',(1.,0.,0.)"
23136,DIRECTION,"'',(0.,0.,-1.)"
23137,DIRECTION,"'',(-0.999999999999999,0.,0.)"
23138,DIRECTION,"'',(0.,0.,1.)"
23139,DIRECTION,"'',(1.,0.,0.)"
23140,DIRECTION,"'',(0.,0.,1.)"
23141,DIRECTION,"'',(1.,0.,0.)"
23142,DIRECTION,"'',(0.,0.,1.)"
23143,DIRECTION,"'',(-1.,0.,0.)"
23144,DIRECTION,"'',(0.,0.,1.)"
23145,DIRECTION,"'',(1.,0.,0.)"
23146,DIRECTION,"'',(0.,0.,-1.)"
23147,DIRECTION,"'',(1.,0.,0.)"
23148,DIRECTION,"'',(1.,0.,0.)"
23149,DIRECTION,"'',(0.,0.,0.999999999999999)"
23150,DIRECTION,"'',(-1.,0.,0.)"
23151,DIRECTION,"'',(0.,0.,1.)"
23152,DIRECTION,"'',(-1.,0.,0.)"
23153,DIRECTION,"'',(0.,0.,1.)"
23154,DIRECTION,"'',(1.,0.,0.)"
23155,DIRECTION,"'',(0.,0.,0.999999999999999)"
23156,DIRECTION,"'',(-1.,0.,0.)"
23157,DIRECTION,"'',(0.,0.,1.)"
23158,DIRECTION,"'',(-1.,0.,0.)"
23159,DIRECTION,"'',(0.,0.,1.)"
23160,DIRECTION,"'',(1.,0.,0.)"
23161,DIRECTION,"'',(0.,0.,-1.)"
23162,DIRECTION,"'',(-1.,0.,0.)"
23163,DIRECTION,"'',(0.,0.,1.)"
23164,DIRECTION,"'',(-1.,0.,0.)"
23165,DIRECTION,"'',(0.,0.,1.)"
23166,DIRECTION,"'',(-0.577350269189626,0.577350269189626,0.577350269189626)"
23167,DIRECTION,"'',(0.577350269189626,0.577350269189626,0.577350269189626)"
23168,DIRECTION,"'',(0.,0.707106781186547,-0.707106781186547)"
23169,DIRECTION,"'',(0.,0.707106781186547,0.707106781186547)"
23170,DIRECTION,"'',(0.577350269189626,-0.577350269189626,0.577350269189626)"
23171,DIRECTION,"'',(-0.577350269189626,-0.577350269189626,0.577350269189626)"
23172,DIRECTION,"'',(0.,-0.707106781186547,-0.707106781186547)"
23173,DIRECTION,"'',(0.,0.707106781186547,-0.707106781186547)"
23174,DIRECTION,"'',(0.,-0.707106781186547,0.707106781186547)"
23175,DIRECTION,"'',(0.,0.707106781186547,-0.707106781186547)"
23176,DIRECTION,"'',(0.,0.707106781186547,0.707106781186547)"
23177,DIRECTION,"'',(0.,-0.707106781186547,0.707106781186547)"
23178,DIRECTION,"'',(0.,-0.707106781186547,-0.707106781186547)"
23179,DIRECTION,"'',(0.,0.707106781186547,0.707106781186547)"
23180,DIRECTION,"'',(0.,-0.707106781186547,0.707106781186547)"
23181,DIRECTION,"'',(0.,-0.707106781186547,-0.707106781186547)"
23182,DIRECTION,"'',(0.,0.,-1.)"
23183,DIRECTION,"'',(0.,0.,-1.)"
23184,DIRECTION,"'',(1.,0.,0.)"
23185,DIRECTION,"'',(0.,1.,0.)"
23186,DIRECTION,"'',(0.,0.,1.)"
23187,DIRECTION,"'',(0.,0.,1.)"
23188,DIRECTION,"'',(0.,1.,0.)"
23189,DIRECTION,"'',(-1.,0.,0.)"
23190,DIRECTION,"'',(0.,0.,1.)"
23191,DIRECTION,"'',(0.,0.,-1.)"
23192,DIRECTION,"'',(0.,0.,-1.)"
23193,DIRECTION,"'',(1.,0.,0.)"
23194,DIRECTION,"'',(0.,1.,0.)"
23195,DIRECTION,"'',(0.,0.,1.)"
23196,DIRECTION,"'',(0.,0.,1.)"
23197,DIRECTION,"'',(0.,1.,0.)"
23198,DIRECTION,"'',(-1.,0.,0.)"
23199,DIRECTION,"'',(0.,0.,1.)"
23200,DIRECTION,"'',(0.707106781186548,0.707106781186547,0.)"
23201,DIRECTION,"'',(0.,0.,1.)"
23202,DIRECTION,"'',(1.,0.,0.)"
23203,DIRECTION,"'',(0.707106781186548,0.707106781186547,0.)"
23204,DIRECTION,"'',(0.,0.,1.)"
23205,DIRECTION,"'',(1.,0.,0.)"
23206,DIRECTION,"'',(-0.707106781186547,0.707106781186547,0.)"
23207,DIRECTION,"'',(-0.707106781186547,0.707106781186547,0.)"
23208,DIRECTION,"'',(0.707106781186547,0.707106781186547,0.)"
23209,DIRECTION,"'',(-0.707106781186547,0.707106781186547,0.)"
23210,DIRECTION,"'',(0.707106781186547,-0.707106781186547,0.)"
23211,DIRECTION,"'',(0.707106781186547,-0.707106781186547,0.)"
23212,DIRECTION,"'',(-0.707106781186547,-0.707106781186547,0.)"
23213,DIRECTION,"'',(0.707106781186547,-0.707106781186547,0.)"
23214,DIRECTION,"'',(-0.707106781186547,-0.707106781186547,0.)"
23215,DIRECTION,"'',(0.707106781186547,0.707106781186547,0.)"
23216,DIRECTION,"'',(0.707106781186547,-0.707106781186547,0.)"
23217,DIRECTION,"'',(0.707106781186547,0.707106781186547,0.)"
23218,DIRECTION,"'',(0.707106781186547,0.,-0.707106781186547)"
23219,DIRECTION,"'',(-0.577350269189626,0.577350269189626,-0.577350269189626)"
23220,DIRECTION,"'',(-0.707106781186547,0.,0.707106781186547)"
23221,DIRECTION,"'',(0.707106781186547,0.,0.707106781186547)"
23222,DIRECTION,"'',(0.577350269189626,0.577350269189626,-0.577350269189626)"
23223,DIRECTION,"'',(-0.707106781186547,0.,-0.707106781186547)"
23224,DIRECTION,"'',(0.707106781186547,0.,-0.707106781186547)"
23225,DIRECTION,"'',(0.707106781186547,0.,0.707106781186547)"
23226,DIRECTION,"'',(0.707106781186547,0.,-0.707106781186547)"
23227,DIRECTION,"'',(0.707106781186547,0.707106781186547,0.)"
23228,DIRECTION,"'',(-0.707106781186547,-0.707106781186547,0.)"
23229,DIRECTION,"'',(-0.707106781186547,0.707106781186547,0.)"
23230,DIRECTION,"'',(-0.707106781186547,-0.707106781186547,0.)"
23231,DIRECTION,"'',(0.707106781186547,0.,0.707106781186547)"
23232,DIRECTION,"'',(-0.707106781186547,0.,0.707106781186547)"
23233,DIRECTION,"'',(0.707106781186547,0.,0.707106781186547)"
23234,DIRECTION,"'',(-0.577350269189626,-0.577350269189626,-0.577350269189626)"
23235,DIRECTION,"'',(-0.707106781186547,0.,0.707106781186547)"
23236,DIRECTION,"'',(0.577350269189626,-0.577350269189626,-0.577350269189626)"
23237,DIRECTION,"'',(-0.707106781186547,0.,-0.707106781186547)"
23238,DIRECTION,"'',(0.,0.,-1.)"
23239,DIRECTION,"'',(1.,0.,0.)"
23240,DIRECTION,"'',(0.,0.,1.)"
23241,DIRECTION,"'',(1.,0.,0.)"
23242,DIRECTION,"'',(0.,0.,1.)"
23243,DIRECTION,"'',(1.,0.,0.)"
23244,DIRECTION,"'',(0.,0.,-1.)"
23245,DIRECTION,"'',(1.,0.,0.)"
23246,DIRECTION,"'',(0.,0.,1.)"
23247,DIRECTION,"'',(1.,0.,0.)"
23248,DIRECTION,"'',(0.,0.,1.)"
23249,DIRECTION,"'',(1.,0.,0.)"
23250,DIRECTION,"'',(0.,0.,-1.)"
23251,DIRECTION,"'',(1.,0.,0.)"
23252,DIRECTION,"'',(0.,0.,1.)"
23253,DIRECTION,"'',(1.,0.,0.)"
23254,DIRECTION,"'',(0.,0.,1.)"
23255,DIRECTION,"'',(1.,0.,0.)"
23256,DIRECTION,"'',(0.,0.,-1.)"
23257,DIRECTION,"'',(1.,0.,0.)"
23258,DIRECTION,"'',(0.,0.,1.)"
23259,DIRECTION,"'',(1.,0.,0.)"
23260,DIRECTION,"'',(0.,0.,1.)"
23261,DIRECTION,"'',(1.,0.,0.)"
23262,DIRECTION,"'',(0.,0.,1.)"
23263,DIRECTION,"'',(1.,0.,0.)"
23264,DIRECTION,"'',(0.,0.,1.)"
23265,DIRECTION,"'',(1.,0.,0.)"
23266,DIRECTION,"'',(0.,0.,1.)"
23267,DIRECTION,"'',(1.,0.,0.)"
23268,DIRECTION,"'',(0.,0.,1.)"
23269,DIRECTION,"'',(1.,0.,0.)"
23270,DIRECTION,"'',(0.,0.,-1.)"
23271,DIRECTION,"'',(-1.,0.,0.)"
23272,DIRECTION,"'',(0.,0.,1.)"
23273,DIRECTION,"'',(1.,0.,0.)"
23274,DIRECTION,"'',(0.,0.,-1.)"
23275,DIRECTION,"'',(-1.,0.,2.39539741852094E-17)"
23276,DIRECTION,"'',(0.,0.,-1.)"
23277,DIRECTION,"'',(-1.,0.,0.)"
23278,DIRECTION,"'',(0.,0.,1.)"
23279,DIRECTION,"'',(1.,0.,0.)"
23280,DIRECTION,"'',(0.,0.,-1.)"
23281,DIRECTION,"'',(-1.,0.,2.39539741852094E-17)"
23282,DIRECTION,"'',(0.,0.,-1.)"
23283,DIRECTION,"'',(-1.,0.,0.)"
23284,DIRECTION,"'',(0.,0.,1.)"
23285,DIRECTION,"'',(1.,0.,0.)"
23286,DIRECTION,"'',(0.,0.,-1.)"
23287,DIRECTION,"'',(-1.,0.,2.39539741852094E-17)"
23288,DIRECTION,"'',(0.,0.,-1.)"
23289,DIRECTION,"'',(-1.,0.,0.)"
23290,DIRECTION,"'',(0.,0.,1.)"
23291,DIRECTION,"'',(1.,0.,0.)"
23292,DIRECTION,"'',(0.,0.,-1.)"
23293,DIRECTION,"'',(-1.,0.,2.39539741852094E-17)"
23294,DIRECTION,"'',(0.707106781186548,-0.707106781186547,0.)"
23295,DIRECTION,"'',(-0.707106781186547,-0.707106781186548,0.)"
23296,DIRECTION,"'',(0.707106781186548,-0.707106781186547,0.)"
23297,DIRECTION,"'',(0.,0.,1.)"
23298,DIRECTION,"'',(1.,0.,0.)"
23299,DIRECTION,"'',(-0.707106781186548,-0.707106781186547,0.)"
23300,DIRECTION,"'',(-0.707106781186547,0.707106781186548,0.)"
23301,DIRECTION,"'',(-0.707106781186548,-0.707106781186547,0.)"
23302,DIRECTION,"'',(0.,0.,-1.)"
23303,DIRECTION,"'',(-1.,0.,0.)"
23304,DIRECTION,"'',(-0.707106781186548,0.707106781186547,0.)"
23305,DIRECTION,"'',(0.707106781186547,0.707106781186548,0.)"
23306,DIRECTION,"'',(-0.707106781186548,0.707106781186547,0.)"
23307,DIRECTION,"'',(0.,0.,1.)"
23308,DIRECTION,"'',(1.,0.,0.)"
23309,DIRECTION,"'',(0.707106781186548,0.707106781186547,0.)"
23310,DIRECTION,"'',(0.707106781186547,-0.707106781186548,0.)"
23311,DIRECTION,"'',(0.707106781186548,0.707106781186547,0.)"
23312,DIRECTION,"'',(-1.,0.,0.)"
23313,DIRECTION,"'',(0.,1.,0.)"
23314,DIRECTION,"'',(1.,0.,0.)"
23315,DIRECTION,"'',(0.,1.,0.)"
23316,DIRECTION,"'',(1.,0.,0.)"
23317,DIRECTION,"'',(0.,-1.,0.)"
23318,DIRECTION,"'',(0.,0.,-1.)"
23319,DIRECTION,"'',(-1.,0.,0.)"
23320,DIRECTION,"'',(0.,0.,1.)"
23321,DIRECTION,"'',(1.,0.,0.)"
23322,DIRECTION,"'',(0.,0.,1.)"
23323,DIRECTION,"'',(1.,0.,0.)"
23324,DIRECTION,"'',(0.,0.,-1.)"
23325,DIRECTION,"'',(-1.,0.,0.)"
23326,DIRECTION,"'',(0.,0.,-1.)"
23327,DIRECTION,"'',(1.,0.,0.)"
23328,DIRECTION,"'',(0.,0.,1.)"
23329,DIRECTION,"'',(1.,0.,0.)"
23330,DIRECTION,"'',(0.,0.,1.)"
23331,DIRECTION,"'',(1.,0.,0.)"
23332,DIRECTION,"'',(0.,0.,-1.)"
23333,DIRECTION,"'',(-1.,0.,0.)"
23334,DIRECTION,"'',(0.,0.,-1.)"
23335,DIRECTION,"'',(1.,0.,0.)"
23336,DIRECTION,"'',(0.,0.,1.)"
23337,DIRECTION,"'',(1.,0.,0.)"
23338,DIRECTION,"'',(0.,0.,1.)"
23339,DIRECTION,"'',(1.,0.,0.)"
23340,DIRECTION,"'',(0.,0.,-1.)"
23341,DIRECTION,"'',(-1.,0.,0.)"
23342,DIRECTION,"'',(0.,0.,-1.)"
23343,DIRECTION,"'',(1.,0.,0.)"
23344,DIRECTION,"'',(0.,0.,1.)"
23345,DIRECTION,"'',(1.,0.,0.)"
23346,DIRECTION,"'',(0.,0.,1.)"
23347,DIRECTION,"'',(1.,0.,0.)"
23348,DIRECTION,"'',(0.,0.,-1.)"
23349,DIRECTION,"'',(-1.,0.,0.)"
23350,DIRECTION,"'',(0.,0.,-1.)"
23351,DIRECTION,"'',(1.,0.,0.)"
23352,DIRECTION,"'',(-1.,0.,0.)"
23353,DIRECTION,"'',(0.,0.,-0.999999999999999)"
23354,DIRECTION,"'',(1.,0.,0.)"
23355,DIRECTION,"'',(0.,0.,-1.)"
23356,DIRECTION,"'',(1.,0.,0.)"
23357,DIRECTION,"'',(0.,0.,-1.)"
23358,DIRECTION,"'',(-1.,0.,0.)"
23359,DIRECTION,"'',(0.,0.,1.)"
23360,DIRECTION,"'',(-1.,0.,0.)"
23361,DIRECTION,"'',(0.,0.,1.)"
23362,DIRECTION,"'',(-1.,0.,0.)"
23363,DIRECTION,"'',(0.,0.,1.)"
23364,DIRECTION,"'',(0.,1.,0.)"
23365,DIRECTION,"'',(0.,0.,1.)"
23366,DIRECTION,"'',(0.,-1.,0.)"
23367,DIRECTION,"'',(0.,0.,1.)"
23368,DIRECTION,"'',(0.,1.,0.)"
23369,DIRECTION,"'',(0.,-1.,0.)"
23370,DIRECTION,"'',(0.,0.,1.)"
23371,DIRECTION,"'',(0.,-1.,0.)"
23372,DIRECTION,"'',(0.,-1.,0.)"
23373,DIRECTION,"'',(1.,0.,0.)"
23374,DIRECTION,"'',(0.,1.,0.)"
23375,DIRECTION,"'',(1.,0.,0.)"
23376,DIRECTION,"'',(0.,1.,0.)"
23377,DIRECTION,"'',(0.866025403784441,0.499999999999996,-7.16156312617182E-16)"
23378,DIRECTION,"'',(0.866025403784441,0.499999999999996,-7.16156312617182E-16)"
23379,DIRECTION,"'',(0.,1.,0.)"
23380,DIRECTION,"'',(8.72816843258771E-16,0.,1.)"
23381,DIRECTION,"'',(0.,-1.,0.)"
23382,DIRECTION,"'',(0.,1.,0.)"
23383,DIRECTION,"'',(-2.30755522366028E-15,0.499999999999996,0.866025403784441)"
23384,DIRECTION,"'',(-2.30755522366028E-15,0.499999999999996,0.866025403784441)"
23385,DIRECTION,"'',(0.,1.,0.)"
23386,DIRECTION,"'',(-1.,0.,-2.56495533409008E-15)"
23387,DIRECTION,"'',(2.22044604925031E-15,-0.499999999999995,-0.866025403784441)"
23388,DIRECTION,"'',(0.,-1.,0.)"
23389,DIRECTION,"'',(0.,0.,1.)"
23390,DIRECTION,"'',(0.,1.,0.)"
23391,DIRECTION,"'',(0.,0.,1.)"
23392,DIRECTION,"'',(0.,1.,0.)"
23393,DIRECTION,"'',(0.,-3.19023807225828E-17,1.)"
23394,DIRECTION,"'',(0.,-1.,0.)"
23395,DIRECTION,"'',(0.,0.,1.)"
23396,DIRECTION,"'',(0.,1.,0.)"
23397,DIRECTION,"'',(0.,0.,1.)"
23398,DIRECTION,"'',(0.,1.,0.)"
23399,DIRECTION,"'',(0.,0.,1.)"
23400,DIRECTION,"'',(0.,1.,0.)"
23401,DIRECTION,"'',(0.,0.,1.)"
23402,DIRECTION,"'',(0.,-1.,0.)"
23403,DIRECTION,"'',(0.,0.,1.)"
23404,DIRECTION,"'',(0.,1.,0.)"
23405,DIRECTION,"'',(0.,-1.,0.)"
23406,DIRECTION,"'',(0.,0.,1.)"
23407,DIRECTION,"'',(0.,-1.,0.)"
23408,DIRECTION,"'',(0.,-1.,0.)"
23409,DIRECTION,"'',(1.,0.,0.)"
23410,DIRECTION,"'',(0.,1.,0.)"
23411,DIRECTION,"'',(1.,0.,0.)"
23412,DIRECTION,"'',(0.,1.,0.)"
23413,DIRECTION,"'',(0.866025403784441,0.499999999999996,-7.16156312617182E-16)"
23414,DIRECTION,"'',(0.866025403784441,0.499999999999996,-7.16156312617182E-16)"
23415,DIRECTION,"'',(0.,1.,0.)"
23416,DIRECTION,"'',(8.72816843258771E-16,0.,1.)"
23417,DIRECTION,"'',(0.,-1.,0.)"
23418,DIRECTION,"'',(0.,1.,0.)"
23419,DIRECTION,"'',(-2.30755522366028E-15,0.499999999999996,0.866025403784441)"
23420,DIRECTION,"'',(-2.30755522366028E-15,0.499999999999996,0.866025403784441)"
23421,DIRECTION,"'',(0.,1.,0.)"
23422,DIRECTION,"'',(-1.,0.,-2.56495533409008E-15)"
23423,DIRECTION,"'',(2.22044604925031E-15,-0.499999999999995,-0.866025403784441)"
23424,DIRECTION,"'',(0.,-1.,0.)"
23425,DIRECTION,"'',(0.,0.,1.)"
23426,DIRECTION,"'',(0.,1.,0.)"
23427,DIRECTION,"'',(0.,0.,1.)"
23428,DIRECTION,"'',(0.,1.,0.)"
23429,DIRECTION,"'',(0.,-3.19023807225828E-17,1.)"
23430,DIRECTION,"'',(0.,-1.,0.)"
23431,DIRECTION,"'',(0.,0.,1.)"
23432,DIRECTION,"'',(0.,1.,0.)"
23433,DIRECTION,"'',(0.,0.,1.)"
23434,DIRECTION,"'',(0.,1.,0.)"
23435,DIRECTION,"'',(0.,0.,1.)"
23436,DIRECTION,"'',(0.,-1.,0.)"
23437,DIRECTION,"'',(0.,0.,-1.)"
23438,DIRECTION,"'',(0.,1.,0.)"
23439,DIRECTION,"'',(0.,0.,1.)"
23440,DIRECTION,"'',(0.,-1.,0.)"
23441,DIRECTION,"'',(0.,1.,0.)"
23442,DIRECTION,"'',(0.,0.,1.)"
23443,DIRECTION,"'',(0.,1.,0.)"
23444,DIRECTION,"'',(0.,1.,0.)"
23445,DIRECTION,"'',(-1.,0.,0.)"
23446,DIRECTION,"'',(0.,-1.,0.)"
23447,DIRECTION,"'',(-1.,0.,0.)"
23448,DIRECTION,"'',(0.,-1.,0.)"
23449,DIRECTION,"'',(-0.866025403784441,-0.499999999999996,-7.16156312617182E-16)"
23450,DIRECTION,"'',(-0.866025403784441,-0.499999999999996,-7.16156312617182E-16)"
23451,DIRECTION,"'',(0.,-1.,0.)"
23452,DIRECTION,"'',(-8.72816843258771E-16,0.,1.)"
23453,DIRECTION,"'',(0.,1.,0.)"
23454,DIRECTION,"'',(0.,-1.,0.)"
23455,DIRECTION,"'',(2.30755522366028E-15,-0.499999999999996,0.866025403784441)"
23456,DIRECTION,"'',(2.30755522366028E-15,-0.499999999999996,0.866025403784441)"
23457,DIRECTION,"'',(0.,-1.,0.)"
23458,DIRECTION,"'',(1.,0.,-2.56495533409008E-15)"
23459,DIRECTION,"'',(-2.22044604925031E-15,0.499999999999995,-0.866025403784441)"
23460,DIRECTION,"'',(0.,1.,0.)"
23461,DIRECTION,"'',(0.,0.,1.)"
23462,DIRECTION,"'',(0.,-1.,0.)"
23463,DIRECTION,"'',(0.,0.,1.)"
23464,DIRECTION,"'',(0.,-1.,0.)"
23465,DIRECTION,"'',(0.,3.19023807225828E-17,1.)"
23466,DIRECTION,"'',(0.,1.,0.)"
23467,DIRECTION,"'',(0.,0.,1.)"
23468,DIRECTION,"'',(0.,-1.,0.)"
23469,DIRECTION,"'',(0.,0.,1.)"
23470,DIRECTION,"'',(0.,-1.,0.)"
23471,DIRECTION,"'',(0.,0.,1.)"
23472,DIRECTION,"'',(0.,-1.,0.)"
23473,DIRECTION,"'',(0.,0.,-1.)"
23474,DIRECTION,"'',(0.,1.,0.)"
23475,DIRECTION,"'',(0.,0.,1.)"
23476,DIRECTION,"'',(0.,-1.,0.)"
23477,DIRECTION,"'',(0.,1.,0.)"
23478,DIRECTION,"'',(0.,0.,1.)"
23479,DIRECTION,"'',(0.,1.,0.)"
23480,DIRECTION,"'',(0.,1.,0.)"
23481,DIRECTION,"'',(-1.,0.,0.)"
23482,DIRECTION,"'',(0.,-1.,0.)"
23483,DIRECTION,"'',(-1.,0.,0.)"
23484,DIRECTION,"'',(0.,-1.,0.)"
23485,DIRECTION,"'',(-0.866025403784441,-0.499999999999996,-7.16156312617182E-16)"
23486,DIRECTION,"'',(-0.866025403784441,-0.499999999999996,-7.16156312617182E-16)"
23487,DIRECTION,"'',(0.,-1.,0.)"
23488,DIRECTION,"'',(-8.72816843258771E-16,0.,1.)"
23489,DIRECTION,"'',(0.,1.,0.)"
23490,DIRECTION,"'',(0.,-1.,0.)"
23491,DIRECTION,"'',(2.30755522366028E-15,-0.499999999999996,0.866025403784441)"
23492,DIRECTION,"'',(2.30755522366028E-15,-0.499999999999996,0.866025403784441)"
23493,DIRECTION,"'',(0.,-1.,0.)"
23494,DIRECTION,"'',(1.,0.,-2.56495533409008E-15)"
23495,DIRECTION,"'',(-2.22044604925031E-15,0.499999999999995,-0.866025403784441)"
23496,DIRECTION,"'',(0.,1.,0.)"
23497,DIRECTION,"'',(0.,0.,1.)"
23498,DIRECTION,"'',(0.,-1.,0.)"
23499,DIRECTION,"'',(0.,0.,1.)"
23500,DIRECTION,"'',(0.,-1.,0.)"
23501,DIRECTION,"'',(0.,3.19023807225828E-17,1.)"
23502,DIRECTION,"'',(0.,1.,0.)"
23503,DIRECTION,"'',(0.,0.,1.)"
23504,DIRECTION,"'',(0.,-1.,0.)"
23505,DIRECTION,"'',(0.,0.,1.)"
23506,DIRECTION,"'',(0.,-1.,0.)"
23507,DIRECTION,"'',(0.,0.,1.)"
23508,DIRECTION,"'',(0.,1.,0.)"
23509,DIRECTION,"'',(0.,0.,1.)"
23510,DIRECTION,"'',(0.,-1.,0.)"
23511,DIRECTION,"'',(0.,0.,1.)"
23512,DIRECTION,"'',(0.,1.,0.)"
23513,DIRECTION,"'',(0.,-1.,0.)"
23514,DIRECTION,"'',(0.,0.,1.)"
23515,DIRECTION,"'',(0.,-1.,0.)"
23516,DIRECTION,"'',(0.,-1.,0.)"
23517,DIRECTION,"'',(1.,0.,0.)"
23518,DIRECTION,"'',(0.,1.,0.)"
23519,DIRECTION,"'',(1.,3.33543540815835E-17,0.)"
23520,DIRECTION,"'',(0.,1.,0.)"
23521,DIRECTION,"'',(0.866025403784438,0.500000000000001,-1.10074884989389E-15)"
23522,DIRECTION,"'',(0.866025403784438,0.500000000000001,-1.10074884989389E-15)"
23523,DIRECTION,"'',(0.,1.,0.)"
23524,DIRECTION,"'',(1.16132115546564E-15,0.,1.)"
23525,DIRECTION,"'',(0.,-1.,0.)"
23526,DIRECTION,"'',(0.,1.,0.)"
23527,DIRECTION,"'',(-2.30755522366027E-15,0.500000000000001,0.866025403784438)"
23528,DIRECTION,"'',(-2.30755522366027E-15,0.500000000000001,0.866025403784438)"
23529,DIRECTION,"'',(0.,1.,0.)"
23530,DIRECTION,"'',(-1.,0.,-2.56495533409008E-15)"
23531,DIRECTION,"'',(2.22131647889441E-15,-0.500000000000001,-0.866025403784438)"
23532,DIRECTION,"'',(0.,-1.,0.)"
23533,DIRECTION,"'',(0.,0.,1.)"
23534,DIRECTION,"'',(0.,1.,0.)"
23535,DIRECTION,"'',(0.,0.,1.)"
23536,DIRECTION,"'',(0.,1.,0.)"
23537,DIRECTION,"'',(0.,4.77438171768532E-17,1.)"
23538,DIRECTION,"'',(0.,-1.,0.)"
23539,DIRECTION,"'',(0.,0.,1.)"
23540,DIRECTION,"'',(0.,1.,0.)"
23541,DIRECTION,"'',(0.,0.,1.)"
23542,DIRECTION,"'',(0.,1.,0.)"
23543,DIRECTION,"'',(0.,-4.77451859933766E-17,1.)"
23544,DIRECTION,"'',(-1.96774716311239E-21,1.,9.9579925010296E-17)"
23545,DIRECTION,"'',(0.,0.,1.)"
23546,DIRECTION,"'',(-1.96774716311239E-21,1.,9.9579925010296E-17)"
23547,DIRECTION,"'',(0.,0.,-1.)"
23548,DIRECTION,"'',(5.7084839912775E-21,1.,9.9579925010296E-17)"
23549,DIRECTION,"'',(0.,0.,1.)"
23550,DIRECTION,"'',(5.7084839912775E-21,1.,9.9579925010296E-17)"
23551,DIRECTION,"'',(0.,0.,-1.)"
23552,DIRECTION,"'',(-2.4699053936989E-21,1.,9.9579925010296E-17)"
23553,DIRECTION,"'',(0.,0.,1.)"
23554,DIRECTION,"'',(-2.4699053936989E-21,1.,9.9579925010296E-17)"
23555,DIRECTION,"'',(-2.4699053936989E-21,1.,9.9579925010296E-17)"
23556,DIRECTION,"'',(0.,0.,-1.)"
23557,DIRECTION,"'',(0.,1.,0.)"
23558,DIRECTION,"'',(0.,0.,1.)"
23559,DIRECTION,"'',(4.83656365739964E-22,1.,9.9579925010296E-17)"
23560,DIRECTION,"'',(2.4699053936989E-21,-1.,-9.9579925010296E-17)"
23561,DIRECTION,"'',(0.,0.,1.)"
23562,DIRECTION,"'',(4.83656365739964E-22,1.,9.9579925010296E-17)"
23563,DIRECTION,"'',(0.,0.,1.)"
23564,DIRECTION,"'',(4.83656365739964E-22,1.,9.9579925010296E-17)"
23565,DIRECTION,"'',(0.,0.,-1.)"
23566,DIRECTION,"'',(1.53582914191447E-22,1.,9.9579925010296E-17)"
23567,DIRECTION,"'',(0.,0.,1.)"
23568,DIRECTION,"'',(1.53582914191447E-22,1.,9.9579925010296E-17)"
23569,DIRECTION,"'',(0.,0.,-1.)"
23570,DIRECTION,"'',(-3.25887452642772E-22,1.,9.9579925010296E-17)"
23571,DIRECTION,"'',(0.,0.,1.)"
23572,DIRECTION,"'',(-3.25887452642772E-22,1.,9.9579925010296E-17)"
23573,DIRECTION,"'',(0.,0.,-1.)"
23574,DIRECTION,"'',(-2.16577473532567E-21,1.,9.9579925010296E-17)"
23575,DIRECTION,"'',(0.,0.,0.999999999999999)"
23576,DIRECTION,"'',(-2.16577473532567E-21,1.,9.9579925010296E-17)"
23577,DIRECTION,"'',(-2.16577473532567E-21,1.,9.9579925010296E-17)"
23578,DIRECTION,"'',(0.,0.,-0.999999999999999)"
23579,DIRECTION,"'',(6.98391752224263E-21,1.,9.9579925010296E-17)"
23580,DIRECTION,"'',(0.,0.,1.)"
23581,DIRECTION,"'',(-8.19277842933902E-21,1.,9.9579925010296E-17)"
23582,DIRECTION,"'',(6.98391752224263E-21,1.,9.9579925010296E-17)"
23583,DIRECTION,"'',(0.,0.,-1.)"
23584,DIRECTION,"'',(-8.19277842933902E-21,1.,9.9579925010296E-17)"
23585,DIRECTION,"'',(0.,0.,0.999999999999999)"
23586,DIRECTION,"'',(-8.19277842933902E-21,1.,9.9579925010296E-17)"
23587,DIRECTION,"'',(0.,0.,-0.999999999999999)"
23588,DIRECTION,"'',(0.,-1.,0.)"
23589,DIRECTION,"'',(-2.71820943259595E-22,1.,9.9579925010296E-17)"
23590,DIRECTION,"'',(0.,0.,1.)"
23591,DIRECTION,"'',(-2.71820943259595E-22,1.,9.9579925010296E-17)"
23592,DIRECTION,"'',(0.,0.,-1.)"
23593,DIRECTION,"'',(6.06258810731794E-21,-1.,-9.9579925010296E-17)"
23594,DIRECTION,"'',(0.,0.,1.)"
23595,DIRECTION,"'',(-2.10045215820764E-20,-1.,-9.9579925010296E-17)"
23596,DIRECTION,"'',(0.,0.,0.999999999999998)"
23597,DIRECTION,"'',(2.22821801401133E-20,-1.,-9.9579925010296E-17)"
23598,DIRECTION,"'',(0.,0.,0.999999999999999)"
23599,DIRECTION,"'',(-2.12936217391387E-20,-1.,-9.9579925010296E-17)"
23600,DIRECTION,"'',(0.,0.,0.999999999999999)"
23601,DIRECTION,"'',(0.,1.,0.)"
23602,DIRECTION,"'',(0.,0.,1.)"
23603,DIRECTION,"'',(-2.12936217391387E-20,-1.,-9.9579925010296E-17)"
23604,DIRECTION,"'',(0.,0.,0.999999999999999)"
23605,DIRECTION,"'',(-2.12936217391387E-20,-1.,-9.9579925010296E-17)"
23606,DIRECTION,"'',(2.12936217391387E-20,1.,9.9579925010296E-17)"
23607,DIRECTION,"'',(0.,0.,-0.999999999999999)"
23608,DIRECTION,"'',(2.22821801401133E-20,-1.,-9.9579925010296E-17)"
23609,DIRECTION,"'',(0.,0.,0.999999999999999)"
23610,DIRECTION,"'',(-2.22821801401133E-20,1.,9.9579925010296E-17)"
23611,DIRECTION,"'',(0.,0.,-0.999999999999999)"
23612,DIRECTION,"'',(0.,-1.,0.)"
23613,DIRECTION,"'',(0.,-1.,0.)"
23614,DIRECTION,"'',(0.,-1.,0.)"
23615,DIRECTION,"'',(-2.10045215820764E-20,-1.,-9.9579925010296E-17)"
23616,DIRECTION,"'',(0.,0.,0.999999999999998)"
23617,DIRECTION,"'',(2.10045215820764E-20,1.,9.9579925010296E-17)"
23618,DIRECTION,"'',(0.,0.,-0.999999999999998)"
23619,DIRECTION,"'',(6.06258810731794E-21,-1.,-9.9579925010296E-17)"
23620,DIRECTION,"'',(0.,0.,1.)"
23621,DIRECTION,"'',(-6.06258810731794E-21,1.,9.9579925010296E-17)"
23622,DIRECTION,"'',(0.,0.,-1.)"
23623,DIRECTION,"'',(0.,-1.,0.)"
23624,DIRECTION,"'',(0.,-1.,0.)"
23625,DIRECTION,"'',(0.,-1.,0.)"
23626,DIRECTION,"'',(0.,1.,0.)"
23627,DIRECTION,"'',(0.,0.,1.)"
23628,DIRECTION,"'',(-1.98094421310934E-21,1.,9.9579925010296E-17)"
23629,DIRECTION,"'',(0.,0.,1.)"
23630,DIRECTION,"'',(-1.98094421310934E-21,1.,9.9579925010296E-17)"
23631,DIRECTION,"'',(0.,0.,-1.)"
23632,DIRECTION,"'',(5.69941931644859E-21,1.,9.9579925010296E-17)"
23633,DIRECTION,"'',(0.,0.,0.999999999999999)"
23634,DIRECTION,"'',(5.69941931644859E-21,1.,9.9579925010296E-17)"
23635,DIRECTION,"'',(0.,0.,-0.999999999999999)"
23636,DIRECTION,"'',(-2.47155146393958E-21,1.,9.9579925010296E-17)"
23637,DIRECTION,"'',(0.,0.,0.999999999999999)"
23638,DIRECTION,"'',(-2.47155146393958E-21,1.,9.9579925010296E-17)"
23639,DIRECTION,"'',(-2.47155146393958E-21,1.,9.9579925010296E-17)"
23640,DIRECTION,"'',(0.,0.,-0.999999999999999)"
23641,DIRECTION,"'',(0.,1.,0.)"
23642,DIRECTION,"'',(0.,0.,1.)"
23643,DIRECTION,"'',(5.16799418016297E-22,1.,9.9579925010296E-17)"
23644,DIRECTION,"'',(2.47155146393958E-21,-1.,-9.9579925010296E-17)"
23645,DIRECTION,"'',(0.,0.,1.)"
23646,DIRECTION,"'',(5.16799418016297E-22,1.,9.9579925010296E-17)"
23647,DIRECTION,"'',(0.,0.,0.999999999999999)"
23648,DIRECTION,"'',(5.16799418016297E-22,1.,9.9579925010296E-17)"
23649,DIRECTION,"'',(0.,0.,-0.999999999999999)"
23650,DIRECTION,"'',(1.75421155237922E-22,1.,9.9579925010296E-17)"
23651,DIRECTION,"'',(0.,0.,1.)"
23652,DIRECTION,"'',(1.75421155237922E-22,1.,9.9579925010296E-17)"
23653,DIRECTION,"'',(0.,0.,-1.)"
23654,DIRECTION,"'',(-3.13651298323023E-22,1.,9.9579925010296E-17)"
23655,DIRECTION,"'',(0.,0.,1.)"
23656,DIRECTION,"'',(-3.13651298323023E-22,1.,9.9579925010296E-17)"
23657,DIRECTION,"'',(0.,0.,-1.)"
23658,DIRECTION,"'',(-2.17089343542067E-21,1.,9.9579925010296E-17)"
23659,DIRECTION,"'',(0.,0.,0.999999999999999)"
23660,DIRECTION,"'',(-2.17089343542067E-21,1.,9.9579925010296E-17)"
23661,DIRECTION,"'',(-2.17089343542067E-21,1.,9.9579925010296E-17)"
23662,DIRECTION,"'',(0.,0.,-0.999999999999999)"
23663,DIRECTION,"'',(6.99077991513103E-21,1.,9.9579925010296E-17)"
23664,DIRECTION,"'',(0.,0.,1.)"
23665,DIRECTION,"'',(-8.19657184667186E-21,1.,9.9579925010296E-17)"
23666,DIRECTION,"'',(6.99077991513103E-21,1.,9.9579925010296E-17)"
23667,DIRECTION,"'',(0.,0.,-1.)"
23668,DIRECTION,"'',(-8.19657184667186E-21,1.,9.9579925010296E-17)"
23669,DIRECTION,"'',(0.,0.,1.)"
23670,DIRECTION,"'',(-8.19657184667186E-21,1.,9.9579925010296E-17)"
23671,DIRECTION,"'',(0.,0.,-1.)"
23672,DIRECTION,"'',(0.,-1.,0.)"
23673,DIRECTION,"'',(-2.7404822106222E-22,1.,9.9579925010296E-17)"
23674,DIRECTION,"'',(0.,0.,1.)"
23675,DIRECTION,"'',(-2.7404822106222E-22,1.,9.9579925010296E-17)"
23676,DIRECTION,"'',(0.,0.,-1.)"
23677,DIRECTION,"'',(6.06386623993579E-21,-1.,-9.9579925010296E-17)"
23678,DIRECTION,"'',(0.,0.,1.)"
23679,DIRECTION,"'',(-2.10032065018922E-20,-1.,-9.9579925010296E-17)"
23680,DIRECTION,"'',(0.,0.,0.999999999999999)"
23681,DIRECTION,"'',(2.22850196756453E-20,-1.,-9.9579925010296E-17)"
23682,DIRECTION,"'',(0.,0.,1.)"
23683,DIRECTION,"'',(-2.12935433717536E-20,-1.,-9.9579925010296E-17)"
23684,DIRECTION,"'',(0.,0.,1.)"
23685,DIRECTION,"'',(0.,1.,0.)"
23686,DIRECTION,"'',(0.,0.,1.)"
23687,DIRECTION,"'',(-2.12935433717536E-20,-1.,-9.9579925010296E-17)"
23688,DIRECTION,"'',(0.,0.,1.)"
23689,DIRECTION,"'',(-2.12935433717536E-20,-1.,-9.9579925010296E-17)"
23690,DIRECTION,"'',(2.12935433717536E-20,1.,9.9579925010296E-17)"
23691,DIRECTION,"'',(0.,0.,-1.)"
23692,DIRECTION,"'',(2.22850196756453E-20,-1.,-9.9579925010296E-17)"
23693,DIRECTION,"'',(0.,0.,1.)"
23694,DIRECTION,"'',(-2.22850196756453E-20,1.,9.9579925010296E-17)"
23695,DIRECTION,"'',(0.,0.,-1.)"
23696,DIRECTION,"'',(0.,-1.,0.)"
23697,DIRECTION,"'',(0.,-1.,0.)"
23698,DIRECTION,"'',(0.,-1.,0.)"
23699,DIRECTION,"'',(-2.10032065018922E-20,-1.,-9.9579925010296E-17)"
23700,DIRECTION,"'',(0.,0.,0.999999999999999)"
23701,DIRECTION,"'',(2.10032065018922E-20,1.,9.9579925010296E-17)"
23702,DIRECTION,"'',(0.,0.,-0.999999999999999)"
23703,DIRECTION,"'',(6.06386623993579E-21,-1.,-9.9579925010296E-17)"
23704,DIRECTION,"'',(0.,0.,1.)"
23705,DIRECTION,"'',(-6.06386623993579E-21,1.,9.9579925010296E-17)"
23706,DIRECTION,"'',(0.,0.,-1.)"
23707,DIRECTION,"'',(0.,-1.,0.)"
23708,DIRECTION,"'',(0.,-1.,0.)"
23709,DIRECTION,"'',(0.,-1.,0.)"
23710,DIRECTION,"'',(0.,1.,0.)"
23711,DIRECTION,"'',(0.,0.,1.)"
23712,DIRECTION,"'',(6.12703134878315E-21,1.,9.9579925010296E-17)"
23713,DIRECTION,"'',(-6.12703134878315E-21,-1.,-9.9579925010296E-17)"
23714,DIRECTION,"'',(0.,0.,0.999999999999999)"
23715,DIRECTION,"'',(6.12703134878315E-21,1.,9.9579925010296E-17)"
23716,DIRECTION,"'',(0.,0.,-0.999999999999999)"
23717,DIRECTION,"'',(3.88224509668837E-21,-1.,-9.9579925010296E-17)"
23718,DIRECTION,"'',(0.,0.,0.999999999999999)"
23719,DIRECTION,"'',(-3.88224509668837E-21,1.,9.9579925010296E-17)"
23720,DIRECTION,"'',(-3.88224509668837E-21,1.,9.9579925010296E-17)"
23721,DIRECTION,"'',(0.,0.,-0.999999999999999)"
23722,DIRECTION,"'',(-3.44061131509631E-21,-1.,-9.9579925010296E-17)"
23723,DIRECTION,"'',(0.,0.,1.)"
23724,DIRECTION,"'',(3.44061131509631E-21,1.,9.9579925010296E-17)"
23725,DIRECTION,"'',(3.44061131509631E-21,1.,9.9579925010296E-17)"
23726,DIRECTION,"'',(0.,0.,-1.)"
23727,DIRECTION,"'',(4.00844735210108E-22,-1.,-9.9579925010296E-17)"
23728,DIRECTION,"'',(0.,0.,1.)"
23729,DIRECTION,"'',(-4.00844735210108E-22,1.,9.9579925010296E-17)"
23730,DIRECTION,"'',(-4.00844735210108E-22,1.,9.9579925010296E-17)"
23731,DIRECTION,"'',(0.,0.,-1.)"
23732,DIRECTION,"'',(-5.17307264095574E-22,-1.,-9.9579925010296E-17)"
23733,DIRECTION,"'',(0.,0.,1.)"
23734,DIRECTION,"'',(-4.88221331993067E-21,1.,9.9579925010296E-17)"
23735,DIRECTION,"'',(5.17307264095574E-22,1.,9.9579925010296E-17)"
23736,DIRECTION,"'',(0.,0.,-1.)"
23737,DIRECTION,"'',(4.88221331993067E-21,-1.,-9.9579925010296E-17)"
23738,DIRECTION,"'',(0.,0.,1.)"
23739,DIRECTION,"'',(-4.88221331993067E-21,1.,9.9579925010296E-17)"
23740,DIRECTION,"'',(0.,0.,-1.)"
23741,DIRECTION,"'',(9.21139560891162E-22,-1.,-9.9579925010296E-17)"
23742,DIRECTION,"'',(0.,0.,0.999999999999999)"
23743,DIRECTION,"'',(-9.21139560891162E-22,1.,9.9579925010296E-17)"
23744,DIRECTION,"'',(-9.21139560891162E-22,1.,9.9579925010296E-17)"
23745,DIRECTION,"'',(0.,0.,-0.999999999999999)"
23746,DIRECTION,"'',(0.125220162395407,0.,-0.992128978978877)"
23747,DIRECTION,"'',(-6.68692703302682E-23,1.,9.9579925010296E-17)"
23748,DIRECTION,"'',(0.992128978978876,0.,0.125220162395407)"
23749,DIRECTION,"'',(0.125220162395407,0.,-0.992128978978877)"
23750,DIRECTION,"'',(6.68692703302682E-23,-1.,-9.9579925010296E-17)"
23751,DIRECTION,"'',(0.,0.,1.)"
23752,DIRECTION,"'',(-6.68692703302682E-23,1.,9.9579925010296E-17)"
23753,DIRECTION,"'',(0.,0.,-1.)"
23754,DIRECTION,"'',(-8.90811932442778E-22,-1.,-9.9579925010296E-17)"
23755,DIRECTION,"'',(0.,0.,1.)"
23756,DIRECTION,"'',(8.90811932442778E-22,1.,9.9579925010296E-17)"
23757,DIRECTION,"'',(0.,0.,-1.)"
23758,DIRECTION,"'',(3.51877949833336E-21,-1.,-9.9579925010296E-17)"
23759,DIRECTION,"'',(0.,0.,0.999999999999998)"
23760,DIRECTION,"'',(-3.51877949833336E-21,1.,9.9579925010296E-17)"
23761,DIRECTION,"'',(0.,0.,-0.999999999999998)"
23762,DIRECTION,"'',(-3.91839297443566E-22,-1.,-9.9579925010296E-17)"
23763,DIRECTION,"'',(0.,0.,1.)"
23764,DIRECTION,"'',(3.91839297443566E-22,1.,9.9579925010296E-17)"
23765,DIRECTION,"'',(0.,0.,-1.)"
23766,DIRECTION,"'',(8.23321705498466E-21,-1.,-9.9579925010296E-17)"
23767,DIRECTION,"'',(0.,0.,0.999999999999999)"
23768,DIRECTION,"'',(-8.23321705498466E-21,1.,9.9579925010296E-17)"
23769,DIRECTION,"'',(0.,0.,-0.999999999999999)"
23770,DIRECTION,"'',(-4.60747587040408E-21,-1.,-9.9579925010296E-17)"
23771,DIRECTION,"'',(0.,0.,0.999999999999999)"
23772,DIRECTION,"'',(4.60747587040408E-21,1.,9.9579925010296E-17)"
23773,DIRECTION,"'',(0.,0.,-0.999999999999999)"
23774,DIRECTION,"'',(4.28732753096453E-21,-1.,-9.9579925010296E-17)"
23775,DIRECTION,"'',(0.,0.,1.)"
23776,DIRECTION,"'',(-4.28732753096453E-21,1.,9.9579925010296E-17)"
23777,DIRECTION,"'',(-4.28732753096453E-21,1.,9.9579925010296E-17)"
23778,DIRECTION,"'',(0.,0.,-1.)"
23779,DIRECTION,"'',(-0.984271206993884,0.,-0.176664062793777)"
23780,DIRECTION,"'',(-2.21215915786992E-21,1.,9.9579925010296E-17)"
23781,DIRECTION,"'',(0.176664062793777,0.,-0.984271206993884)"
23782,DIRECTION,"'',(-0.984271206993883,0.,-0.176664062793777)"
23783,DIRECTION,"'',(-2.21215915786992E-21,1.,9.9579925010296E-17)"
23784,DIRECTION,"'',(0.,0.,1.)"
23785,DIRECTION,"'',(-2.21215915786992E-21,1.,9.9579925010296E-17)"
23786,DIRECTION,"'',(0.,0.,-1.)"
23787,DIRECTION,"'',(4.74423341393197E-21,1.,9.9579925010296E-17)"
23788,DIRECTION,"'',(0.,0.,0.999999999999999)"
23789,DIRECTION,"'',(4.74423341393197E-21,1.,9.9579925010296E-17)"
23790,DIRECTION,"'',(0.,0.,-0.999999999999999)"
23791,DIRECTION,"'',(-1.04743512031487E-21,1.,9.9579925010296E-17)"
23792,DIRECTION,"'',(0.,0.,1.)"
23793,DIRECTION,"'',(-1.04743512031487E-21,1.,9.9579925010296E-17)"
23794,DIRECTION,"'',(0.,0.,-1.)"
23795,DIRECTION,"'',(-1.14559662363541E-21,1.,9.9579925010296E-17)"
23796,DIRECTION,"'',(0.,0.,1.)"
23797,DIRECTION,"'',(-1.14559662363541E-21,1.,9.9579925010296E-17)"
23798,DIRECTION,"'',(0.,0.,-1.)"
23799,DIRECTION,"'',(0.,1.,0.)"
23800,DIRECTION,"'',(0.,0.,-0.999999999999999)"
23801,DIRECTION,"'',(-1.75941802122632E-23,1.,9.9579925010296E-17)"
23802,DIRECTION,"'',(-1.75941802122632E-23,1.,9.9579925010296E-17)"
23803,DIRECTION,"'',(0.,0.,-0.999999999999999)"
23804,DIRECTION,"'',(0.,1.,0.)"
23805,DIRECTION,"'',(0.,0.,-1.)"
23806,DIRECTION,"'',(1.87647691824815E-21,1.,9.9579925010296E-17)"
23807,DIRECTION,"'',(1.75941802122632E-23,-1.,-9.9579925010296E-17)"
23808,DIRECTION,"'',(0.,0.,1.)"
23809,DIRECTION,"'',(1.87647691824815E-21,1.,9.9579925010296E-17)"
23810,DIRECTION,"'',(0.,0.,1.)"
23811,DIRECTION,"'',(1.87647691824815E-21,1.,9.9579925010296E-17)"
23812,DIRECTION,"'',(0.,0.,-1.)"
23813,DIRECTION,"'',(-4.02455331914722E-21,1.,9.9579925010296E-17)"
23814,DIRECTION,"'',(0.,0.,0.999999999999999)"
23815,DIRECTION,"'',(-4.02455331914722E-21,1.,9.9579925010296E-17)"
23816,DIRECTION,"'',(0.,0.,-0.999999999999999)"
23817,DIRECTION,"'',(7.78375369529039E-22,1.,9.9579925010296E-17)"
23818,DIRECTION,"'',(0.,0.,0.999999999999999)"
23819,DIRECTION,"'',(7.78375369529039E-22,1.,9.9579925010296E-17)"
23820,DIRECTION,"'',(0.,0.,-0.999999999999999)"
23821,DIRECTION,"'',(1.67087552151641E-22,1.,9.9579925010296E-17)"
23822,DIRECTION,"'',(0.,0.,1.)"
23823,DIRECTION,"'',(1.67087552151641E-22,1.,9.9579925010296E-17)"
23824,DIRECTION,"'',(0.,0.,-1.)"
23825,DIRECTION,"'',(5.66624356540055E-21,1.,9.9579925010296E-17)"
23826,DIRECTION,"'',(0.,0.,1.)"
23827,DIRECTION,"'',(-6.41687497574814E-21,1.,9.9579925010296E-17)"
23828,DIRECTION,"'',(5.66624356540055E-21,1.,9.9579925010296E-17)"
23829,DIRECTION,"'',(0.,0.,-1.)"
23830,DIRECTION,"'',(-6.41687497574814E-21,1.,9.9579925010296E-17)"
23831,DIRECTION,"'',(0.,0.,1.)"
23832,DIRECTION,"'',(-6.41687497574814E-21,1.,9.9579925010296E-17)"
23833,DIRECTION,"'',(0.,0.,-1.)"
23834,DIRECTION,"'',(9.73040631017071E-22,1.,9.9579925010296E-17)"
23835,DIRECTION,"'',(0.,0.,0.999999999999999)"
23836,DIRECTION,"'',(9.73040631017071E-22,1.,9.9579925010296E-17)"
23837,DIRECTION,"'',(9.73040631017071E-22,1.,9.9579925010296E-17)"
23838,DIRECTION,"'',(0.,0.,-0.999999999999999)"
23839,DIRECTION,"'',(0.990778565397318,0.,-0.135491085866309)"
23840,DIRECTION,"'',(0.135491085866309,0.,0.990778565397318)"
23841,DIRECTION,"'',(0.990778565397318,0.,-0.135491085866309)"
23842,DIRECTION,"'',(0.,-1.,0.)"
23843,DIRECTION,"'',(0.,0.,-1.)"
23844,DIRECTION,"'',(-1.,0.,0.)"
23845,DIRECTION,"'',(0.,0.,0.999999999999999)"
23846,DIRECTION,"'',(0.,0.,-1.)"
23847,DIRECTION,"'',(1.,0.,0.)"
23848,DIRECTION,"'',(-0.707106781186547,0.,0.707106781186547)"
23849,DIRECTION,"'',(-0.707106781186547,0.,-0.707106781186547)"
23850,DIRECTION,"'',(-0.707106781186547,0.,-0.707106781186547)"
23851,DIRECTION,"'',(-0.707106781186547,0.,0.707106781186547)"
23852,DIRECTION,"'',(-1.,0.,0.)"
23853,DIRECTION,"'',(0.,0.,0.999999999999999)"
23854,DIRECTION,"'',(0.,0.,-1.)"
23855,DIRECTION,"'',(-1.,0.,0.)"
23856,DIRECTION,"'',(0.,0.,1.)"
23857,DIRECTION,"'',(1.,0.,0.)"
23858,DIRECTION,"'',(0.,0.,1.)"
23859,DIRECTION,"'',(-1.,0.,0.)"
23860,DIRECTION,"'',(0.,0.,-1.)"
23861,DIRECTION,"'',(1.,0.,0.)"
23862,DIRECTION,"'',(0.,1.,0.)"
23863,DIRECTION,"'',(0.,0.,1.)"
23864,DIRECTION,"'',(0.,1.,0.)"
23865,DIRECTION,"'',(0.,0.,1.)"
23866,DIRECTION,"'',(0.,1.,0.)"
23867,DIRECTION,"'',(0.,0.,1.)"
23868,DIRECTION,"'',(0.,0.,-1.)"
23869,DIRECTION,"'',(0.,-1.,0.)"
23870,DIRECTION,"'',(0.,0.,-1.)"
23871,DIRECTION,"'',(0.,0.,-1.)"
23872,DIRECTION,"'',(0.,-1.,0.)"
23873,DIRECTION,"'',(0.,-1.,0.)"
23874,DIRECTION,"'',(-1.,0.,-2.30719664302818E-15)"
23875,DIRECTION,"'',(0.,1.,0.)"
23876,DIRECTION,"'',(-1.,0.,0.)"
23877,DIRECTION,"'',(0.,-1.,0.)"
23878,DIRECTION,"'',(0.,-1.,0.)"
23879,DIRECTION,"'',(-1.,0.,0.)"
23880,DIRECTION,"'',(-1.,0.,0.)"
23881,DIRECTION,"'',(1.39349996950756E-15,0.,1.)"
23882,DIRECTION,"'',(1.,0.,-1.39471767468535E-15)"
23883,DIRECTION,"'',(0.,1.,0.)"
23884,DIRECTION,"'',(0.,0.,1.)"
23885,DIRECTION,"'',(0.,-1.,0.)"
23886,DIRECTION,"'',(0.,0.,-1.)"
23887,DIRECTION,"'',(0.,1.,0.)"
23888,DIRECTION,"'',(0.,0.,1.)"
23889,DIRECTION,"'',(0.,-1.,0.)"
23890,DIRECTION,"'',(0.,0.,-0.999999999999999)"
23891,DIRECTION,"'',(0.,1.,0.)"
23892,DIRECTION,"'',(0.,0.,1.)"
23893,DIRECTION,"'',(0.,1.,0.)"
23894,DIRECTION,"'',(0.,0.,1.)"
23895,DIRECTION,"'',(0.,1.,0.)"
23896,DIRECTION,"'',(0.,0.,1.)"
23897,DIRECTION,"'',(1.,0.,0.)"
23898,DIRECTION,"'',(1.,0.,0.)"
23899,DIRECTION,"'',(0.,0.,1.)"
23900,DIRECTION,"'',(-1.,0.,0.)"
23901,DIRECTION,"'',(1.,0.,0.)"
23902,DIRECTION,"'',(0.,0.,1.)"
23903,DIRECTION,"'',(-1.,0.,0.)"
23904,DIRECTION,"'',(0.,0.,1.)"
23905,DIRECTION,"'',(1.,0.,0.)"
23906,DIRECTION,"'',(0.,0.,-1.)"
23907,DIRECTION,"'',(-1.,0.,0.)"
23908,DIRECTION,"'',(2.50157655611876E-17,0.,-1.)"
23909,DIRECTION,"'',(-1.,0.,0.)"
23910,DIRECTION,"'',(-0.499999999999996,-0.866025403784441,-1.59086285808736E-16)"
23911,DIRECTION,"'',(-0.499999999999996,-0.866025403784441,-1.59086285808736E-16)"
23912,DIRECTION,"'',(-1.,0.,0.)"
23913,DIRECTION,"'',(0.,-1.17145536458252E-15,-1.)"
23914,DIRECTION,"'',(0.499999999999995,0.866025403784441,-1.01307850997046E-15)"
23915,DIRECTION,"'',(-1.,0.,0.)"
23916,DIRECTION,"'',(-0.499999999999996,3.1827978220862E-15,-0.866025403784441)"
23917,DIRECTION,"'',(-0.499999999999996,3.1827978220862E-15,-0.866025403784441)"
23918,DIRECTION,"'',(-1.,0.,0.)"
23919,DIRECTION,"'',(0.,1.,3.49126737303508E-15)"
23920,DIRECTION,"'',(1.,0.,0.)"
23921,DIRECTION,"'',(1.,0.,0.)"
23922,DIRECTION,"'',(0.,0.,1.)"
23923,DIRECTION,"'',(-1.,0.,0.)"
23924,DIRECTION,"'',(0.,0.,1.)"
23925,DIRECTION,"'',(-1.,0.,0.)"
23926,DIRECTION,"'',(2.39274731005083E-17,0.,1.)"
23927,DIRECTION,"'',(1.,0.,0.)"
23928,DIRECTION,"'',(0.,0.,1.)"
23929,DIRECTION,"'',(-1.,0.,0.)"
23930,DIRECTION,"'',(0.,0.,1.)"
23931,DIRECTION,"'',(-1.,0.,0.)"
23932,DIRECTION,"'',(5.58291662645198E-17,0.,1.)"
23933,DIRECTION,"'',(1.,0.,0.)"
23934,DIRECTION,"'',(1.,0.,0.)"
23935,DIRECTION,"'',(0.,0.,1.)"
23936,DIRECTION,"'',(-1.,0.,0.)"
23937,DIRECTION,"'',(1.,0.,0.)"
23938,DIRECTION,"'',(0.,0.,1.)"
23939,DIRECTION,"'',(-1.,0.,0.)"
23940,DIRECTION,"'',(0.,0.,1.)"
23941,DIRECTION,"'',(1.,0.,0.)"
23942,DIRECTION,"'',(0.,0.,-1.)"
23943,DIRECTION,"'',(-1.,0.,0.)"
23944,DIRECTION,"'',(2.50157655611876E-17,0.,-1.)"
23945,DIRECTION,"'',(-1.,0.,0.)"
23946,DIRECTION,"'',(-0.499999999999996,-0.866025403784441,-1.59086285808736E-16)"
23947,DIRECTION,"'',(-0.499999999999996,-0.866025403784441,-1.59086285808736E-16)"
23948,DIRECTION,"'',(-1.,0.,0.)"
23949,DIRECTION,"'',(0.,-1.17145536458252E-15,-1.)"
23950,DIRECTION,"'',(0.499999999999995,0.866025403784441,-1.01307850997046E-15)"
23951,DIRECTION,"'',(-1.,0.,0.)"
23952,DIRECTION,"'',(-0.499999999999996,3.1827978220862E-15,-0.866025403784441)"
23953,DIRECTION,"'',(-0.499999999999996,3.1827978220862E-15,-0.866025403784441)"
23954,DIRECTION,"'',(-1.,0.,0.)"
23955,DIRECTION,"'',(0.,1.,3.49126737303508E-15)"
23956,DIRECTION,"'',(1.,0.,0.)"
23957,DIRECTION,"'',(1.,0.,0.)"
23958,DIRECTION,"'',(0.,0.,1.)"
23959,DIRECTION,"'',(-1.,0.,0.)"
23960,DIRECTION,"'',(0.,0.,1.)"
23961,DIRECTION,"'',(-1.,0.,0.)"
23962,DIRECTION,"'',(2.39274731005083E-17,0.,1.)"
23963,DIRECTION,"'',(1.,0.,0.)"
23964,DIRECTION,"'',(0.,0.,1.)"
23965,DIRECTION,"'',(-1.,0.,0.)"
23966,DIRECTION,"'',(0.,0.,1.)"
23967,DIRECTION,"'',(-1.,0.,0.)"
23968,DIRECTION,"'',(5.58291662645198E-17,0.,1.)"
23969,DIRECTION,"'',(0.,0.,1.)"
23970,DIRECTION,"'',(-0.999999999999999,0.,0.)"
23971,DIRECTION,"'',(0.,0.,-1.)"
23972,DIRECTION,"'',(-1.,0.,0.)"
23973,DIRECTION,"'',(0.,0.,-1.)"
23974,DIRECTION,"'',(-0.999999999999999,0.,0.)"
23975,DIRECTION,"'',(0.,0.,1.)"
23976,DIRECTION,"'',(-0.999999999999999,0.,0.)"
23977,DIRECTION,"'',(0.,0.,-1.)"
23978,DIRECTION,"'',(-1.,0.,0.)"
23979,DIRECTION,"'',(0.,0.,-1.)"
23980,DIRECTION,"'',(-0.999999999999999,0.,0.)"
23981,DIRECTION,"'',(0.,0.,1.)"
23982,DIRECTION,"'',(-1.,0.,0.)"
23983,DIRECTION,"'',(0.,0.,-1.)"
23984,DIRECTION,"'',(-1.,0.,0.)"
23985,DIRECTION,"'',(0.,0.,-1.)"
23986,DIRECTION,"'',(-1.,0.,0.)"
23987,DIRECTION,"'',(0.,0.,1.)"
23988,DIRECTION,"'',(-1.,0.,0.)"
23989,DIRECTION,"'',(0.,0.,-1.)"
23990,DIRECTION,"'',(-1.,0.,0.)"
23991,DIRECTION,"'',(0.,0.,-1.)"
23992,DIRECTION,"'',(-1.,0.,0.)"
23993,DIRECTION,"'',(0.,1.,0.)"
23994,DIRECTION,"'',(1.,0.,0.)"
23995,DIRECTION,"'',(0.,1.,0.)"
23996,DIRECTION,"'',(0.,0.,1.)"
23997,DIRECTION,"'',(1.,0.,0.)"
23998,DIRECTION,"'',(0.318330494137003,0.,0.947979797518118)"
23999,DIRECTION,"'',(-0.947979797518118,0.,0.318330494137003)"
24000,DIRECTION,"'',(0.318330494137003,0.,0.947979797518118)"
24001,DIRECTION,"'',(3.46862993806164E-21,1.,9.9579925010296E-17)"
24002,DIRECTION,"'',(0.,0.,1.)"
24003,DIRECTION,"'',(-6.42569628689135E-22,1.,9.9579925010296E-17)"
24004,DIRECTION,"'',(3.46862993806164E-21,1.,9.9579925010296E-17)"
24005,DIRECTION,"'',(0.,0.,-1.)"
24006,DIRECTION,"'',(-6.42569628689135E-22,1.,9.9579925010296E-17)"
24007,DIRECTION,"'',(0.,0.,1.)"
24008,DIRECTION,"'',(-6.42569628689135E-22,1.,9.9579925010296E-17)"
24009,DIRECTION,"'',(0.,0.,-1.)"
24010,DIRECTION,"'',(0.326034559928319,0.,-0.945357850621841)"
24011,DIRECTION,"'',(0.,1.,0.)"
24012,DIRECTION,"'',(0.945357850621841,0.,0.326034559928319)"
24013,DIRECTION,"'',(0.326034559928319,0.,-0.945357850621841)"
24014,DIRECTION,"'',(1.,0.,0.)"
24015,DIRECTION,"'',(0.,1.,0.)"
24016,DIRECTION,"'',(0.,0.,1.)"
24017,DIRECTION,"'',(1.,0.,0.)"
24018,DIRECTION,"'',(0.,0.,1.)"
24019,DIRECTION,"'',(0.,1.,0.)"
24020,DIRECTION,"'',(-1.,0.,0.)"
24021,DIRECTION,"'',(0.,0.,1.)"
24022,DIRECTION,"'',(-1.,0.,0.)"
24023,DIRECTION,"'',(0.,1.,0.)"
24024,DIRECTION,"'',(0.,0.,-1.)"
24025,DIRECTION,"'',(-1.,0.,0.)"
24026,DIRECTION,"'',(0.,0.,-1.)"
24027,DIRECTION,"'',(0.,1.,0.)"
24028,DIRECTION,"'',(1.,0.,0.)"
24029,DIRECTION,"'',(0.,0.,-1.)"
24030,DIRECTION,"'',(-0.330034258715973,0.,0.943968955037081)"
24031,DIRECTION,"'',(0.,1.,0.)"
24032,DIRECTION,"'',(-0.943968955037081,0.,-0.330034258715973)"
24033,DIRECTION,"'',(-0.330034258715973,0.,0.943968955037081)"
24034,DIRECTION,"'',(-1.,0.,0.)"
24035,DIRECTION,"'',(0.,1.,0.)"
24036,DIRECTION,"'',(0.,0.,-1.)"
24037,DIRECTION,"'',(-1.,0.,0.)"
24038,DIRECTION,"'',(-0.321819116974844,0.,-0.946801170230335)"
24039,DIRECTION,"'',(0.,1.,0.)"
24040,DIRECTION,"'',(0.946801170230335,0.,-0.321819116974844)"
24041,DIRECTION,"'',(-0.321819116974844,0.,-0.946801170230335)"
24042,DIRECTION,"'',(0.,0.,1.)"
24043,DIRECTION,"'',(0.,1.,0.)"
24044,DIRECTION,"'',(-1.,0.,0.)"
24045,DIRECTION,"'',(0.,0.,1.)"
24046,DIRECTION,"'',(-1.,0.,0.)"
24047,DIRECTION,"'',(0.,1.,0.)"
24048,DIRECTION,"'',(0.,0.,-1.)"
24049,DIRECTION,"'',(-1.,0.,0.)"
24050,DIRECTION,"'',(0.,0.,-1.)"
24051,DIRECTION,"'',(1.,0.,0.)"
24052,DIRECTION,"'',(0.,0.,-1.)"
24053,DIRECTION,"'',(0.,1.,0.)"
24054,DIRECTION,"'',(0.,0.,1.)"
24055,DIRECTION,"'',(0.,1.,0.)"
24056,DIRECTION,"'',(0.,0.,-1.)"
24057,DIRECTION,"'',(-1.04144649107792E-22,1.,9.9579925010296E-17)"
24058,DIRECTION,"'',(1.,0.,0.)"
24059,DIRECTION,"'',(0.,0.,-1.)"
24060,DIRECTION,"'',(-1.04144649107792E-22,1.,9.9579925010296E-17)"
24061,DIRECTION,"'',(0.,0.,1.)"
24062,DIRECTION,"'',(-1.04144649107792E-22,1.,9.9579925010296E-17)"
24063,DIRECTION,"'',(0.,0.,-1.)"
24064,DIRECTION,"'',(-1.42237121884965E-22,1.,9.9579925010296E-17)"
24065,DIRECTION,"'',(0.,0.,1.)"
24066,DIRECTION,"'',(-1.42237121884965E-22,1.,9.9579925010296E-17)"
24067,DIRECTION,"'',(-1.42237121884965E-22,1.,9.9579925010296E-17)"
24068,DIRECTION,"'',(0.,0.,-1.)"
24069,DIRECTION,"'',(0.,0.,-1.)"
24070,DIRECTION,"'',(4.39323506862846E-22,1.,9.9579925010296E-17)"
24071,DIRECTION,"'',(1.,0.,0.)"
24072,DIRECTION,"'',(0.,0.,-1.)"
24073,DIRECTION,"'',(-4.39323506862846E-22,-1.,-9.9579925010296E-17)"
24074,DIRECTION,"'',(0.,0.,1.)"
24075,DIRECTION,"'',(4.39323506862846E-22,1.,9.9579925010296E-17)"
24076,DIRECTION,"'',(0.,0.,-1.)"
24077,DIRECTION,"'',(-8.88950038821335E-24,-1.,-9.9579925010296E-17)"
24078,DIRECTION,"'',(0.,0.,1.)"
24079,DIRECTION,"'',(8.88950038821335E-24,1.,9.9579925010296E-17)"
24080,DIRECTION,"'',(8.88950038821335E-24,1.,9.9579925010296E-17)"
24081,DIRECTION,"'',(0.,0.,-1.)"
24082,DIRECTION,"'',(1.,0.,0.)"
24083,DIRECTION,"'',(0.,1.,0.)"
24084,DIRECTION,"'',(0.,0.,1.)"
24085,DIRECTION,"'',(1.,0.,0.)"
24086,DIRECTION,"'',(0.,0.,1.)"
24087,DIRECTION,"'',(0.,1.,0.)"
24088,DIRECTION,"'',(-1.,0.,0.)"
24089,DIRECTION,"'',(0.,0.,1.)"
24090,DIRECTION,"'',(-1.,0.,0.)"
24091,DIRECTION,"'',(0.,0.,-1.)"
24092,DIRECTION,"'',(-1.,0.,0.)"
24093,DIRECTION,"'',(0.,1.,0.)"
24094,DIRECTION,"'',(0.,0.,1.)"
24095,DIRECTION,"'',(5.59076933518427E-24,-1.,-9.9579925010296E-17)"
24096,DIRECTION,"'',(0.,0.,1.)"
24097,DIRECTION,"'',(1.69004460429738E-21,-1.,-9.9579925010296E-17)"
24098,DIRECTION,"'',(0.,0.,0.999999999999998)"
24099,DIRECTION,"'',(-3.29169831847993E-23,-1.,-9.9579925010296E-17)"
24100,DIRECTION,"'',(0.,0.,0.999999999999998)"
24101,DIRECTION,"'',(3.0683509749377E-21,-1.,-9.9579925010296E-17)"
24102,DIRECTION,"'',(0.,0.,0.999999999999997)"
24103,DIRECTION,"'',(-2.54731006911541E-21,-1.,-9.9579925010296E-17)"
24104,DIRECTION,"'',(0.,0.,0.999999999999998)"
24105,DIRECTION,"'',(2.00009652162542E-21,-1.,-9.9579925010296E-17)"
24106,DIRECTION,"'',(0.,0.,1.)"
24107,DIRECTION,"'',(4.71585243144352E-21,-1.,-9.9579925010296E-17)"
24108,DIRECTION,"'',(0.,0.,1.)"
24109,DIRECTION,"'',(-2.60802048986165E-21,-1.,-9.9579925010296E-17)"
24110,DIRECTION,"'',(0.,0.,1.)"
24111,DIRECTION,"'',(-1.51748585695815E-21,-1.,-9.9579925010296E-17)"
24112,DIRECTION,"'',(0.,0.,1.)"
24113,DIRECTION,"'',(-3.75655906314397E-21,-1.,-9.9579925010296E-17)"
24114,DIRECTION,"'',(0.,0.,1.)"
24115,DIRECTION,"'',(-0.997054485501582,0.,0.0766964988847348)"
24116,DIRECTION,"'',(2.24108245359946E-21,1.,9.9579925010296E-17)"
24117,DIRECTION,"'',(0.,0.,1.)"
24118,DIRECTION,"'',(-7.82349443061303E-21,1.,9.9579925010296E-17)"
24119,DIRECTION,"'',(0.,0.,1.)"
24120,DIRECTION,"'',(5.59123971188292E-21,1.,9.9579925010296E-17)"
24121,DIRECTION,"'',(0.,0.,0.999999999999999)"
24122,DIRECTION,"'',(-2.32762591798369E-21,1.,9.9579925010296E-17)"
24123,DIRECTION,"'',(0.,0.,1.)"
24124,DIRECTION,"'',(1.4930843046374E-21,1.,9.9579925010296E-17)"
24125,DIRECTION,"'',(0.,0.,1.)"
24126,DIRECTION,"'',(-1.80308407642356E-21,1.,9.9579925010296E-17)"
24127,DIRECTION,"'',(0.,0.,1.)"
24128,DIRECTION,"'',(-3.26948895777899E-23,1.,9.9579925010296E-17)"
24129,DIRECTION,"'',(0.,0.,0.999999999999999)"
24130,DIRECTION,"'',(1.17075144168197E-21,1.,9.9579925010296E-17)"
24131,DIRECTION,"'',(0.,0.,1.)"
24132,DIRECTION,"'',(1.51665579469598E-21,1.,9.9579925010296E-17)"
24133,DIRECTION,"'',(0.,0.,1.)"
24134,DIRECTION,"'',(-1.17014351252418E-21,1.,9.9579925010296E-17)"
24135,DIRECTION,"'',(0.,0.,0.999999999999999)"
24136,DIRECTION,"'',(-1.00930391934639E-21,1.,9.9579925010296E-17)"
24137,DIRECTION,"'',(0.,0.,1.)"
24138,DIRECTION,"'',(7.04549318738663E-22,-1.,-9.9579925010296E-17)"
24139,DIRECTION,"'',(0.,0.,1.)"
24140,DIRECTION,"'',(2.50696374635904E-21,-1.,-9.9579925010296E-17)"
24141,DIRECTION,"'',(0.,0.,0.999999999999999)"
24142,DIRECTION,"'',(-1.33241433936858E-21,-1.,-9.9579925010296E-17)"
24143,DIRECTION,"'',(0.,0.,1.)"
24144,DIRECTION,"'',(-1.12758020528803E-21,-1.,-9.9579925010296E-17)"
24145,DIRECTION,"'',(0.,0.,1.)"
24146,DIRECTION,"'',(0.,-1.,0.)"
24147,DIRECTION,"'',(0.,0.,-1.)"
24148,DIRECTION,"'',(3.75655906314397E-21,1.,9.9579925010296E-17)"
24149,DIRECTION,"'',(3.75655906314397E-21,1.,9.9579925010296E-17)"
24150,DIRECTION,"'',(0.,0.,-1.)"
24151,DIRECTION,"'',(1.12758020528803E-21,1.,9.9579925010296E-17)"
24152,DIRECTION,"'',(0.,0.,-1.)"
24153,DIRECTION,"'',(1.33241433936858E-21,1.,9.9579925010296E-17)"
24154,DIRECTION,"'',(0.,0.,-1.)"
24155,DIRECTION,"'',(-2.50696374635904E-21,1.,9.9579925010296E-17)"
24156,DIRECTION,"'',(0.,0.,-0.999999999999999)"
24157,DIRECTION,"'',(-7.04549318738663E-22,1.,9.9579925010296E-17)"
24158,DIRECTION,"'',(-7.04549318738663E-22,1.,9.9579925010296E-17)"
24159,DIRECTION,"'',(0.,0.,-1.)"
24160,DIRECTION,"'',(-1.00930391934639E-21,1.,9.9579925010296E-17)"
24161,DIRECTION,"'',(0.,0.,-1.)"
24162,DIRECTION,"'',(-1.17014351252418E-21,1.,9.9579925010296E-17)"
24163,DIRECTION,"'',(0.,0.,-0.999999999999999)"
24164,DIRECTION,"'',(1.51665579469598E-21,1.,9.9579925010296E-17)"
24165,DIRECTION,"'',(0.,0.,-1.)"
24166,DIRECTION,"'',(1.17075144168197E-21,1.,9.9579925010296E-17)"
24167,DIRECTION,"'',(0.,0.,-1.)"
24168,DIRECTION,"'',(-3.26948895777899E-23,1.,9.9579925010296E-17)"
24169,DIRECTION,"'',(0.,0.,-0.999999999999999)"
24170,DIRECTION,"'',(-1.80308407642356E-21,1.,9.9579925010296E-17)"
24171,DIRECTION,"'',(0.,0.,-1.)"
24172,DIRECTION,"'',(1.4930843046374E-21,1.,9.9579925010296E-17)"
24173,DIRECTION,"'',(0.,0.,-1.)"
24174,DIRECTION,"'',(-2.32762591798369E-21,1.,9.9579925010296E-17)"
24175,DIRECTION,"'',(0.,0.,-1.)"
24176,DIRECTION,"'',(0.,1.,0.)"
24177,DIRECTION,"'',(0.,-1.,0.)"
24178,DIRECTION,"'',(0.,-1.,0.)"
24179,DIRECTION,"'',(-7.82349443061303E-21,1.,9.9579925010296E-17)"
24180,DIRECTION,"'',(5.59123971188292E-21,1.,9.9579925010296E-17)"
24181,DIRECTION,"'',(0.,0.,-0.999999999999999)"
24182,DIRECTION,"'',(-7.82349443061303E-21,1.,9.9579925010296E-17)"
24183,DIRECTION,"'',(-7.82349443061303E-21,1.,9.9579925010296E-17)"
24184,DIRECTION,"'',(0.,0.,-1.)"
24185,DIRECTION,"'',(2.24108245359946E-21,1.,9.9579925010296E-17)"
24186,DIRECTION,"'',(2.24108245359946E-21,1.,9.9579925010296E-17)"
24187,DIRECTION,"'',(0.,0.,-1.)"
24188,DIRECTION,"'',(-0.0766964988847348,0.,-0.997054485501582)"
24189,DIRECTION,"'',(-0.997054485501582,0.,0.0766964988847348)"
24190,DIRECTION,"'',(-1.51748585695815E-21,-1.,-9.9579925010296E-17)"
24191,DIRECTION,"'',(0.,0.,1.)"
24192,DIRECTION,"'',(1.51748585695815E-21,1.,9.9579925010296E-17)"
24193,DIRECTION,"'',(0.,0.,-1.)"
24194,DIRECTION,"'',(-2.60802048986165E-21,-1.,-9.9579925010296E-17)"
24195,DIRECTION,"'',(0.,0.,1.)"
24196,DIRECTION,"'',(2.60802048986165E-21,1.,9.9579925010296E-17)"
24197,DIRECTION,"'',(0.,0.,-1.)"
24198,DIRECTION,"'',(4.71585243144352E-21,-1.,-9.9579925010296E-17)"
24199,DIRECTION,"'',(0.,0.,1.)"
24200,DIRECTION,"'',(-4.71585243144352E-21,1.,9.9579925010296E-17)"
24201,DIRECTION,"'',(0.,0.,-1.)"
24202,DIRECTION,"'',(2.00009652162542E-21,-1.,-9.9579925010296E-17)"
24203,DIRECTION,"'',(0.,0.,1.)"
24204,DIRECTION,"'',(-2.00009652162542E-21,1.,9.9579925010296E-17)"
24205,DIRECTION,"'',(0.,0.,-1.)"
24206,DIRECTION,"'',(-2.54731006911541E-21,-1.,-9.9579925010296E-17)"
24207,DIRECTION,"'',(0.,0.,0.999999999999998)"
24208,DIRECTION,"'',(2.54731006911541E-21,1.,9.9579925010296E-17)"
24209,DIRECTION,"'',(0.,0.,-0.999999999999998)"
24210,DIRECTION,"'',(3.0683509749377E-21,-1.,-9.9579925010296E-17)"
24211,DIRECTION,"'',(0.,0.,0.999999999999997)"
24212,DIRECTION,"'',(-3.0683509749377E-21,1.,9.9579925010296E-17)"
24213,DIRECTION,"'',(0.,0.,-0.999999999999997)"
24214,DIRECTION,"'',(-3.29169831847993E-23,-1.,-9.9579925010296E-17)"
24215,DIRECTION,"'',(0.,0.,0.999999999999998)"
24216,DIRECTION,"'',(3.29169831847993E-23,1.,9.9579925010296E-17)"
24217,DIRECTION,"'',(0.,0.,-0.999999999999998)"
24218,DIRECTION,"'',(1.69004460429738E-21,-1.,-9.9579925010296E-17)"
24219,DIRECTION,"'',(0.,0.,0.999999999999998)"
24220,DIRECTION,"'',(-1.69004460429738E-21,1.,9.9579925010296E-17)"
24221,DIRECTION,"'',(0.,0.,-0.999999999999998)"
24222,DIRECTION,"'',(5.59076933518427E-24,-1.,-9.9579925010296E-17)"
24223,DIRECTION,"'',(0.,0.,1.)"
24224,DIRECTION,"'',(-5.59076933518427E-24,1.,9.9579925010296E-17)"
24225,DIRECTION,"'',(0.,0.,-1.)"
24226,DIRECTION,"'',(0.,1.,0.)"
24227,DIRECTION,"'',(0.,0.,1.)"
24228,DIRECTION,"'',(0.,1.,0.)"
24229,DIRECTION,"'',(1.,0.,0.)"
24230,DIRECTION,"'',(0.,1.,0.)"
24231,DIRECTION,"'',(0.,0.,1.)"
24232,DIRECTION,"'',(1.,0.,0.)"
24233,DIRECTION,"'',(0.318330494137003,0.,0.947979797518118)"
24234,DIRECTION,"'',(-0.947979797518118,0.,0.318330494137003)"
24235,DIRECTION,"'',(0.318330494137003,0.,0.947979797518118)"
24236,DIRECTION,"'',(1.78662667881835E-21,1.,9.9579925010296E-17)"
24237,DIRECTION,"'',(0.,0.,1.)"
24238,DIRECTION,"'',(-1.72446963845947E-22,1.,9.9579925010296E-17)"
24239,DIRECTION,"'',(1.78662667881835E-21,1.,9.9579925010296E-17)"
24240,DIRECTION,"'',(0.,0.,-1.)"
24241,DIRECTION,"'',(-1.72446963845947E-22,1.,9.9579925010296E-17)"
24242,DIRECTION,"'',(0.,0.,1.)"
24243,DIRECTION,"'',(-1.72446963845947E-22,1.,9.9579925010296E-17)"
24244,DIRECTION,"'',(0.,0.,-1.)"
24245,DIRECTION,"'',(0.326034559928318,0.,-0.945357850621842)"
24246,DIRECTION,"'',(0.,1.,0.)"
24247,DIRECTION,"'',(0.945357850621842,0.,0.326034559928318)"
24248,DIRECTION,"'',(0.326034559928318,0.,-0.945357850621842)"
24249,DIRECTION,"'',(1.,0.,0.)"
24250,DIRECTION,"'',(0.,1.,0.)"
24251,DIRECTION,"'',(0.,0.,1.)"
24252,DIRECTION,"'',(1.,0.,0.)"
24253,DIRECTION,"'',(0.,0.,1.)"
24254,DIRECTION,"'',(0.,1.,0.)"
24255,DIRECTION,"'',(-1.,0.,0.)"
24256,DIRECTION,"'',(0.,0.,1.)"
24257,DIRECTION,"'',(-1.,0.,0.)"
24258,DIRECTION,"'',(0.,1.,0.)"
24259,DIRECTION,"'',(0.,0.,-1.)"
24260,DIRECTION,"'',(-1.,0.,0.)"
24261,DIRECTION,"'',(0.,0.,-1.)"
24262,DIRECTION,"'',(0.,1.,0.)"
24263,DIRECTION,"'',(1.,0.,0.)"
24264,DIRECTION,"'',(0.,0.,-1.)"
24265,DIRECTION,"'',(-0.330034258715973,0.,0.943968955037081)"
24266,DIRECTION,"'',(0.,1.,0.)"
24267,DIRECTION,"'',(-0.943968955037081,0.,-0.330034258715973)"
24268,DIRECTION,"'',(-0.330034258715973,0.,0.943968955037081)"
24269,DIRECTION,"'',(-1.,0.,0.)"
24270,DIRECTION,"'',(0.,1.,0.)"
24271,DIRECTION,"'',(0.,0.,-1.)"
24272,DIRECTION,"'',(-1.,0.,0.)"
24273,DIRECTION,"'',(-0.321819116974844,0.,-0.946801170230335)"
24274,DIRECTION,"'',(0.,1.,0.)"
24275,DIRECTION,"'',(0.946801170230335,0.,-0.321819116974844)"
24276,DIRECTION,"'',(-0.321819116974844,0.,-0.946801170230335)"
24277,DIRECTION,"'',(0.,0.,1.)"
24278,DIRECTION,"'',(0.,1.,0.)"
24279,DIRECTION,"'',(-1.,0.,0.)"
24280,DIRECTION,"'',(0.,0.,1.)"
24281,DIRECTION,"'',(-1.,0.,0.)"
24282,DIRECTION,"'',(0.,1.,0.)"
24283,DIRECTION,"'',(0.,0.,-1.)"
24284,DIRECTION,"'',(-1.,0.,0.)"
24285,DIRECTION,"'',(0.,0.,-1.)"
24286,DIRECTION,"'',(1.,0.,0.)"
24287,DIRECTION,"'',(0.,0.,-1.)"
24288,DIRECTION,"'',(0.,1.,0.)"
24289,DIRECTION,"'',(0.,0.,1.)"
24290,DIRECTION,"'',(0.,1.,0.)"
24291,DIRECTION,"'',(0.,0.,-1.)"
24292,DIRECTION,"'',(-1.2066796967394E-22,1.,9.9579925010296E-17)"
24293,DIRECTION,"'',(1.,0.,0.)"
24294,DIRECTION,"'',(0.,0.,-1.)"
24295,DIRECTION,"'',(-1.2066796967394E-22,1.,9.9579925010296E-17)"
24296,DIRECTION,"'',(0.,0.,0.999999999999999)"
24297,DIRECTION,"'',(-1.2066796967394E-22,1.,9.9579925010296E-17)"
24298,DIRECTION,"'',(0.,0.,-0.999999999999999)"
24299,DIRECTION,"'',(-1.25101354973721E-22,1.,9.9579925010296E-17)"
24300,DIRECTION,"'',(0.,0.,1.)"
24301,DIRECTION,"'',(-1.25101354973721E-22,1.,9.9579925010296E-17)"
24302,DIRECTION,"'',(-1.25101354973721E-22,1.,9.9579925010296E-17)"
24303,DIRECTION,"'',(0.,0.,-1.)"
24304,DIRECTION,"'',(0.,0.,-1.)"
24305,DIRECTION,"'',(2.59793508002633E-22,1.,9.9579925010296E-17)"
24306,DIRECTION,"'',(1.,0.,0.)"
24307,DIRECTION,"'',(0.,0.,-1.)"
24308,DIRECTION,"'',(-2.59793508002633E-22,-1.,-9.9579925010296E-17)"
24309,DIRECTION,"'',(0.,0.,1.)"
24310,DIRECTION,"'',(2.59793508002633E-22,1.,9.9579925010296E-17)"
24311,DIRECTION,"'',(0.,0.,-0.999999999999999)"
24312,DIRECTION,"'',(1.74167520261454E-23,-1.,-9.9579925010296E-17)"
24313,DIRECTION,"'',(0.,0.,1.)"
24314,DIRECTION,"'',(-1.74167520261454E-23,1.,9.9579925010296E-17)"
24315,DIRECTION,"'',(-1.74167520261454E-23,1.,9.9579925010296E-17)"
24316,DIRECTION,"'',(0.,0.,-1.)"
24317,DIRECTION,"'',(1.,0.,0.)"
24318,DIRECTION,"'',(0.,1.,0.)"
24319,DIRECTION,"'',(0.,0.,1.)"
24320,DIRECTION,"'',(1.,0.,0.)"
24321,DIRECTION,"'',(0.,0.,1.)"
24322,DIRECTION,"'',(0.,1.,0.)"
24323,DIRECTION,"'',(-1.,0.,0.)"
24324,DIRECTION,"'',(0.,0.,1.)"
24325,DIRECTION,"'',(-1.,0.,0.)"
24326,DIRECTION,"'',(0.,0.,-1.)"
24327,DIRECTION,"'',(-1.,0.,0.)"
24328,DIRECTION,"'',(0.,1.,0.)"
24329,DIRECTION,"'',(0.,0.,1.)"
24330,DIRECTION,"'',(7.97054811256699E-23,-1.,-9.9579925010296E-17)"
24331,DIRECTION,"'',(0.,0.,1.)"
24332,DIRECTION,"'',(1.69273519079614E-21,-1.,-9.9579925010296E-17)"
24333,DIRECTION,"'',(0.,0.,0.999999999999999)"
24334,DIRECTION,"'',(-3.30169282720223E-23,-1.,-9.9579925010296E-17)"
24335,DIRECTION,"'',(0.,0.,1.)"
24336,DIRECTION,"'',(3.06825561717883E-21,-1.,-9.9579925010296E-17)"
24337,DIRECTION,"'',(0.,0.,1.)"
24338,DIRECTION,"'',(-2.53836345300332E-21,-1.,-9.9579925010296E-17)"
24339,DIRECTION,"'',(0.,0.,0.999999999999999)"
24340,DIRECTION,"'',(1.99978777267108E-21,-1.,-9.9579925010296E-17)"
24341,DIRECTION,"'',(0.,0.,1.)"
24342,DIRECTION,"'',(4.72612748009467E-21,-1.,-9.9579925010296E-17)"
24343,DIRECTION,"'',(0.,0.,0.999999999999999)"
24344,DIRECTION,"'',(-2.60430885820084E-21,-1.,-9.9579925010296E-17)"
24345,DIRECTION,"'',(0.,0.,0.999999999999999)"
24346,DIRECTION,"'',(-1.51559908704217E-21,-1.,-9.9579925010296E-17)"
24347,DIRECTION,"'',(0.,0.,0.999999999999998)"
24348,DIRECTION,"'',(-3.79364984114039E-21,-1.,-9.9579925010296E-17)"
24349,DIRECTION,"'',(0.,0.,0.999999999999998)"
24350,DIRECTION,"'',(-0.997054485501581,0.,0.0766964988847446)"
24351,DIRECTION,"'',(2.24639591430302E-21,1.,9.9579925010296E-17)"
24352,DIRECTION,"'',(0.,0.,1.)"
24353,DIRECTION,"'',(-7.82713667687415E-21,1.,9.9579925010296E-17)"
24354,DIRECTION,"'',(0.,0.,1.)"
24355,DIRECTION,"'',(5.59443622436667E-21,1.,9.9579925010296E-17)"
24356,DIRECTION,"'',(0.,0.,0.999999999999998)"
24357,DIRECTION,"'',(-2.32592861217563E-21,1.,9.9579925010296E-17)"
24358,DIRECTION,"'',(0.,0.,0.999999999999998)"
24359,DIRECTION,"'',(1.49987339505193E-21,1.,9.9579925010296E-17)"
24360,DIRECTION,"'',(0.,0.,1.)"
24361,DIRECTION,"'',(-1.78810697995459E-21,1.,9.9579925010296E-17)"
24362,DIRECTION,"'',(0.,0.,1.)"
24363,DIRECTION,"'',(-2.06929557780601E-23,1.,9.9579925010296E-17)"
24364,DIRECTION,"'',(0.,0.,1.)"
24365,DIRECTION,"'',(1.1723865912093E-21,1.,9.9579925010296E-17)"
24366,DIRECTION,"'',(0.,0.,0.999999999999999)"
24367,DIRECTION,"'',(1.50632486987337E-21,1.,9.9579925010296E-17)"
24368,DIRECTION,"'',(0.,0.,0.999999999999999)"
24369,DIRECTION,"'',(-1.19753145931918E-21,1.,9.9579925010296E-17)"
24370,DIRECTION,"'',(0.,0.,1.)"
24371,DIRECTION,"'',(-9.79598247272793E-22,1.,9.9579925010296E-17)"
24372,DIRECTION,"'',(0.,0.,1.)"
24373,DIRECTION,"'',(6.86069130938891E-22,-1.,-9.9579925010296E-17)"
24374,DIRECTION,"'',(0.,0.,0.999999999999999)"
24375,DIRECTION,"'',(2.51179748243404E-21,-1.,-9.9579925010296E-17)"
24376,DIRECTION,"'',(0.,0.,1.)"
24377,DIRECTION,"'',(-1.31653301817628E-21,-1.,-9.9579925010296E-17)"
24378,DIRECTION,"'',(0.,0.,0.999999999999997)"
24379,DIRECTION,"'',(-1.12586532190214E-21,-1.,-9.9579925010296E-17)"
24380,DIRECTION,"'',(0.,0.,0.999999999999997)"
24381,DIRECTION,"'',(0.,-1.,0.)"
24382,DIRECTION,"'',(0.,0.,-1.)"
24383,DIRECTION,"'',(3.79364984114039E-21,1.,9.9579925010296E-17)"
24384,DIRECTION,"'',(3.79364984114039E-21,1.,9.9579925010296E-17)"
24385,DIRECTION,"'',(0.,0.,-0.999999999999998)"
24386,DIRECTION,"'',(1.12586532190214E-21,1.,9.9579925010296E-17)"
24387,DIRECTION,"'',(0.,0.,-0.999999999999997)"
24388,DIRECTION,"'',(1.31653301817628E-21,1.,9.9579925010296E-17)"
24389,DIRECTION,"'',(0.,0.,-0.999999999999997)"
24390,DIRECTION,"'',(-2.51179748243404E-21,1.,9.9579925010296E-17)"
24391,DIRECTION,"'',(0.,0.,-1.)"
24392,DIRECTION,"'',(-6.86069130938891E-22,1.,9.9579925010296E-17)"
24393,DIRECTION,"'',(-6.86069130938891E-22,1.,9.9579925010296E-17)"
24394,DIRECTION,"'',(0.,0.,-0.999999999999999)"
24395,DIRECTION,"'',(-9.79598247272793E-22,1.,9.9579925010296E-17)"
24396,DIRECTION,"'',(0.,0.,-1.)"
24397,DIRECTION,"'',(-1.19753145931918E-21,1.,9.9579925010296E-17)"
24398,DIRECTION,"'',(0.,0.,-1.)"
24399,DIRECTION,"'',(1.50632486987337E-21,1.,9.9579925010296E-17)"
24400,DIRECTION,"'',(0.,0.,-0.999999999999999)"
24401,DIRECTION,"'',(1.1723865912093E-21,1.,9.9579925010296E-17)"
24402,DIRECTION,"'',(0.,0.,-0.999999999999999)"
24403,DIRECTION,"'',(-2.06929557780601E-23,1.,9.9579925010296E-17)"
24404,DIRECTION,"'',(0.,0.,-1.)"
24405,DIRECTION,"'',(-1.78810697995459E-21,1.,9.9579925010296E-17)"
24406,DIRECTION,"'',(0.,0.,-1.)"
24407,DIRECTION,"'',(1.49987339505193E-21,1.,9.9579925010296E-17)"
24408,DIRECTION,"'',(0.,0.,-1.)"
24409,DIRECTION,"'',(-2.32592861217563E-21,1.,9.9579925010296E-17)"
24410,DIRECTION,"'',(0.,0.,-0.999999999999998)"
24411,DIRECTION,"'',(0.,1.,0.)"
24412,DIRECTION,"'',(0.,-1.,0.)"
24413,DIRECTION,"'',(0.,-1.,0.)"
24414,DIRECTION,"'',(-7.82713667687415E-21,1.,9.9579925010296E-17)"
24415,DIRECTION,"'',(5.59443622436667E-21,1.,9.9579925010296E-17)"
24416,DIRECTION,"'',(0.,0.,-0.999999999999998)"
24417,DIRECTION,"'',(-7.82713667687415E-21,1.,9.9579925010296E-17)"
24418,DIRECTION,"'',(-7.82713667687415E-21,1.,9.9579925010296E-17)"
24419,DIRECTION,"'',(0.,0.,-1.)"
24420,DIRECTION,"'',(2.24639591430302E-21,1.,9.9579925010296E-17)"
24421,DIRECTION,"'',(2.24639591430302E-21,1.,9.9579925010296E-17)"
24422,DIRECTION,"'',(0.,0.,-1.)"
24423,DIRECTION,"'',(-0.0766964988847446,0.,-0.997054485501581)"
24424,DIRECTION,"'',(-0.997054485501581,0.,0.0766964988847446)"
24425,DIRECTION,"'',(-1.51559908704217E-21,-1.,-9.9579925010296E-17)"
24426,DIRECTION,"'',(0.,0.,0.999999999999998)"
24427,DIRECTION,"'',(1.51559908704217E-21,1.,9.9579925010296E-17)"
24428,DIRECTION,"'',(0.,0.,-0.999999999999998)"
24429,DIRECTION,"'',(-2.60430885820084E-21,-1.,-9.9579925010296E-17)"
24430,DIRECTION,"'',(0.,0.,0.999999999999999)"
24431,DIRECTION,"'',(2.60430885820084E-21,1.,9.9579925010296E-17)"
24432,DIRECTION,"'',(0.,0.,-0.999999999999999)"
24433,DIRECTION,"'',(4.72612748009467E-21,-1.,-9.9579925010296E-17)"
24434,DIRECTION,"'',(0.,0.,0.999999999999999)"
24435,DIRECTION,"'',(-4.72612748009467E-21,1.,9.9579925010296E-17)"
24436,DIRECTION,"'',(0.,0.,-0.999999999999999)"
24437,DIRECTION,"'',(1.99978777267108E-21,-1.,-9.9579925010296E-17)"
24438,DIRECTION,"'',(0.,0.,1.)"
24439,DIRECTION,"'',(-1.99978777267108E-21,1.,9.9579925010296E-17)"
24440,DIRECTION,"'',(0.,0.,-1.)"
24441,DIRECTION,"'',(-2.53836345300332E-21,-1.,-9.9579925010296E-17)"
24442,DIRECTION,"'',(0.,0.,0.999999999999999)"
24443,DIRECTION,"'',(2.53836345300332E-21,1.,9.9579925010296E-17)"
24444,DIRECTION,"'',(0.,0.,-0.999999999999999)"
24445,DIRECTION,"'',(3.06825561717883E-21,-1.,-9.9579925010296E-17)"
24446,DIRECTION,"'',(0.,0.,1.)"
24447,DIRECTION,"'',(-3.06825561717883E-21,1.,9.9579925010296E-17)"
24448,DIRECTION,"'',(0.,0.,-1.)"
24449,DIRECTION,"'',(-3.30169282720223E-23,-1.,-9.9579925010296E-17)"
24450,DIRECTION,"'',(0.,0.,1.)"
24451,DIRECTION,"'',(3.30169282720223E-23,1.,9.9579925010296E-17)"
24452,DIRECTION,"'',(0.,0.,-1.)"
24453,DIRECTION,"'',(1.69273519079614E-21,-1.,-9.9579925010296E-17)"
24454,DIRECTION,"'',(0.,0.,0.999999999999999)"
24455,DIRECTION,"'',(-1.69273519079614E-21,1.,9.9579925010296E-17)"
24456,DIRECTION,"'',(0.,0.,-0.999999999999999)"
24457,DIRECTION,"'',(7.97054811256699E-23,-1.,-9.9579925010296E-17)"
24458,DIRECTION,"'',(0.,0.,1.)"
24459,DIRECTION,"'',(-7.97054811256699E-23,1.,9.9579925010296E-17)"
24460,DIRECTION,"'',(0.,0.,-1.)"
24461,DIRECTION,"'',(0.,1.,0.)"
24462,DIRECTION,"'',(0.,0.,1.)"
24463,DIRECTION,"'',(0.,-1.,0.)"
24464,DIRECTION,"'',(-1.,0.,0.)"
24465,DIRECTION,"'',(0.,-1.,0.)"
24466,DIRECTION,"'',(0.,0.,1.)"
24467,DIRECTION,"'',(1.,0.,0.)"
24468,DIRECTION,"'',(-0.318330494137003,0.,0.947979797518118)"
24469,DIRECTION,"'',(0.947979797518118,0.,0.318330494137003)"
24470,DIRECTION,"'',(0.318330494137003,0.,-0.947979797518118)"
24471,DIRECTION,"'',(3.34481087496157E-21,-1.,-9.9579925010296E-17)"
24472,DIRECTION,"'',(0.,0.,1.)"
24473,DIRECTION,"'',(3.80545989137195E-22,-1.,-9.9579925010296E-17)"
24474,DIRECTION,"'',(-3.34481087496157E-21,1.,9.9579925010296E-17)"
24475,DIRECTION,"'',(0.,0.,-1.)"
24476,DIRECTION,"'',(3.80545989137195E-22,-1.,-9.9579925010296E-17)"
24477,DIRECTION,"'',(0.,0.,1.)"
24478,DIRECTION,"'',(-3.80545989137195E-22,1.,9.9579925010296E-17)"
24479,DIRECTION,"'',(0.,0.,-1.)"
24480,DIRECTION,"'',(-0.326034559928318,0.,-0.945357850621842)"
24481,DIRECTION,"'',(0.,-1.,0.)"
24482,DIRECTION,"'',(-0.945357850621842,0.,0.326034559928318)"
24483,DIRECTION,"'',(0.326034559928318,0.,0.945357850621842)"
24484,DIRECTION,"'',(-1.,0.,0.)"
24485,DIRECTION,"'',(0.,-1.,0.)"
24486,DIRECTION,"'',(0.,0.,1.)"
24487,DIRECTION,"'',(1.,0.,0.)"
24488,DIRECTION,"'',(0.,0.,1.)"
24489,DIRECTION,"'',(0.,-1.,0.)"
24490,DIRECTION,"'',(1.,0.,0.)"
24491,DIRECTION,"'',(0.,0.,-1.)"
24492,DIRECTION,"'',(1.,0.,0.)"
24493,DIRECTION,"'',(0.,-1.,0.)"
24494,DIRECTION,"'',(0.,0.,-1.)"
24495,DIRECTION,"'',(-1.,0.,0.)"
24496,DIRECTION,"'',(0.,0.,-1.)"
24497,DIRECTION,"'',(0.,-1.,0.)"
24498,DIRECTION,"'',(-1.,0.,0.)"
24499,DIRECTION,"'',(0.,0.,1.)"
24500,DIRECTION,"'',(0.330034258715973,0.,0.943968955037081)"
24501,DIRECTION,"'',(0.,-1.,0.)"
24502,DIRECTION,"'',(0.943968955037081,0.,-0.330034258715973)"
24503,DIRECTION,"'',(-0.330034258715973,0.,-0.943968955037081)"
24504,DIRECTION,"'',(1.,0.,0.)"
24505,DIRECTION,"'',(0.,-1.,0.)"
24506,DIRECTION,"'',(0.,0.,-1.)"
24507,DIRECTION,"'',(-1.,0.,0.)"
24508,DIRECTION,"'',(0.321819116974845,0.,-0.946801170230335)"
24509,DIRECTION,"'',(0.,-1.,0.)"
24510,DIRECTION,"'',(-0.946801170230335,0.,-0.321819116974845)"
24511,DIRECTION,"'',(-0.321819116974845,0.,0.946801170230335)"
24512,DIRECTION,"'',(0.,0.,1.)"
24513,DIRECTION,"'',(0.,-1.,0.)"
24514,DIRECTION,"'',(1.,0.,0.)"
24515,DIRECTION,"'',(0.,0.,-1.)"
24516,DIRECTION,"'',(1.,0.,0.)"
24517,DIRECTION,"'',(0.,-1.,0.)"
24518,DIRECTION,"'',(0.,0.,-1.)"
24519,DIRECTION,"'',(-1.,0.,0.)"
24520,DIRECTION,"'',(0.,0.,-1.)"
24521,DIRECTION,"'',(-1.,0.,0.)"
24522,DIRECTION,"'',(0.,0.,1.)"
24523,DIRECTION,"'',(0.,-1.,0.)"
24524,DIRECTION,"'',(0.,0.,-1.)"
24525,DIRECTION,"'',(0.,-1.,0.)"
24526,DIRECTION,"'',(0.,0.,-1.)"
24527,DIRECTION,"'',(-9.02815393251683E-23,-1.,-9.9579925010296E-17)"
24528,DIRECTION,"'',(-1.,0.,0.)"
24529,DIRECTION,"'',(0.,0.,1.)"
24530,DIRECTION,"'',(-9.02815393251683E-23,-1.,-9.9579925010296E-17)"
24531,DIRECTION,"'',(0.,0.,1.)"
24532,DIRECTION,"'',(9.02815393251683E-23,1.,9.9579925010296E-17)"
24533,DIRECTION,"'',(0.,0.,-1.)"
24534,DIRECTION,"'',(-1.33181400429402E-22,-1.,-9.9579925010296E-17)"
24535,DIRECTION,"'',(0.,0.,1.)"
24536,DIRECTION,"'',(-1.33181400429402E-22,-1.,-9.9579925010296E-17)"
24537,DIRECTION,"'',(1.33181400429402E-22,1.,9.9579925010296E-17)"
24538,DIRECTION,"'',(0.,0.,-1.)"
24539,DIRECTION,"'',(0.,0.,-1.)"
24540,DIRECTION,"'',(2.83421377872243E-22,-1.,-9.9579925010296E-17)"
24541,DIRECTION,"'',(-1.,0.,0.)"
24542,DIRECTION,"'',(0.,0.,1.)"
24543,DIRECTION,"'',(-2.83421377872243E-22,1.,9.9579925010296E-17)"
24544,DIRECTION,"'',(0.,0.,1.)"
24545,DIRECTION,"'',(-2.83421377872243E-22,1.,9.9579925010296E-17)"
24546,DIRECTION,"'',(0.,0.,-1.)"
24547,DIRECTION,"'',(3.56023127142914E-23,1.,9.9579925010296E-17)"
24548,DIRECTION,"'',(0.,0.,0.999999999999999)"
24549,DIRECTION,"'',(-3.56023127142914E-23,-1.,-9.9579925010296E-17)"
24550,DIRECTION,"'',(3.56023127142914E-23,1.,9.9579925010296E-17)"
24551,DIRECTION,"'',(0.,0.,-0.999999999999999)"
24552,DIRECTION,"'',(-1.,0.,0.)"
24553,DIRECTION,"'',(0.,-1.,0.)"
24554,DIRECTION,"'',(0.,0.,1.)"
24555,DIRECTION,"'',(1.,0.,0.)"
24556,DIRECTION,"'',(0.,0.,1.)"
24557,DIRECTION,"'',(0.,-1.,0.)"
24558,DIRECTION,"'',(1.,0.,0.)"
24559,DIRECTION,"'',(0.,0.,-1.)"
24560,DIRECTION,"'',(1.,0.,0.)"
24561,DIRECTION,"'',(0.,0.,-1.)"
24562,DIRECTION,"'',(-1.,0.,0.)"
24563,DIRECTION,"'',(0.,-1.,0.)"
24564,DIRECTION,"'',(0.,0.,-1.)"
24565,DIRECTION,"'',(8.14068858430026E-23,1.,9.9579925010296E-17)"
24566,DIRECTION,"'',(0.,0.,1.)"
24567,DIRECTION,"'',(1.68965285890463E-21,1.,9.9579925010296E-17)"
24568,DIRECTION,"'',(0.,0.,1.)"
24569,DIRECTION,"'',(-3.46910981642398E-23,1.,9.9579925010296E-17)"
24570,DIRECTION,"'',(0.,0.,0.999999999999998)"
24571,DIRECTION,"'',(3.06568789254324E-21,1.,9.9579925010296E-17)"
24572,DIRECTION,"'',(0.,0.,1.)"
24573,DIRECTION,"'',(-2.54302442648119E-21,1.,9.9579925010296E-17)"
24574,DIRECTION,"'',(0.,0.,0.999999999999998)"
24575,DIRECTION,"'',(1.99865874940847E-21,1.,9.9579925010296E-17)"
24576,DIRECTION,"'',(0.,0.,0.999999999999998)"
24577,DIRECTION,"'',(4.72637892763933E-21,1.,9.9579925010296E-17)"
24578,DIRECTION,"'',(0.,0.,0.999999999999997)"
24579,DIRECTION,"'',(-2.60452601233645E-21,1.,9.9579925010296E-17)"
24580,DIRECTION,"'',(0.,0.,0.999999999999998)"
24581,DIRECTION,"'',(-1.51111615198076E-21,1.,9.9579925010296E-17)"
24582,DIRECTION,"'',(0.,0.,0.999999999999999)"
24583,DIRECTION,"'',(-3.76789543525644E-21,1.,9.9579925010296E-17)"
24584,DIRECTION,"'',(0.,0.,1.)"
24585,DIRECTION,"'',(0.997054485501582,0.,0.0766964988847348)"
24586,DIRECTION,"'',(2.24919086999534E-21,-1.,-9.9579925010296E-17)"
24587,DIRECTION,"'',(0.,0.,1.)"
24588,DIRECTION,"'',(-7.83396606086961E-21,-1.,-9.9579925010296E-17)"
24589,DIRECTION,"'',(0.,0.,1.)"
24590,DIRECTION,"'',(5.59218126832245E-21,-1.,-9.9579925010296E-17)"
24591,DIRECTION,"'',(0.,0.,0.999999999999999)"
24592,DIRECTION,"'',(-2.32249122680498E-21,-1.,-9.9579925010296E-17)"
24593,DIRECTION,"'',(0.,0.,0.999999999999998)"
24594,DIRECTION,"'',(1.49560880359055E-21,-1.,-9.9579925010296E-17)"
24595,DIRECTION,"'',(0.,0.,0.999999999999999)"
24596,DIRECTION,"'',(-1.79825486432412E-21,-1.,-9.9579925010296E-17)"
24597,DIRECTION,"'',(0.,0.,1.)"
24598,DIRECTION,"'',(-3.86633555147698E-23,-1.,-9.9579925010296E-17)"
24599,DIRECTION,"'',(0.,0.,1.)"
24600,DIRECTION,"'',(1.17284031978931E-21,-1.,-9.9579925010296E-17)"
24601,DIRECTION,"'',(0.,0.,1.)"
24602,DIRECTION,"'',(1.51131591664009E-21,-1.,-9.9579925010296E-17)"
24603,DIRECTION,"'',(0.,0.,0.999999999999999)"
24604,DIRECTION,"'',(-1.17573702802653E-21,-1.,-9.9579925010296E-17)"
24605,DIRECTION,"'',(0.,0.,0.999999999999999)"
24606,DIRECTION,"'',(-9.88119968800729E-22,-1.,-9.9579925010296E-17)"
24607,DIRECTION,"'',(0.,0.,1.)"
24608,DIRECTION,"'',(6.42645332649883E-22,1.,9.9579925010296E-17)"
24609,DIRECTION,"'',(0.,0.,1.)"
24610,DIRECTION,"'',(2.51415276762062E-21,1.,9.9579925010296E-17)"
24611,DIRECTION,"'',(0.,0.,1.)"
24612,DIRECTION,"'',(-1.32627915974809E-21,1.,9.9579925010296E-17)"
24613,DIRECTION,"'',(0.,0.,1.)"
24614,DIRECTION,"'',(-1.12607070389607E-21,1.,9.9579925010296E-17)"
24615,DIRECTION,"'',(0.,0.,1.)"
24616,DIRECTION,"'',(0.,1.,0.)"
24617,DIRECTION,"'',(0.,0.,1.)"
24618,DIRECTION,"'',(3.76789543525644E-21,-1.,-9.9579925010296E-17)"
24619,DIRECTION,"'',(-3.76789543525644E-21,1.,9.9579925010296E-17)"
24620,DIRECTION,"'',(0.,0.,-1.)"
24621,DIRECTION,"'',(-1.12607070389607E-21,1.,9.9579925010296E-17)"
24622,DIRECTION,"'',(0.,0.,-1.)"
24623,DIRECTION,"'',(-1.32627915974809E-21,1.,9.9579925010296E-17)"
24624,DIRECTION,"'',(0.,0.,-1.)"
24625,DIRECTION,"'',(2.51415276762062E-21,1.,9.9579925010296E-17)"
24626,DIRECTION,"'',(0.,0.,-1.)"
24627,DIRECTION,"'',(-6.42645332649883E-22,-1.,-9.9579925010296E-17)"
24628,DIRECTION,"'',(6.42645332649883E-22,1.,9.9579925010296E-17)"
24629,DIRECTION,"'',(0.,0.,-1.)"
24630,DIRECTION,"'',(9.88119968800729E-22,1.,9.9579925010296E-17)"
24631,DIRECTION,"'',(0.,0.,-1.)"
24632,DIRECTION,"'',(1.17573702802653E-21,1.,9.9579925010296E-17)"
24633,DIRECTION,"'',(0.,0.,-0.999999999999999)"
24634,DIRECTION,"'',(-1.51131591664009E-21,1.,9.9579925010296E-17)"
24635,DIRECTION,"'',(0.,0.,-0.999999999999999)"
24636,DIRECTION,"'',(-1.17284031978931E-21,1.,9.9579925010296E-17)"
24637,DIRECTION,"'',(0.,0.,-1.)"
24638,DIRECTION,"'',(3.86633555147698E-23,1.,9.9579925010296E-17)"
24639,DIRECTION,"'',(0.,0.,-1.)"
24640,DIRECTION,"'',(1.79825486432412E-21,1.,9.9579925010296E-17)"
24641,DIRECTION,"'',(0.,0.,-1.)"
24642,DIRECTION,"'',(-1.49560880359055E-21,1.,9.9579925010296E-17)"
24643,DIRECTION,"'',(0.,0.,-0.999999999999999)"
24644,DIRECTION,"'',(2.32249122680498E-21,1.,9.9579925010296E-17)"
24645,DIRECTION,"'',(0.,0.,-0.999999999999998)"
24646,DIRECTION,"'',(0.,-1.,0.)"
24647,DIRECTION,"'',(0.,1.,0.)"
24648,DIRECTION,"'',(0.,1.,0.)"
24649,DIRECTION,"'',(-7.83396606086961E-21,-1.,-9.9579925010296E-17)"
24650,DIRECTION,"'',(-5.59218126832245E-21,1.,9.9579925010296E-17)"
24651,DIRECTION,"'',(0.,0.,-0.999999999999999)"
24652,DIRECTION,"'',(-7.83396606086961E-21,-1.,-9.9579925010296E-17)"
24653,DIRECTION,"'',(7.83396606086961E-21,1.,9.9579925010296E-17)"
24654,DIRECTION,"'',(0.,0.,-1.)"
24655,DIRECTION,"'',(2.24919086999534E-21,-1.,-9.9579925010296E-17)"
24656,DIRECTION,"'',(-2.24919086999534E-21,1.,9.9579925010296E-17)"
24657,DIRECTION,"'',(0.,0.,-1.)"
24658,DIRECTION,"'',(0.0766964988847348,0.,-0.997054485501582)"
24659,DIRECTION,"'',(-0.997054485501582,0.,-0.0766964988847348)"
24660,DIRECTION,"'',(-1.51111615198076E-21,1.,9.9579925010296E-17)"
24661,DIRECTION,"'',(0.,0.,0.999999999999999)"
24662,DIRECTION,"'',(-1.51111615198076E-21,1.,9.9579925010296E-17)"
24663,DIRECTION,"'',(0.,0.,-0.999999999999999)"
24664,DIRECTION,"'',(-2.60452601233645E-21,1.,9.9579925010296E-17)"
24665,DIRECTION,"'',(0.,0.,0.999999999999998)"
24666,DIRECTION,"'',(-2.60452601233645E-21,1.,9.9579925010296E-17)"
24667,DIRECTION,"'',(0.,0.,-0.999999999999998)"
24668,DIRECTION,"'',(4.72637892763933E-21,1.,9.9579925010296E-17)"
24669,DIRECTION,"'',(0.,0.,0.999999999999997)"
24670,DIRECTION,"'',(4.72637892763933E-21,1.,9.9579925010296E-17)"
24671,DIRECTION,"'',(0.,0.,-0.999999999999997)"
24672,DIRECTION,"'',(1.99865874940847E-21,1.,9.9579925010296E-17)"
24673,DIRECTION,"'',(0.,0.,0.999999999999998)"
24674,DIRECTION,"'',(1.99865874940847E-21,1.,9.9579925010296E-17)"
24675,DIRECTION,"'',(0.,0.,-0.999999999999998)"
24676,DIRECTION,"'',(-2.54302442648119E-21,1.,9.9579925010296E-17)"
24677,DIRECTION,"'',(0.,0.,0.999999999999998)"
24678,DIRECTION,"'',(-2.54302442648119E-21,1.,9.9579925010296E-17)"
24679,DIRECTION,"'',(0.,0.,-0.999999999999998)"
24680,DIRECTION,"'',(3.06568789254324E-21,1.,9.9579925010296E-17)"
24681,DIRECTION,"'',(0.,0.,1.)"
24682,DIRECTION,"'',(3.06568789254324E-21,1.,9.9579925010296E-17)"
24683,DIRECTION,"'',(0.,0.,-1.)"
24684,DIRECTION,"'',(-3.46910981642398E-23,1.,9.9579925010296E-17)"
24685,DIRECTION,"'',(0.,0.,0.999999999999998)"
24686,DIRECTION,"'',(-3.46910981642398E-23,1.,9.9579925010296E-17)"
24687,DIRECTION,"'',(0.,0.,-0.999999999999998)"
24688,DIRECTION,"'',(1.68965285890463E-21,1.,9.9579925010296E-17)"
24689,DIRECTION,"'',(0.,0.,1.)"
24690,DIRECTION,"'',(1.68965285890463E-21,1.,9.9579925010296E-17)"
24691,DIRECTION,"'',(0.,0.,-1.)"
24692,DIRECTION,"'',(8.14068858430026E-23,1.,9.9579925010296E-17)"
24693,DIRECTION,"'',(0.,0.,1.)"
24694,DIRECTION,"'',(8.14068858430026E-23,1.,9.9579925010296E-17)"
24695,DIRECTION,"'',(0.,0.,-1.)"
24696,DIRECTION,"'',(0.,-1.,0.)"
24697,DIRECTION,"'',(0.,0.,-1.)"
24698,DIRECTION,"'',(0.,-1.,0.)"
24699,DIRECTION,"'',(-1.,0.,0.)"
24700,DIRECTION,"'',(0.,-1.,0.)"
24701,DIRECTION,"'',(0.,0.,1.)"
24702,DIRECTION,"'',(1.,0.,0.)"
24703,DIRECTION,"'',(-0.318330494137003,0.,0.947979797518118)"
24704,DIRECTION,"'',(0.947979797518118,0.,0.318330494137003)"
24705,DIRECTION,"'',(0.318330494137003,0.,-0.947979797518118)"
24706,DIRECTION,"'',(-6.38257316369153E-21,-1.,-9.9579925010296E-17)"
24707,DIRECTION,"'',(0.,0.,1.)"
24708,DIRECTION,"'',(-2.42589854853067E-22,-1.,-9.9579925010296E-17)"
24709,DIRECTION,"'',(6.38257316369153E-21,1.,9.9579925010296E-17)"
24710,DIRECTION,"'',(0.,0.,-1.)"
24711,DIRECTION,"'',(-2.42589854853067E-22,-1.,-9.9579925010296E-17)"
24712,DIRECTION,"'',(0.,0.,1.)"
24713,DIRECTION,"'',(2.42589854853067E-22,1.,9.9579925010296E-17)"
24714,DIRECTION,"'',(0.,0.,-1.)"
24715,DIRECTION,"'',(-0.326034559928319,0.,-0.945357850621841)"
24716,DIRECTION,"'',(0.,-1.,0.)"
24717,DIRECTION,"'',(-0.945357850621841,0.,0.326034559928319)"
24718,DIRECTION,"'',(0.326034559928319,0.,0.945357850621841)"
24719,DIRECTION,"'',(-1.,0.,0.)"
24720,DIRECTION,"'',(0.,-1.,0.)"
24721,DIRECTION,"'',(0.,0.,1.)"
24722,DIRECTION,"'',(1.,0.,0.)"
24723,DIRECTION,"'',(0.,0.,1.)"
24724,DIRECTION,"'',(0.,-1.,0.)"
24725,DIRECTION,"'',(1.,0.,0.)"
24726,DIRECTION,"'',(0.,0.,-1.)"
24727,DIRECTION,"'',(1.,0.,0.)"
24728,DIRECTION,"'',(0.,-1.,0.)"
24729,DIRECTION,"'',(0.,0.,-1.)"
24730,DIRECTION,"'',(-1.,0.,0.)"
24731,DIRECTION,"'',(0.,0.,-1.)"
24732,DIRECTION,"'',(0.,-1.,0.)"
24733,DIRECTION,"'',(-1.,0.,0.)"
24734,DIRECTION,"'',(0.,0.,1.)"
24735,DIRECTION,"'',(0.330034258715973,0.,0.943968955037081)"
24736,DIRECTION,"'',(0.,-1.,0.)"
24737,DIRECTION,"'',(0.943968955037081,0.,-0.330034258715973)"
24738,DIRECTION,"'',(-0.330034258715973,0.,-0.943968955037081)"
24739,DIRECTION,"'',(1.,0.,0.)"
24740,DIRECTION,"'',(0.,-1.,0.)"
24741,DIRECTION,"'',(0.,0.,-1.)"
24742,DIRECTION,"'',(-1.,0.,0.)"
24743,DIRECTION,"'',(0.321819116974844,0.,-0.946801170230335)"
24744,DIRECTION,"'',(0.,-1.,0.)"
24745,DIRECTION,"'',(-0.946801170230335,0.,-0.321819116974844)"
24746,DIRECTION,"'',(-0.321819116974844,0.,0.946801170230335)"
24747,DIRECTION,"'',(0.,0.,1.)"
24748,DIRECTION,"'',(0.,-1.,0.)"
24749,DIRECTION,"'',(1.,0.,0.)"
24750,DIRECTION,"'',(0.,0.,-1.)"
24751,DIRECTION,"'',(1.,0.,0.)"
24752,DIRECTION,"'',(0.,-1.,0.)"
24753,DIRECTION,"'',(0.,0.,-1.)"
24754,DIRECTION,"'',(-1.,0.,0.)"
24755,DIRECTION,"'',(0.,0.,-1.)"
24756,DIRECTION,"'',(-1.,0.,0.)"
24757,DIRECTION,"'',(0.,0.,1.)"
24758,DIRECTION,"'',(0.,-1.,0.)"
24759,DIRECTION,"'',(0.,0.,-1.)"
24760,DIRECTION,"'',(0.,-1.,0.)"
24761,DIRECTION,"'',(0.,0.,-1.)"
24762,DIRECTION,"'',(-1.50624757246335E-22,-1.,-9.9579925010296E-17)"
24763,DIRECTION,"'',(-1.,0.,0.)"
24764,DIRECTION,"'',(0.,0.,1.)"
24765,DIRECTION,"'',(-1.50624757246335E-22,-1.,-9.9579925010296E-17)"
24766,DIRECTION,"'',(0.,0.,1.)"
24767,DIRECTION,"'',(1.50624757246335E-22,1.,9.9579925010296E-17)"
24768,DIRECTION,"'',(0.,0.,-1.)"
24769,DIRECTION,"'',(1.50481317172623E-23,-1.,-9.9579925010296E-17)"
24770,DIRECTION,"'',(0.,0.,1.)"
24771,DIRECTION,"'',(1.50481317172623E-23,-1.,-9.9579925010296E-17)"
24772,DIRECTION,"'',(-1.50481317172623E-23,1.,9.9579925010296E-17)"
24773,DIRECTION,"'',(0.,0.,-1.)"
24774,DIRECTION,"'',(0.,0.,-1.)"
24775,DIRECTION,"'',(2.18174453469978E-22,-1.,-9.9579925010296E-17)"
24776,DIRECTION,"'',(-1.,0.,0.)"
24777,DIRECTION,"'',(0.,0.,1.)"
24778,DIRECTION,"'',(-2.18174453469978E-22,1.,9.9579925010296E-17)"
24779,DIRECTION,"'',(0.,0.,1.)"
24780,DIRECTION,"'',(-2.18174453469978E-22,1.,9.9579925010296E-17)"
24781,DIRECTION,"'',(0.,0.,-1.)"
24782,DIRECTION,"'',(2.45965375217684E-23,1.,9.9579925010296E-17)"
24783,DIRECTION,"'',(0.,0.,1.)"
24784,DIRECTION,"'',(-2.45965375217684E-23,-1.,-9.9579925010296E-17)"
24785,DIRECTION,"'',(2.45965375217684E-23,1.,9.9579925010296E-17)"
24786,DIRECTION,"'',(0.,0.,-1.)"
24787,DIRECTION,"'',(-1.,0.,0.)"
24788,DIRECTION,"'',(0.,-1.,0.)"
24789,DIRECTION,"'',(0.,0.,1.)"
24790,DIRECTION,"'',(1.,0.,0.)"
24791,DIRECTION,"'',(0.,0.,1.)"
24792,DIRECTION,"'',(0.,-1.,0.)"
24793,DIRECTION,"'',(1.,0.,0.)"
24794,DIRECTION,"'',(0.,0.,-1.)"
24795,DIRECTION,"'',(1.,0.,0.)"
24796,DIRECTION,"'',(0.,0.,-1.)"
24797,DIRECTION,"'',(-1.,0.,0.)"
24798,DIRECTION,"'',(0.,-1.,0.)"
24799,DIRECTION,"'',(0.,0.,-1.)"
24800,DIRECTION,"'',(2.97075277440421E-24,1.,9.9579925010296E-17)"
24801,DIRECTION,"'',(0.,0.,0.999999999999999)"
24802,DIRECTION,"'',(1.6953149346425E-21,1.,9.9579925010296E-17)"
24803,DIRECTION,"'',(0.,0.,0.999999999999999)"
24804,DIRECTION,"'',(-3.75280033960187E-23,1.,9.9579925010296E-17)"
24805,DIRECTION,"'',(0.,0.,1.)"
24806,DIRECTION,"'',(3.06830127988202E-21,1.,9.9579925010296E-17)"
24807,DIRECTION,"'',(0.,0.,1.)"
24808,DIRECTION,"'',(-2.53933699289864E-21,1.,9.9579925010296E-17)"
24809,DIRECTION,"'',(0.,0.,0.999999999999999)"
24810,DIRECTION,"'',(1.99583584478363E-21,1.,9.9579925010296E-17)"
24811,DIRECTION,"'',(0.,0.,0.999999999999999)"
24812,DIRECTION,"'',(4.72844186021547E-21,1.,9.9579925010296E-17)"
24813,DIRECTION,"'',(0.,0.,1.)"
24814,DIRECTION,"'',(-2.60475498592039E-21,1.,9.9579925010296E-17)"
24815,DIRECTION,"'',(0.,0.,1.)"
24816,DIRECTION,"'',(-1.50401547809168E-21,1.,9.9579925010296E-17)"
24817,DIRECTION,"'',(0.,0.,0.999999999999997)"
24818,DIRECTION,"'',(-3.76570696557579E-21,1.,9.9579925010296E-17)"
24819,DIRECTION,"'',(0.,0.,0.999999999999999)"
24820,DIRECTION,"'',(0.997054485501581,0.,0.0766964988847446)"
24821,DIRECTION,"'',(2.25555084376574E-21,-1.,-9.9579925010296E-17)"
24822,DIRECTION,"'',(0.,0.,1.)"
24823,DIRECTION,"'',(-7.83106839070048E-21,-1.,-9.9579925010296E-17)"
24824,DIRECTION,"'',(0.,0.,1.)"
24825,DIRECTION,"'',(5.59744195980091E-21,-1.,-9.9579925010296E-17)"
24826,DIRECTION,"'',(0.,0.,1.)"
24827,DIRECTION,"'',(-2.32349260601652E-21,-1.,-9.9579925010296E-17)"
24828,DIRECTION,"'',(0.,0.,1.)"
24829,DIRECTION,"'',(1.49647818192E-21,-1.,-9.9579925010296E-17)"
24830,DIRECTION,"'',(0.,0.,1.)"
24831,DIRECTION,"'',(-1.80240983511983E-21,-1.,-9.9579925010296E-17)"
24832,DIRECTION,"'',(0.,0.,1.)"
24833,DIRECTION,"'',(-2.22287040910422E-22,-1.,-9.9579925010296E-17)"
24834,DIRECTION,"'',(0.,0.,1.)"
24835,DIRECTION,"'',(1.17397982329727E-21,-1.,-9.9579925010296E-17)"
24836,DIRECTION,"'',(0.,0.,1.)"
24837,DIRECTION,"'',(1.51374616009642E-21,-1.,-9.9579925010296E-17)"
24838,DIRECTION,"'',(0.,0.,1.)"
24839,DIRECTION,"'',(-1.16628418276863E-21,-1.,-9.9579925010296E-17)"
24840,DIRECTION,"'',(0.,0.,0.999999999999999)"
24841,DIRECTION,"'',(-9.97074633120877E-22,-1.,-9.9579925010296E-17)"
24842,DIRECTION,"'',(0.,0.,0.999999999999999)"
24843,DIRECTION,"'',(6.39679990531377E-22,1.,9.9579925010296E-17)"
24844,DIRECTION,"'',(0.,0.,0.999999999999999)"
24845,DIRECTION,"'',(2.50856982094314E-21,1.,9.9579925010296E-17)"
24846,DIRECTION,"'',(0.,0.,1.)"
24847,DIRECTION,"'',(-1.32149468218387E-21,1.,9.9579925010296E-17)"
24848,DIRECTION,"'',(0.,0.,0.999999999999998)"
24849,DIRECTION,"'',(-1.1310242938104E-21,1.,9.9579925010296E-17)"
24850,DIRECTION,"'',(0.,0.,1.)"
24851,DIRECTION,"'',(0.,1.,0.)"
24852,DIRECTION,"'',(0.,0.,1.)"
24853,DIRECTION,"'',(3.76570696557579E-21,-1.,-9.9579925010296E-17)"
24854,DIRECTION,"'',(-3.76570696557579E-21,1.,9.9579925010296E-17)"
24855,DIRECTION,"'',(0.,0.,-0.999999999999999)"
24856,DIRECTION,"'',(-1.1310242938104E-21,1.,9.9579925010296E-17)"
24857,DIRECTION,"'',(0.,0.,-1.)"
24858,DIRECTION,"'',(-1.32149468218387E-21,1.,9.9579925010296E-17)"
24859,DIRECTION,"'',(0.,0.,-0.999999999999998)"
24860,DIRECTION,"'',(2.50856982094314E-21,1.,9.9579925010296E-17)"
24861,DIRECTION,"'',(0.,0.,-1.)"
24862,DIRECTION,"'',(-6.39679990531377E-22,-1.,-9.9579925010296E-17)"
24863,DIRECTION,"'',(6.39679990531377E-22,1.,9.9579925010296E-17)"
24864,DIRECTION,"'',(0.,0.,-0.999999999999999)"
24865,DIRECTION,"'',(9.97074633120877E-22,1.,9.9579925010296E-17)"
24866,DIRECTION,"'',(0.,0.,-0.999999999999999)"
24867,DIRECTION,"'',(1.16628418276863E-21,1.,9.9579925010296E-17)"
24868,DIRECTION,"'',(0.,0.,-0.999999999999999)"
24869,DIRECTION,"'',(-1.51374616009642E-21,1.,9.9579925010296E-17)"
24870,DIRECTION,"'',(0.,0.,-1.)"
24871,DIRECTION,"'',(-1.17397982329727E-21,1.,9.9579925010296E-17)"
24872,DIRECTION,"'',(0.,0.,-1.)"
24873,DIRECTION,"'',(2.22287040910422E-22,1.,9.9579925010296E-17)"
24874,DIRECTION,"'',(0.,0.,-1.)"
24875,DIRECTION,"'',(1.80240983511983E-21,1.,9.9579925010296E-17)"
24876,DIRECTION,"'',(0.,0.,-1.)"
24877,DIRECTION,"'',(-1.49647818192E-21,1.,9.9579925010296E-17)"
24878,DIRECTION,"'',(0.,0.,-1.)"
24879,DIRECTION,"'',(2.32349260601652E-21,1.,9.9579925010296E-17)"
24880,DIRECTION,"'',(0.,0.,-1.)"
24881,DIRECTION,"'',(0.,-1.,0.)"
24882,DIRECTION,"'',(0.,1.,0.)"
24883,DIRECTION,"'',(0.,1.,0.)"
24884,DIRECTION,"'',(-7.83106839070048E-21,-1.,-9.9579925010296E-17)"
24885,DIRECTION,"'',(-5.59744195980091E-21,1.,9.9579925010296E-17)"
24886,DIRECTION,"'',(0.,0.,-1.)"
24887,DIRECTION,"'',(-7.83106839070048E-21,-1.,-9.9579925010296E-17)"
24888,DIRECTION,"'',(7.83106839070048E-21,1.,9.9579925010296E-17)"
24889,DIRECTION,"'',(0.,0.,-1.)"
24890,DIRECTION,"'',(2.25555084376574E-21,-1.,-9.9579925010296E-17)"
24891,DIRECTION,"'',(-2.25555084376574E-21,1.,9.9579925010296E-17)"
24892,DIRECTION,"'',(0.,0.,-1.)"
24893,DIRECTION,"'',(0.0766964988847446,0.,-0.997054485501581)"
24894,DIRECTION,"'',(-0.997054485501581,0.,-0.0766964988847446)"
24895,DIRECTION,"'',(-1.50401547809168E-21,1.,9.9579925010296E-17)"
24896,DIRECTION,"'',(0.,0.,0.999999999999997)"
24897,DIRECTION,"'',(-1.50401547809168E-21,1.,9.9579925010296E-17)"
24898,DIRECTION,"'',(0.,0.,-0.999999999999997)"
24899,DIRECTION,"'',(-2.60475498592039E-21,1.,9.9579925010296E-17)"
24900,DIRECTION,"'',(0.,0.,1.)"
24901,DIRECTION,"'',(-2.60475498592039E-21,1.,9.9579925010296E-17)"
24902,DIRECTION,"'',(0.,0.,-1.)"
24903,DIRECTION,"'',(4.72844186021547E-21,1.,9.9579925010296E-17)"
24904,DIRECTION,"'',(0.,0.,1.)"
24905,DIRECTION,"'',(4.72844186021547E-21,1.,9.9579925010296E-17)"
24906,DIRECTION,"'',(0.,0.,-1.)"
24907,DIRECTION,"'',(1.99583584478363E-21,1.,9.9579925010296E-17)"
24908,DIRECTION,"'',(0.,0.,0.999999999999999)"
24909,DIRECTION,"'',(1.99583584478363E-21,1.,9.9579925010296E-17)"
24910,DIRECTION,"'',(0.,0.,-0.999999999999999)"
24911,DIRECTION,"'',(-2.53933699289864E-21,1.,9.9579925010296E-17)"
24912,DIRECTION,"'',(0.,0.,0.999999999999999)"
24913,DIRECTION,"'',(-2.53933699289864E-21,1.,9.9579925010296E-17)"
24914,DIRECTION,"'',(0.,0.,-0.999999999999999)"
24915,DIRECTION,"'',(3.06830127988202E-21,1.,9.9579925010296E-17)"
24916,DIRECTION,"'',(0.,0.,1.)"
24917,DIRECTION,"'',(3.06830127988202E-21,1.,9.9579925010296E-17)"
24918,DIRECTION,"'',(0.,0.,-1.)"
24919,DIRECTION,"'',(-3.75280033960187E-23,1.,9.9579925010296E-17)"
24920,DIRECTION,"'',(0.,0.,1.)"
24921,DIRECTION,"'',(-3.75280033960187E-23,1.,9.9579925010296E-17)"
24922,DIRECTION,"'',(0.,0.,-1.)"
24923,DIRECTION,"'',(1.6953149346425E-21,1.,9.9579925010296E-17)"
24924,DIRECTION,"'',(0.,0.,0.999999999999999)"
24925,DIRECTION,"'',(1.6953149346425E-21,1.,9.9579925010296E-17)"
24926,DIRECTION,"'',(0.,0.,-0.999999999999999)"
24927,DIRECTION,"'',(2.97075277440421E-24,1.,9.9579925010296E-17)"
24928,DIRECTION,"'',(0.,0.,0.999999999999999)"
24929,DIRECTION,"'',(2.97075277440421E-24,1.,9.9579925010296E-17)"
24930,DIRECTION,"'',(0.,0.,-0.999999999999999)"
24931,DIRECTION,"'',(0.,-1.,0.)"
24932,DIRECTION,"'',(0.,0.,-1.)"
24933,DIRECTION,"'',(0.,0.,1.)"
24934,DIRECTION,"'',(0.,-1.,0.)"
24935,DIRECTION,"'',(0.,0.,1.)"
24936,DIRECTION,"'',(-1.,0.,0.)"
24937,DIRECTION,"'',(0.,0.,1.)"
24938,DIRECTION,"'',(-1.,0.,0.)"
24939,DIRECTION,"'',(0.,0.,1.)"
24940,DIRECTION,"'',(0.,1.,0.)"
24941,DIRECTION,"'',(0.,0.,1.)"
24942,DIRECTION,"'',(0.,-1.,0.)"
24943,DIRECTION,"'',(0.,0.,1.)"
24944,DIRECTION,"'',(-1.,0.,0.)"
24945,DIRECTION,"'',(0.,0.,1.)"
24946,DIRECTION,"'',(-1.,0.,0.)"
24947,DIRECTION,"'',(0.,0.,1.)"
24948,DIRECTION,"'',(0.,1.,0.)"
24949,DIRECTION,"'',(0.,0.,1.)"
24950,DIRECTION,"'',(0.,1.,0.)"
24951,DIRECTION,"'',(0.,0.,1.)"
24952,DIRECTION,"'',(1.,0.,0.)"
24953,DIRECTION,"'',(0.,0.,-1.)"
24954,DIRECTION,"'',(1.,0.,0.)"
24955,DIRECTION,"'',(0.,-1.,0.)"
24956,DIRECTION,"'',(0.,0.,-1.)"
24957,DIRECTION,"'',(0.,0.,-1.)"
24958,DIRECTION,"'',(-1.,0.,0.)"
24959,DIRECTION,"'',(-1.,0.,0.)"
24960,DIRECTION,"'',(0.,0.,-1.)"
24961,DIRECTION,"'',(-1.,0.,0.)"
24962,DIRECTION,"'',(0.,1.,0.)"
24963,DIRECTION,"'',(0.,0.,1.)"
24964,DIRECTION,"'',(0.,0.94797979751812,-0.318330494136998)"
24965,DIRECTION,"'',(0.,0.318330494136998,0.94797979751812)"
24966,DIRECTION,"'',(0.,-0.94797979751812,0.318330494136998)"
24967,DIRECTION,"'',(-1.,1.1143827045458E-20,9.9579925010296E-17)"
24968,DIRECTION,"'',(0.,0.,-1.)"
24969,DIRECTION,"'',(-1.,-4.83364965717565E-22,9.9579925010296E-17)"
24970,DIRECTION,"'',(1.,-1.1143827045458E-20,-9.9579925010296E-17)"
24971,DIRECTION,"'',(0.,0.,1.)"
24972,DIRECTION,"'',(-1.,-4.83364965717565E-22,9.9579925010296E-17)"
24973,DIRECTION,"'',(0.,0.,-1.)"
24974,DIRECTION,"'',(1.,4.83364965717565E-22,-9.9579925010296E-17)"
24975,DIRECTION,"'',(0.,0.,1.)"
24976,DIRECTION,"'',(0.,-0.945357850621844,-0.32603455992831)"
24977,DIRECTION,"'',(-1.,0.,0.)"
24978,DIRECTION,"'',(0.,0.32603455992831,-0.945357850621844)"
24979,DIRECTION,"'',(0.,0.945357850621844,0.32603455992831)"
24980,DIRECTION,"'',(0.,0.,-1.)"
24981,DIRECTION,"'',(-1.,0.,0.)"
24982,DIRECTION,"'',(0.,1.,0.)"
24983,DIRECTION,"'',(0.,0.,1.)"
24984,DIRECTION,"'',(0.,1.,0.)"
24985,DIRECTION,"'',(-1.,0.,0.)"
24986,DIRECTION,"'',(0.,0.,1.)"
24987,DIRECTION,"'',(1.,0.,0.)"
24988,DIRECTION,"'',(0.,0.,1.)"
24989,DIRECTION,"'',(-1.,0.,0.)"
24990,DIRECTION,"'',(0.,-1.,0.)"
24991,DIRECTION,"'',(0.,0.,-1.)"
24992,DIRECTION,"'',(0.,-1.,0.)"
24993,DIRECTION,"'',(-1.,0.,0.)"
24994,DIRECTION,"'',(0.,0.,-1.)"
24995,DIRECTION,"'',(-1.,0.,0.)"
24996,DIRECTION,"'',(0.,0.943968955037081,0.330034258715973)"
24997,DIRECTION,"'',(-1.,0.,0.)"
24998,DIRECTION,"'',(0.,-0.330034258715973,0.943968955037081)"
24999,DIRECTION,"'',(0.,-0.943968955037081,-0.330034258715973)"
25000,DIRECTION,"'',(0.,0.,1.)"
25001,DIRECTION,"'',(-1.,0.,0.)"
25002,DIRECTION,"'',(0.,-1.,0.)"
25003,DIRECTION,"'',(0.,0.,-1.)"
25004,DIRECTION,"'',(0.,-0.946801170230335,0.321819116974843)"
25005,DIRECTION,"'',(-1.,0.,0.)"
25006,DIRECTION,"'',(0.,-0.321819116974843,-0.946801170230335)"
25007,DIRECTION,"'',(0.,0.946801170230335,-0.321819116974843)"
25008,DIRECTION,"'',(0.,1.,0.)"
25009,DIRECTION,"'',(-1.,0.,0.)"
25010,DIRECTION,"'',(0.,0.,1.)"
25011,DIRECTION,"'',(1.,0.,0.)"
25012,DIRECTION,"'',(0.,0.,1.)"
25013,DIRECTION,"'',(-1.,0.,0.)"
25014,DIRECTION,"'',(0.,-1.,0.)"
25015,DIRECTION,"'',(0.,0.,-1.)"
25016,DIRECTION,"'',(0.,-1.,0.)"
25017,DIRECTION,"'',(0.,0.,-1.)"
25018,DIRECTION,"'',(-1.,0.,0.)"
25019,DIRECTION,"'',(-1.,0.,0.)"
25020,DIRECTION,"'',(0.,0.,1.)"
25021,DIRECTION,"'',(-1.,0.,0.)"
25022,DIRECTION,"'',(0.,-1.,0.)"
25023,DIRECTION,"'',(-1.,8.19038098733033E-22,9.9579925010296E-17)"
25024,DIRECTION,"'',(0.,0.,-1.)"
25025,DIRECTION,"'',(-1.,0.,0.)"
25026,DIRECTION,"'',(-1.,8.19038098733033E-22,9.9579925010296E-17)"
25027,DIRECTION,"'',(0.,0.,-1.)"
25028,DIRECTION,"'',(1.,-8.19038098733033E-22,-9.9579925010296E-17)"
25029,DIRECTION,"'',(0.,0.,1.)"
25030,DIRECTION,"'',(-1.,6.6628679138605E-22,9.9579925010296E-17)"
25031,DIRECTION,"'',(0.,0.,-0.999999999999999)"
25032,DIRECTION,"'',(-1.,6.6628679138605E-22,9.9579925010296E-17)"
25033,DIRECTION,"'',(1.,-6.6628679138605E-22,-9.9579925010296E-17)"
25034,DIRECTION,"'',(0.,0.,1.)"
25035,DIRECTION,"'',(0.,-1.,0.)"
25036,DIRECTION,"'',(-1.,2.58202017347339E-22,9.9579925010296E-17)"
25037,DIRECTION,"'',(0.,0.,-1.)"
25038,DIRECTION,"'',(-1.,0.,0.)"
25039,DIRECTION,"'',(1.,-2.58202017347339E-22,-9.9579925010296E-17)"
25040,DIRECTION,"'',(0.,0.,-1.)"
25041,DIRECTION,"'',(1.,-2.58202017347339E-22,-9.9579925010296E-17)"
25042,DIRECTION,"'',(0.,0.,1.)"
25043,DIRECTION,"'',(1.,-1.70047412620698E-21,-9.9579925010296E-17)"
25044,DIRECTION,"'',(0.,0.,-0.999999999999999)"
25045,DIRECTION,"'',(-1.,1.70047412620698E-21,9.9579925010296E-17)"
25046,DIRECTION,"'',(1.,-1.70047412620698E-21,-9.9579925010296E-17)"
25047,DIRECTION,"'',(0.,0.,0.999999999999999)"
25048,DIRECTION,"'',(0.,0.,-1.)"
25049,DIRECTION,"'',(-1.,0.,0.)"
25050,DIRECTION,"'',(0.,1.,0.)"
25051,DIRECTION,"'',(0.,0.,1.)"
25052,DIRECTION,"'',(0.,1.,0.)"
25053,DIRECTION,"'',(-1.,0.,0.)"
25054,DIRECTION,"'',(0.,0.,1.)"
25055,DIRECTION,"'',(1.,0.,0.)"
25056,DIRECTION,"'',(0.,0.,1.)"
25057,DIRECTION,"'',(0.,-1.,0.)"
25058,DIRECTION,"'',(0.,0.,-1.)"
25059,DIRECTION,"'',(-1.,0.,0.)"
25060,DIRECTION,"'',(0.,0.,1.)"
25061,DIRECTION,"'',(1.,5.58393631105704E-22,-9.9579925010296E-17)"
25062,DIRECTION,"'',(0.,0.,-0.999999999999999)"
25063,DIRECTION,"'',(1.,1.03158382386986E-20,-9.9579925010296E-17)"
25064,DIRECTION,"'',(0.,0.,-0.999999999999999)"
25065,DIRECTION,"'',(1.,8.08160629149094E-23,-9.9579925010296E-17)"
25066,DIRECTION,"'',(0.,0.,-1.)"
25067,DIRECTION,"'',(1.,3.2196327125367E-22,-9.9579925010296E-17)"
25068,DIRECTION,"'',(0.,0.,-1.)"
25069,DIRECTION,"'',(1.,-1.28880605358075E-20,-9.9579925010296E-17)"
25070,DIRECTION,"'',(0.,0.,-0.999999999999998)"
25071,DIRECTION,"'',(1.,1.07855683679186E-20,-9.9579925010296E-17)"
25072,DIRECTION,"'',(0.,0.,-0.999999999999999)"
25073,DIRECTION,"'',(1.,6.90826625640041E-22,-9.9579925010296E-17)"
25074,DIRECTION,"'',(0.,0.,-1.)"
25075,DIRECTION,"'',(1.,-7.08291480880487E-24,-9.9579925010296E-17)"
25076,DIRECTION,"'',(0.,0.,-0.999999999999999)"
25077,DIRECTION,"'',(1.,-1.4788482173622E-21,-9.9579925010296E-17)"
25078,DIRECTION,"'',(0.,0.,-1.)"
25079,DIRECTION,"'',(1.,-3.33647026884025E-21,-9.9579925010296E-17)"
25080,DIRECTION,"'',(0.,0.,-1.)"
25081,DIRECTION,"'',(0.,0.0766964988846963,0.997054485501585)"
25082,DIRECTION,"'',(-1.,6.5589730407607E-21,9.9579925010296E-17)"
25083,DIRECTION,"'',(0.,0.,-1.)"
25084,DIRECTION,"'',(-1.,-1.20225386781737E-21,9.9579925010296E-17)"
25085,DIRECTION,"'',(0.,0.,-1.)"
25086,DIRECTION,"'',(-1.,7.17808053790536E-22,9.9579925010296E-17)"
25087,DIRECTION,"'',(0.,0.,-1.)"
25088,DIRECTION,"'',(-1.,-1.79630485404103E-22,9.9579925010296E-17)"
25089,DIRECTION,"'',(0.,0.,-1.)"
25090,DIRECTION,"'',(-1.,1.20691401071166E-22,9.9579925010296E-17)"
25091,DIRECTION,"'',(0.,0.,-1.)"
25092,DIRECTION,"'',(-1.,-1.41452057875387E-21,9.9579925010296E-17)"
25093,DIRECTION,"'',(0.,0.,-0.999999999999999)"
25094,DIRECTION,"'',(-1.,-6.90314029219335E-22,9.9579925010296E-17)"
25095,DIRECTION,"'',(0.,0.,-0.999999999999998)"
25096,DIRECTION,"'',(-1.,8.0162156438322E-21,9.9579925010296E-17)"
25097,DIRECTION,"'',(0.,0.,-1.)"
25098,DIRECTION,"'',(-1.,2.63271316414102E-22,9.9579925010296E-17)"
25099,DIRECTION,"'',(0.,0.,-0.999999999999998)"
25100,DIRECTION,"'',(-1.,-8.55197670004853E-25,9.9579925010296E-17)"
25101,DIRECTION,"'',(0.,0.,-1.)"
25102,DIRECTION,"'',(-1.,-5.9622112921898E-22,9.9579925010296E-17)"
25103,DIRECTION,"'',(0.,0.,-0.999999999999998)"
25104,DIRECTION,"'',(1.,2.01140600848431E-21,-9.9579925010296E-17)"
25105,DIRECTION,"'',(0.,0.,-1.)"
25106,DIRECTION,"'',(1.,2.1887429862979E-21,-9.9579925010296E-17)"
25107,DIRECTION,"'',(0.,0.,-0.999999999999999)"
25108,DIRECTION,"'',(1.,-1.04137095451033E-22,-9.9579925010296E-17)"
25109,DIRECTION,"'',(0.,0.,-0.999999999999997)"
25110,DIRECTION,"'',(1.,-2.11831674971619E-22,-9.9579925010296E-17)"
25111,DIRECTION,"'',(0.,0.,-0.999999999999999)"
25112,DIRECTION,"'',(1.,0.,0.)"
25113,DIRECTION,"'',(0.,0.,-1.)"
25114,DIRECTION,"'',(-1.,3.33647026884025E-21,9.9579925010296E-17)"
25115,DIRECTION,"'',(1.,-3.33647026884025E-21,-9.9579925010296E-17)"
25116,DIRECTION,"'',(0.,0.,1.)"
25117,DIRECTION,"'',(1.,-2.11831674971619E-22,-9.9579925010296E-17)"
25118,DIRECTION,"'',(0.,0.,0.999999999999999)"
25119,DIRECTION,"'',(1.,-1.04137095451033E-22,-9.9579925010296E-17)"
25120,DIRECTION,"'',(0.,0.,0.999999999999997)"
25121,DIRECTION,"'',(1.,2.1887429862979E-21,-9.9579925010296E-17)"
25122,DIRECTION,"'',(0.,0.,0.999999999999999)"
25123,DIRECTION,"'',(-1.,-2.01140600848431E-21,9.9579925010296E-17)"
25124,DIRECTION,"'',(1.,2.01140600848431E-21,-9.9579925010296E-17)"
25125,DIRECTION,"'',(0.,0.,1.)"
25126,DIRECTION,"'',(1.,5.9622112921898E-22,-9.9579925010296E-17)"
25127,DIRECTION,"'',(0.,0.,0.999999999999998)"
25128,DIRECTION,"'',(1.,8.55197670004853E-25,-9.9579925010296E-17)"
25129,DIRECTION,"'',(0.,0.,1.)"
25130,DIRECTION,"'',(1.,-2.63271316414102E-22,-9.9579925010296E-17)"
25131,DIRECTION,"'',(0.,0.,0.999999999999998)"
25132,DIRECTION,"'',(1.,-8.0162156438322E-21,-9.9579925010296E-17)"
25133,DIRECTION,"'',(0.,0.,1.)"
25134,DIRECTION,"'',(1.,6.90314029219335E-22,-9.9579925010296E-17)"
25135,DIRECTION,"'',(0.,0.,0.999999999999998)"
25136,DIRECTION,"'',(1.,1.41452057875387E-21,-9.9579925010296E-17)"
25137,DIRECTION,"'',(0.,0.,0.999999999999999)"
25138,DIRECTION,"'',(1.,-1.20691401071166E-22,-9.9579925010296E-17)"
25139,DIRECTION,"'',(0.,0.,1.)"
25140,DIRECTION,"'',(1.,1.79630485404103E-22,-9.9579925010296E-17)"
25141,DIRECTION,"'',(0.,0.,1.)"
25142,DIRECTION,"'',(-1.,0.,0.)"
25143,DIRECTION,"'',(1.,0.,0.)"
25144,DIRECTION,"'',(1.,0.,0.)"
25145,DIRECTION,"'',(-1.,-1.20225386781737E-21,9.9579925010296E-17)"
25146,DIRECTION,"'',(1.,-7.17808053790536E-22,-9.9579925010296E-17)"
25147,DIRECTION,"'',(0.,0.,1.)"
25148,DIRECTION,"'',(-1.,-1.20225386781737E-21,9.9579925010296E-17)"
25149,DIRECTION,"'',(1.,1.20225386781737E-21,-9.9579925010296E-17)"
25150,DIRECTION,"'',(0.,0.,1.)"
25151,DIRECTION,"'',(-1.,6.5589730407607E-21,9.9579925010296E-17)"
25152,DIRECTION,"'',(1.,-6.5589730407607E-21,-9.9579925010296E-17)"
25153,DIRECTION,"'',(0.,0.,1.)"
25154,DIRECTION,"'',(0.,-0.997054485501585,0.0766964988846963)"
25155,DIRECTION,"'',(0.,-0.0766964988846963,-0.997054485501585)"
25156,DIRECTION,"'',(1.,-1.4788482173622E-21,-9.9579925010296E-17)"
25157,DIRECTION,"'',(0.,0.,-1.)"
25158,DIRECTION,"'',(1.,-1.4788482173622E-21,-9.9579925010296E-17)"
25159,DIRECTION,"'',(0.,0.,1.)"
25160,DIRECTION,"'',(1.,-7.08291480880487E-24,-9.9579925010296E-17)"
25161,DIRECTION,"'',(0.,0.,-0.999999999999999)"
25162,DIRECTION,"'',(1.,-7.08291480880487E-24,-9.9579925010296E-17)"
25163,DIRECTION,"'',(0.,0.,0.999999999999999)"
25164,DIRECTION,"'',(1.,6.90826625640041E-22,-9.9579925010296E-17)"
25165,DIRECTION,"'',(0.,0.,-1.)"
25166,DIRECTION,"'',(1.,6.90826625640041E-22,-9.9579925010296E-17)"
25167,DIRECTION,"'',(0.,0.,1.)"
25168,DIRECTION,"'',(1.,1.07855683679186E-20,-9.9579925010296E-17)"
25169,DIRECTION,"'',(0.,0.,-0.999999999999999)"
25170,DIRECTION,"'',(1.,1.07855683679186E-20,-9.9579925010296E-17)"
25171,DIRECTION,"'',(0.,0.,0.999999999999999)"
25172,DIRECTION,"'',(1.,-1.28880605358075E-20,-9.9579925010296E-17)"
25173,DIRECTION,"'',(0.,0.,-0.999999999999998)"
25174,DIRECTION,"'',(1.,-1.28880605358075E-20,-9.9579925010296E-17)"
25175,DIRECTION,"'',(0.,0.,0.999999999999998)"
25176,DIRECTION,"'',(1.,3.2196327125367E-22,-9.9579925010296E-17)"
25177,DIRECTION,"'',(0.,0.,-1.)"
25178,DIRECTION,"'',(1.,3.2196327125367E-22,-9.9579925010296E-17)"
25179,DIRECTION,"'',(0.,0.,1.)"
25180,DIRECTION,"'',(1.,8.08160629149094E-23,-9.9579925010296E-17)"
25181,DIRECTION,"'',(0.,0.,-1.)"
25182,DIRECTION,"'',(1.,8.08160629149094E-23,-9.9579925010296E-17)"
25183,DIRECTION,"'',(0.,0.,1.)"
25184,DIRECTION,"'',(1.,1.03158382386986E-20,-9.9579925010296E-17)"
25185,DIRECTION,"'',(0.,0.,-0.999999999999999)"
25186,DIRECTION,"'',(1.,1.03158382386986E-20,-9.9579925010296E-17)"
25187,DIRECTION,"'',(0.,0.,0.999999999999999)"
25188,DIRECTION,"'',(1.,5.58393631105704E-22,-9.9579925010296E-17)"
25189,DIRECTION,"'',(0.,0.,-0.999999999999999)"
25190,DIRECTION,"'',(1.,5.58393631105704E-22,-9.9579925010296E-17)"
25191,DIRECTION,"'',(0.,0.,0.999999999999999)"
25192,DIRECTION,"'',(-1.,0.,0.)"
25193,DIRECTION,"'',(0.,0.,1.)"
25194,DIRECTION,"'',(-1.,0.,0.)"
25195,DIRECTION,"'',(0.,0.,-1.)"
25196,DIRECTION,"'',(-1.,0.,0.)"
25197,DIRECTION,"'',(0.,1.,0.)"
25198,DIRECTION,"'',(0.,0.,1.)"
25199,DIRECTION,"'',(0.,0.94797979751812,-0.318330494136997)"
25200,DIRECTION,"'',(0.,0.318330494136997,0.94797979751812)"
25201,DIRECTION,"'',(0.,-0.94797979751812,0.318330494136997)"
25202,DIRECTION,"'',(-1.,6.42120959683988E-21,9.9579925010296E-17)"
25203,DIRECTION,"'',(0.,0.,-1.)"
25204,DIRECTION,"'',(-1.,-1.26848742896809E-21,9.9579925010296E-17)"
25205,DIRECTION,"'',(1.,-6.42120959683988E-21,-9.9579925010296E-17)"
25206,DIRECTION,"'',(0.,0.,1.)"
25207,DIRECTION,"'',(-1.,-1.26848742896809E-21,9.9579925010296E-17)"
25208,DIRECTION,"'',(0.,0.,-1.)"
25209,DIRECTION,"'',(1.,1.26848742896809E-21,-9.9579925010296E-17)"
25210,DIRECTION,"'',(0.,0.,1.)"
25211,DIRECTION,"'',(0.,-0.945357850621844,-0.32603455992831)"
25212,DIRECTION,"'',(-1.,0.,0.)"
25213,DIRECTION,"'',(0.,0.32603455992831,-0.945357850621844)"
25214,DIRECTION,"'',(0.,0.945357850621844,0.32603455992831)"
25215,DIRECTION,"'',(0.,0.,-1.)"
25216,DIRECTION,"'',(-1.,0.,0.)"
25217,DIRECTION,"'',(0.,1.,0.)"
25218,DIRECTION,"'',(0.,0.,1.)"
25219,DIRECTION,"'',(0.,1.,0.)"
25220,DIRECTION,"'',(-1.,0.,0.)"
25221,DIRECTION,"'',(0.,0.,1.)"
25222,DIRECTION,"'',(1.,0.,0.)"
25223,DIRECTION,"'',(0.,0.,1.)"
25224,DIRECTION,"'',(-1.,0.,0.)"
25225,DIRECTION,"'',(0.,-1.,0.)"
25226,DIRECTION,"'',(0.,0.,-1.)"
25227,DIRECTION,"'',(0.,-1.,0.)"
25228,DIRECTION,"'',(-1.,0.,0.)"
25229,DIRECTION,"'',(0.,0.,-1.)"
25230,DIRECTION,"'',(-1.,0.,0.)"
25231,DIRECTION,"'',(0.,0.943968955037081,0.330034258715973)"
25232,DIRECTION,"'',(-1.,0.,0.)"
25233,DIRECTION,"'',(0.,-0.330034258715973,0.943968955037081)"
25234,DIRECTION,"'',(0.,-0.943968955037081,-0.330034258715973)"
25235,DIRECTION,"'',(0.,0.,1.)"
25236,DIRECTION,"'',(-1.,0.,0.)"
25237,DIRECTION,"'',(0.,-1.,0.)"
25238,DIRECTION,"'',(0.,0.,-1.)"
25239,DIRECTION,"'',(0.,-0.946801170230335,0.321819116974843)"
25240,DIRECTION,"'',(-1.,0.,0.)"
25241,DIRECTION,"'',(0.,-0.321819116974843,-0.946801170230335)"
25242,DIRECTION,"'',(0.,0.946801170230335,-0.321819116974843)"
25243,DIRECTION,"'',(0.,1.,0.)"
25244,DIRECTION,"'',(-1.,0.,0.)"
25245,DIRECTION,"'',(0.,0.,1.)"
25246,DIRECTION,"'',(1.,0.,0.)"
25247,DIRECTION,"'',(0.,0.,1.)"
25248,DIRECTION,"'',(-1.,0.,0.)"
25249,DIRECTION,"'',(0.,-1.,0.)"
25250,DIRECTION,"'',(0.,0.,-1.)"
25251,DIRECTION,"'',(0.,-1.,0.)"
25252,DIRECTION,"'',(0.,0.,-1.)"
25253,DIRECTION,"'',(-1.,0.,0.)"
25254,DIRECTION,"'',(-1.,0.,0.)"
25255,DIRECTION,"'',(0.,0.,1.)"
25256,DIRECTION,"'',(-1.,0.,0.)"
25257,DIRECTION,"'',(0.,-1.,0.)"
25258,DIRECTION,"'',(-1.,8.07697745928784E-22,9.9579925010296E-17)"
25259,DIRECTION,"'',(0.,0.,-1.)"
25260,DIRECTION,"'',(-1.,0.,0.)"
25261,DIRECTION,"'',(-1.,8.07697745928784E-22,9.9579925010296E-17)"
25262,DIRECTION,"'',(0.,0.,-1.)"
25263,DIRECTION,"'',(1.,-8.07697745928784E-22,-9.9579925010296E-17)"
25264,DIRECTION,"'',(0.,0.,1.)"
25265,DIRECTION,"'',(-1.,3.73286879159632E-22,9.9579925010296E-17)"
25266,DIRECTION,"'',(0.,0.,-1.)"
25267,DIRECTION,"'',(-1.,3.73286879159632E-22,9.9579925010296E-17)"
25268,DIRECTION,"'',(1.,-3.73286879159632E-22,-9.9579925010296E-17)"
25269,DIRECTION,"'',(0.,0.,1.)"
25270,DIRECTION,"'',(0.,-1.,0.)"
25271,DIRECTION,"'',(-1.,2.60262519446651E-22,9.9579925010296E-17)"
25272,DIRECTION,"'',(0.,0.,-1.)"
25273,DIRECTION,"'',(-1.,0.,0.)"
25274,DIRECTION,"'',(1.,-2.60262519446651E-22,-9.9579925010296E-17)"
25275,DIRECTION,"'',(0.,0.,-1.)"
25276,DIRECTION,"'',(1.,-2.60262519446651E-22,-9.9579925010296E-17)"
25277,DIRECTION,"'',(0.,0.,1.)"
25278,DIRECTION,"'',(1.,-1.68145122033925E-21,-9.9579925010296E-17)"
25279,DIRECTION,"'',(0.,0.,-1.)"
25280,DIRECTION,"'',(-1.,1.68145122033925E-21,9.9579925010296E-17)"
25281,DIRECTION,"'',(1.,-1.68145122033925E-21,-9.9579925010296E-17)"
25282,DIRECTION,"'',(0.,0.,1.)"
25283,DIRECTION,"'',(0.,0.,-1.)"
25284,DIRECTION,"'',(-1.,0.,0.)"
25285,DIRECTION,"'',(0.,1.,0.)"
25286,DIRECTION,"'',(0.,0.,1.)"
25287,DIRECTION,"'',(0.,1.,0.)"
25288,DIRECTION,"'',(-1.,0.,0.)"
25289,DIRECTION,"'',(0.,0.,1.)"
25290,DIRECTION,"'',(1.,0.,0.)"
25291,DIRECTION,"'',(0.,0.,1.)"
25292,DIRECTION,"'',(0.,-1.,0.)"
25293,DIRECTION,"'',(0.,0.,-1.)"
25294,DIRECTION,"'',(-1.,0.,0.)"
25295,DIRECTION,"'',(0.,0.,1.)"
25296,DIRECTION,"'',(1.,5.53149717004183E-22,-9.9579925010296E-17)"
25297,DIRECTION,"'',(0.,0.,-1.)"
25298,DIRECTION,"'',(1.,1.0317977832858E-20,-9.9579925010296E-17)"
25299,DIRECTION,"'',(0.,0.,-1.)"
25300,DIRECTION,"'',(1.,9.67818969658989E-23,-9.9579925010296E-17)"
25301,DIRECTION,"'',(0.,0.,-1.)"
25302,DIRECTION,"'',(1.,3.1755577782332E-22,-9.9579925010296E-17)"
25303,DIRECTION,"'',(0.,0.,-1.)"
25304,DIRECTION,"'',(1.,-1.28891570213234E-20,-9.9579925010296E-17)"
25305,DIRECTION,"'',(0.,0.,-1.)"
25306,DIRECTION,"'',(1.,1.07871823575325E-20,-9.9579925010296E-17)"
25307,DIRECTION,"'',(0.,0.,-0.999999999999999)"
25308,DIRECTION,"'',(1.,6.89688950217372E-22,-9.9579925010296E-17)"
25309,DIRECTION,"'',(0.,0.,-1.)"
25310,DIRECTION,"'',(1.,-5.59244442700697E-24,-9.9579925010296E-17)"
25311,DIRECTION,"'',(0.,0.,-1.)"
25312,DIRECTION,"'',(1.,-1.47821785755462E-21,-9.9579925010296E-17)"
25313,DIRECTION,"'',(0.,0.,-1.)"
25314,DIRECTION,"'',(1.,-3.29105236614755E-21,-9.9579925010296E-17)"
25315,DIRECTION,"'',(0.,0.,-1.)"
25316,DIRECTION,"'',(0.,0.0766964988847356,0.997054485501582)"
25317,DIRECTION,"'',(-1.,6.56316156456374E-21,9.9579925010296E-17)"
25318,DIRECTION,"'',(0.,0.,-1.)"
25319,DIRECTION,"'',(-1.,-1.20017863066774E-21,9.9579925010296E-17)"
25320,DIRECTION,"'',(0.,0.,-1.)"
25321,DIRECTION,"'',(-1.,7.16094309506139E-22,9.9579925010296E-17)"
25322,DIRECTION,"'',(0.,0.,-1.)"
25323,DIRECTION,"'',(-1.,-1.85443041705545E-22,9.9579925010296E-17)"
25324,DIRECTION,"'',(0.,0.,-1.)"
25325,DIRECTION,"'',(-1.,1.15434279738153E-22,9.9579925010296E-17)"
25326,DIRECTION,"'',(0.,0.,-1.)"
25327,DIRECTION,"'',(-1.,-1.41654424527472E-21,9.9579925010296E-17)"
25328,DIRECTION,"'',(0.,0.,-0.999999999999999)"
25329,DIRECTION,"'',(-1.,-6.90168246271496E-22,9.9579925010296E-17)"
25330,DIRECTION,"'',(0.,0.,-0.999999999999999)"
25331,DIRECTION,"'',(-1.,8.02532825247215E-21,9.9579925010296E-17)"
25332,DIRECTION,"'',(0.,0.,-1.)"
25333,DIRECTION,"'',(-1.,2.59533736826819E-22,9.9579925010296E-17)"
25334,DIRECTION,"'',(0.,0.,-1.)"
25335,DIRECTION,"'',(-1.,-2.46651095089902E-22,9.9579925010296E-17)"
25336,DIRECTION,"'',(0.,0.,-1.)"
25337,DIRECTION,"'',(-1.,-6.11409041836917E-22,9.9579925010296E-17)"
25338,DIRECTION,"'',(0.,0.,-0.999999999999999)"
25339,DIRECTION,"'',(1.,1.97645057792891E-21,-9.9579925010296E-17)"
25340,DIRECTION,"'',(0.,0.,-0.999999999999999)"
25341,DIRECTION,"'',(1.,2.17687533180102E-21,-9.9579925010296E-17)"
25342,DIRECTION,"'',(0.,0.,-1.)"
25343,DIRECTION,"'',(1.,-9.49653730178127E-23,-9.9579925010296E-17)"
25344,DIRECTION,"'',(0.,0.,-1.)"
25345,DIRECTION,"'',(1.,-2.10491982668202E-22,-9.9579925010296E-17)"
25346,DIRECTION,"'',(0.,0.,-1.)"
25347,DIRECTION,"'',(1.,0.,0.)"
25348,DIRECTION,"'',(0.,0.,-1.)"
25349,DIRECTION,"'',(-1.,3.29105236614755E-21,9.9579925010296E-17)"
25350,DIRECTION,"'',(1.,-3.29105236614755E-21,-9.9579925010296E-17)"
25351,DIRECTION,"'',(0.,0.,1.)"
25352,DIRECTION,"'',(1.,-2.10491982668202E-22,-9.9579925010296E-17)"
25353,DIRECTION,"'',(0.,0.,1.)"
25354,DIRECTION,"'',(1.,-9.49653730178127E-23,-9.9579925010296E-17)"
25355,DIRECTION,"'',(0.,0.,1.)"
25356,DIRECTION,"'',(1.,2.17687533180102E-21,-9.9579925010296E-17)"
25357,DIRECTION,"'',(0.,0.,1.)"
25358,DIRECTION,"'',(-1.,-1.97645057792891E-21,9.9579925010296E-17)"
25359,DIRECTION,"'',(1.,1.97645057792891E-21,-9.9579925010296E-17)"
25360,DIRECTION,"'',(0.,0.,0.999999999999999)"
25361,DIRECTION,"'',(1.,6.11409041836917E-22,-9.9579925010296E-17)"
25362,DIRECTION,"'',(0.,0.,0.999999999999999)"
25363,DIRECTION,"'',(1.,2.46651095089902E-22,-9.9579925010296E-17)"
25364,DIRECTION,"'',(0.,0.,1.)"
25365,DIRECTION,"'',(1.,-2.59533736826819E-22,-9.9579925010296E-17)"
25366,DIRECTION,"'',(0.,0.,1.)"
25367,DIRECTION,"'',(1.,-8.02532825247215E-21,-9.9579925010296E-17)"
25368,DIRECTION,"'',(0.,0.,1.)"
25369,DIRECTION,"'',(1.,6.90168246271496E-22,-9.9579925010296E-17)"
25370,DIRECTION,"'',(0.,0.,0.999999999999999)"
25371,DIRECTION,"'',(1.,1.41654424527472E-21,-9.9579925010296E-17)"
25372,DIRECTION,"'',(0.,0.,0.999999999999999)"
25373,DIRECTION,"'',(1.,-1.15434279738153E-22,-9.9579925010296E-17)"
25374,DIRECTION,"'',(0.,0.,1.)"
25375,DIRECTION,"'',(1.,1.85443041705545E-22,-9.9579925010296E-17)"
25376,DIRECTION,"'',(0.,0.,1.)"
25377,DIRECTION,"'',(-1.,0.,0.)"
25378,DIRECTION,"'',(1.,0.,0.)"
25379,DIRECTION,"'',(1.,0.,0.)"
25380,DIRECTION,"'',(-1.,-1.20017863066774E-21,9.9579925010296E-17)"
25381,DIRECTION,"'',(1.,-7.16094309506139E-22,-9.9579925010296E-17)"
25382,DIRECTION,"'',(0.,0.,1.)"
25383,DIRECTION,"'',(-1.,-1.20017863066774E-21,9.9579925010296E-17)"
25384,DIRECTION,"'',(1.,1.20017863066774E-21,-9.9579925010296E-17)"
25385,DIRECTION,"'',(0.,0.,1.)"
25386,DIRECTION,"'',(-1.,6.56316156456374E-21,9.9579925010296E-17)"
25387,DIRECTION,"'',(1.,-6.56316156456374E-21,-9.9579925010296E-17)"
25388,DIRECTION,"'',(0.,0.,1.)"
25389,DIRECTION,"'',(0.,-0.997054485501582,0.0766964988847356)"
25390,DIRECTION,"'',(0.,-0.0766964988847356,-0.997054485501582)"
25391,DIRECTION,"'',(1.,-1.47821785755462E-21,-9.9579925010296E-17)"
25392,DIRECTION,"'',(0.,0.,-1.)"
25393,DIRECTION,"'',(1.,-1.47821785755462E-21,-9.9579925010296E-17)"
25394,DIRECTION,"'',(0.,0.,1.)"
25395,DIRECTION,"'',(1.,-5.59244442700697E-24,-9.9579925010296E-17)"
25396,DIRECTION,"'',(0.,0.,-1.)"
25397,DIRECTION,"'',(1.,-5.59244442700697E-24,-9.9579925010296E-17)"
25398,DIRECTION,"'',(0.,0.,1.)"
25399,DIRECTION,"'',(1.,6.89688950217372E-22,-9.9579925010296E-17)"
25400,DIRECTION,"'',(0.,0.,-1.)"
25401,DIRECTION,"'',(1.,6.89688950217372E-22,-9.9579925010296E-17)"
25402,DIRECTION,"'',(0.,0.,1.)"
25403,DIRECTION,"'',(1.,1.07871823575325E-20,-9.9579925010296E-17)"
25404,DIRECTION,"'',(0.,0.,-0.999999999999999)"
25405,DIRECTION,"'',(1.,1.07871823575325E-20,-9.9579925010296E-17)"
25406,DIRECTION,"'',(0.,0.,0.999999999999999)"
25407,DIRECTION,"'',(1.,-1.28891570213234E-20,-9.9579925010296E-17)"
25408,DIRECTION,"'',(0.,0.,-1.)"
25409,DIRECTION,"'',(1.,-1.28891570213234E-20,-9.9579925010296E-17)"
25410,DIRECTION,"'',(0.,0.,1.)"
25411,DIRECTION,"'',(1.,3.1755577782332E-22,-9.9579925010296E-17)"
25412,DIRECTION,"'',(0.,0.,-1.)"
25413,DIRECTION,"'',(1.,3.1755577782332E-22,-9.9579925010296E-17)"
25414,DIRECTION,"'',(0.,0.,1.)"
25415,DIRECTION,"'',(1.,9.67818969658989E-23,-9.9579925010296E-17)"
25416,DIRECTION,"'',(0.,0.,-1.)"
25417,DIRECTION,"'',(1.,9.67818969658989E-23,-9.9579925010296E-17)"
25418,DIRECTION,"'',(0.,0.,1.)"
25419,DIRECTION,"'',(1.,1.0317977832858E-20,-9.9579925010296E-17)"
25420,DIRECTION,"'',(0.,0.,-1.)"
25421,DIRECTION,"'',(1.,1.0317977832858E-20,-9.9579925010296E-17)"
25422,DIRECTION,"'',(0.,0.,1.)"
25423,DIRECTION,"'',(1.,5.53149717004183E-22,-9.9579925010296E-17)"
25424,DIRECTION,"'',(0.,0.,-1.)"
25425,DIRECTION,"'',(1.,5.53149717004183E-22,-9.9579925010296E-17)"
25426,DIRECTION,"'',(0.,0.,1.)"
25427,DIRECTION,"'',(-1.,0.,0.)"
25428,DIRECTION,"'',(0.,0.,1.)"
25429,DIRECTION,"'',(0.,0.,1.)"
25430,DIRECTION,"'',(1.,0.,-1.70908349787467E-18)"
25431,DIRECTION,"'',(0.,0.,1.)"
25432,DIRECTION,"'',(1.,0.,-1.71737425232131E-18)"
25433,DIRECTION,"'',(0.,0.,1.)"
25434,DIRECTION,"'',(1.,0.,-1.71737425232131E-18)"
25435,DIRECTION,"'',(0.,0.,1.)"
25436,DIRECTION,"'',(1.,0.,-1.70908349787467E-18)"
25437,DIRECTION,"'',(0.,0.,1.)"
25438,DIRECTION,"'',(1.,0.,-1.70908349787467E-18)"
25439,DIRECTION,"'',(0.,0.,1.)"
25440,DIRECTION,"'',(1.,0.,-1.71737425232131E-18)"
25441,DIRECTION,"'',(0.,0.,1.)"
25442,DIRECTION,"'',(1.,0.,-1.71737425232131E-18)"
25443,DIRECTION,"'',(0.,0.,1.)"
25444,DIRECTION,"'',(1.,0.,-1.70908349787467E-18)"
25445,DIRECTION,"'',(0.,1.,0.)"
25446,DIRECTION,"'',(1.,0.,0.)"
25447,DIRECTION,"'',(0.,1.,0.)"
25448,DIRECTION,"'',(0.,0.,1.)"
25449,DIRECTION,"'',(-1.,0.,0.)"
25450,DIRECTION,"'',(0.318330494137001,0.,0.947979797518118)"
25451,DIRECTION,"'',(-0.947979797518118,0.,0.318330494137001)"
25452,DIRECTION,"'',(-0.318330494137001,0.,-0.947979797518118)"
25453,DIRECTION,"'',(3.69131402314953E-21,1.,9.9579925010296E-17)"
25454,DIRECTION,"'',(0.,0.,1.)"
25455,DIRECTION,"'',(4.55747166913512E-23,1.,9.9579925010296E-17)"
25456,DIRECTION,"'',(3.69131402314953E-21,1.,9.9579925010296E-17)"
25457,DIRECTION,"'',(0.,0.,-1.)"
25458,DIRECTION,"'',(4.55747166913512E-23,1.,9.9579925010296E-17)"
25459,DIRECTION,"'',(0.,0.,1.)"
25460,DIRECTION,"'',(4.55747166913512E-23,1.,9.9579925010296E-17)"
25461,DIRECTION,"'',(0.,0.,-1.)"
25462,DIRECTION,"'',(0.326034559928316,0.,-0.945357850621842)"
25463,DIRECTION,"'',(0.,1.,0.)"
25464,DIRECTION,"'',(0.945357850621842,0.,0.326034559928316)"
25465,DIRECTION,"'',(-0.326034559928316,0.,0.945357850621842)"
25466,DIRECTION,"'',(1.,0.,0.)"
25467,DIRECTION,"'',(0.,1.,0.)"
25468,DIRECTION,"'',(0.,0.,1.)"
25469,DIRECTION,"'',(-1.,0.,0.)"
25470,DIRECTION,"'',(0.,0.,1.)"
25471,DIRECTION,"'',(0.,1.,0.)"
25472,DIRECTION,"'',(-1.,0.,0.)"
25473,DIRECTION,"'',(0.,0.,-1.)"
25474,DIRECTION,"'',(-1.,0.,0.)"
25475,DIRECTION,"'',(0.,1.,0.)"
25476,DIRECTION,"'',(0.,0.,-1.)"
25477,DIRECTION,"'',(1.,0.,0.)"
25478,DIRECTION,"'',(0.,0.,-1.)"
25479,DIRECTION,"'',(0.,1.,0.)"
25480,DIRECTION,"'',(1.,0.,0.)"
25481,DIRECTION,"'',(0.,0.,1.)"
25482,DIRECTION,"'',(-0.330034258715973,0.,0.943968955037081)"
25483,DIRECTION,"'',(0.,1.,0.)"
25484,DIRECTION,"'',(-0.943968955037081,0.,-0.330034258715973)"
25485,DIRECTION,"'',(0.330034258715973,0.,-0.943968955037081)"
25486,DIRECTION,"'',(-1.,0.,0.)"
25487,DIRECTION,"'',(0.,1.,0.)"
25488,DIRECTION,"'',(0.,0.,-1.)"
25489,DIRECTION,"'',(1.,0.,0.)"
25490,DIRECTION,"'',(-0.321819116974844,0.,-0.946801170230335)"
25491,DIRECTION,"'',(0.,1.,0.)"
25492,DIRECTION,"'',(0.946801170230335,0.,-0.321819116974844)"
25493,DIRECTION,"'',(0.321819116974844,0.,0.946801170230335)"
25494,DIRECTION,"'',(0.,0.,1.)"
25495,DIRECTION,"'',(0.,1.,0.)"
25496,DIRECTION,"'',(-1.,0.,0.)"
25497,DIRECTION,"'',(0.,0.,-1.)"
25498,DIRECTION,"'',(-1.,0.,0.)"
25499,DIRECTION,"'',(0.,1.,0.)"
25500,DIRECTION,"'',(0.,0.,-1.)"
25501,DIRECTION,"'',(1.,0.,0.)"
25502,DIRECTION,"'',(0.,0.,-1.)"
25503,DIRECTION,"'',(1.,0.,0.)"
25504,DIRECTION,"'',(0.,0.,1.)"
25505,DIRECTION,"'',(0.,1.,0.)"
25506,DIRECTION,"'',(0.,0.,-1.)"
25507,DIRECTION,"'',(0.,1.,0.)"
25508,DIRECTION,"'',(-1.,0.,0.)"
25509,DIRECTION,"'',(-2.10767382132819E-23,1.,9.9579925010296E-17)"
25510,DIRECTION,"'',(0.,0.,-1.)"
25511,DIRECTION,"'',(1.,0.,0.)"
25512,DIRECTION,"'',(-2.10767382132819E-23,1.,9.9579925010296E-17)"
25513,DIRECTION,"'',(0.,0.,1.)"
25514,DIRECTION,"'',(-2.10767382132819E-23,1.,9.9579925010296E-17)"
25515,DIRECTION,"'',(0.,0.,-1.)"
25516,DIRECTION,"'',(-4.05666793853912E-23,1.,9.9579925010296E-17)"
25517,DIRECTION,"'',(0.,0.,0.999999999999999)"
25518,DIRECTION,"'',(-4.05666793853912E-23,1.,9.9579925010296E-17)"
25519,DIRECTION,"'',(0.,0.,-0.999999999999999)"
25520,DIRECTION,"'',(-2.80763620110364E-22,1.,9.9579925010296E-17)"
25521,DIRECTION,"'',(0.,0.,0.999999999999999)"
25522,DIRECTION,"'',(-2.80763620110364E-22,1.,9.9579925010296E-17)"
25523,DIRECTION,"'',(0.,0.,-0.999999999999999)"
25524,DIRECTION,"'',(1.29774469640086E-21,-1.,-9.9579925010296E-17)"
25525,DIRECTION,"'',(0.,0.,1.)"
25526,DIRECTION,"'',(-1.29774469640086E-21,1.,9.9579925010296E-17)"
25527,DIRECTION,"'',(0.,0.,-1.)"
25528,DIRECTION,"'',(8.35760836053302E-22,-1.,-9.9579925010296E-17)"
25529,DIRECTION,"'',(0.,0.,1.)"
25530,DIRECTION,"'',(-8.35760836053302E-22,1.,9.9579925010296E-17)"
25531,DIRECTION,"'',(-8.35760836053302E-22,1.,9.9579925010296E-17)"
25532,DIRECTION,"'',(0.,0.,-1.)"
25533,DIRECTION,"'',(0.,-1.,0.)"
25534,DIRECTION,"'',(0.,0.,0.999999999999999)"
25535,DIRECTION,"'',(-7.87103988328162E-21,1.,9.9579925010296E-17)"
25536,DIRECTION,"'',(-8.35760836053302E-22,1.,9.9579925010296E-17)"
25537,DIRECTION,"'',(0.,0.,-1.00000000000001)"
25538,DIRECTION,"'',(7.87103988328162E-21,-1.,-9.9579925010296E-17)"
25539,DIRECTION,"'',(0.,0.,1.)"
25540,DIRECTION,"'',(-7.87103988328162E-21,1.,9.9579925010296E-17)"
25541,DIRECTION,"'',(0.,0.,-1.)"
25542,DIRECTION,"'',(-1.06161106456198E-20,-1.,-9.9579925010296E-17)"
25543,DIRECTION,"'',(0.,0.,1.)"
25544,DIRECTION,"'',(1.06161106456198E-20,1.,9.9579925010296E-17)"
25545,DIRECTION,"'',(0.,0.,-1.)"
25546,DIRECTION,"'',(1.94761548502304E-21,-1.,-9.9579925010296E-17)"
25547,DIRECTION,"'',(0.,0.,0.999999999999998)"
25548,DIRECTION,"'',(-1.94761548502304E-21,1.,9.9579925010296E-17)"
25549,DIRECTION,"'',(-1.94761548502304E-21,1.,9.9579925010296E-17)"
25550,DIRECTION,"'',(0.,0.,-1.)"
25551,DIRECTION,"'',(-0.995037190209989,0.,-0.0995037190210024)"
25552,DIRECTION,"'',(-3.72843675341892E-21,1.,9.9579925010296E-17)"
25553,DIRECTION,"'',(0.0995037190210024,0.,-0.995037190209989)"
25554,DIRECTION,"'',(0.995037190209989,0.,0.0995037190210024)"
25555,DIRECTION,"'',(-3.72843675341892E-21,1.,9.9579925010296E-17)"
25556,DIRECTION,"'',(0.,0.,1.)"
25557,DIRECTION,"'',(-3.72843675341892E-21,1.,9.9579925010296E-17)"
25558,DIRECTION,"'',(0.,0.,-1.)"
25559,DIRECTION,"'',(1.01508225191213E-20,1.,9.9579925010296E-17)"
25560,DIRECTION,"'',(0.,0.,1.)"
25561,DIRECTION,"'',(1.01508225191213E-20,1.,9.9579925010296E-17)"
25562,DIRECTION,"'',(0.,0.,-0.999999999999997)"
25563,DIRECTION,"'',(-1.20152850548989E-20,1.,9.9579925010296E-17)"
25564,DIRECTION,"'',(0.,0.,0.999999999999999)"
25565,DIRECTION,"'',(-1.20152850548989E-20,1.,9.9579925010296E-17)"
25566,DIRECTION,"'',(-1.20152850548989E-20,1.,9.9579925010296E-17)"
25567,DIRECTION,"'',(0.,0.,-0.999999999999999)"
25568,DIRECTION,"'',(0.,1.,0.)"
25569,DIRECTION,"'',(0.,0.,1.)"
25570,DIRECTION,"'',(-1.28593915978997E-24,1.,9.9579925010296E-17)"
25571,DIRECTION,"'',(1.20152850548989E-20,-1.,-9.9579925010296E-17)"
25572,DIRECTION,"'',(0.,0.,1.)"
25573,DIRECTION,"'',(0.,1.,0.)"
25574,DIRECTION,"'',(0.,0.,1.)"
25575,DIRECTION,"'',(-1.28593915978997E-24,1.,9.9579925010296E-17)"
25576,DIRECTION,"'',(0.,0.,-0.999999999999998)"
25577,DIRECTION,"'',(-1.25505986539323E-22,1.,9.9579925010296E-17)"
25578,DIRECTION,"'',(0.,0.,1.)"
25579,DIRECTION,"'',(-1.25505986539323E-22,1.,9.9579925010296E-17)"
25580,DIRECTION,"'',(0.,0.,-1.)"
25581,DIRECTION,"'',(-4.05263046275599E-22,1.,9.9579925010296E-17)"
25582,DIRECTION,"'',(0.,0.,1.)"
25583,DIRECTION,"'',(-4.05263046275599E-22,1.,9.9579925010296E-17)"
25584,DIRECTION,"'',(0.,0.,-1.)"
25585,DIRECTION,"'',(4.76953630283515E-22,-1.,-9.9579925010296E-17)"
25586,DIRECTION,"'',(0.,0.,1.)"
25587,DIRECTION,"'',(-4.76953630283515E-22,1.,9.9579925010296E-17)"
25588,DIRECTION,"'',(0.,0.,-1.)"
25589,DIRECTION,"'',(1.62645029955878E-22,-1.,-9.9579925010296E-17)"
25590,DIRECTION,"'',(0.,0.,1.)"
25591,DIRECTION,"'',(-1.62645029955878E-22,1.,9.9579925010296E-17)"
25592,DIRECTION,"'',(0.,0.,-1.)"
25593,DIRECTION,"'',(1.,0.,0.)"
25594,DIRECTION,"'',(0.,1.,0.)"
25595,DIRECTION,"'',(0.,0.,1.)"
25596,DIRECTION,"'',(-1.,0.,0.)"
25597,DIRECTION,"'',(0.,0.,1.)"
25598,DIRECTION,"'',(-1.,0.,0.)"
25599,DIRECTION,"'',(0.,0.,-1.)"
25600,DIRECTION,"'',(0.,1.,0.)"
25601,DIRECTION,"'',(0.,0.,-1.)"
25602,DIRECTION,"'',(0.,0.,-1.)"
25603,DIRECTION,"'',(1.,0.,0.)"
25604,DIRECTION,"'',(-0.571287645282607,0.,0.820749917056014)"
25605,DIRECTION,"'',(-1.,0.,0.)"
25606,DIRECTION,"'',(0.,0.,-1.)"
25607,DIRECTION,"'',(-1.,0.,0.)"
25608,DIRECTION,"'',(0.,0.,1.)"
25609,DIRECTION,"'',(-1.,0.,0.)"
25610,DIRECTION,"'',(0.,0.,1.)"
25611,DIRECTION,"'',(1.,0.,0.)"
25612,DIRECTION,"'',(0.,0.,1.)"
25613,DIRECTION,"'',(1.,0.,0.)"
25614,DIRECTION,"'',(0.575853228428497,0.,-0.817553092654218)"
25615,DIRECTION,"'',(0.,0.,-1.)"
25616,DIRECTION,"'',(0.,-1.,0.)"
25617,DIRECTION,"'',(0.,0.,1.)"
25618,DIRECTION,"'',(0.,1.,0.)"
25619,DIRECTION,"'',(0.,1.,0.)"
25620,DIRECTION,"'',(0.,0.,-1.)"
25621,DIRECTION,"'',(1.,0.,0.)"
25622,DIRECTION,"'',(0.,1.,0.)"
25623,DIRECTION,"'',(1.,0.,0.)"
25624,DIRECTION,"'',(0.,0.,1.)"
25625,DIRECTION,"'',(0.,1.,0.)"
25626,DIRECTION,"'',(0.817553092654218,0.,0.575853228428497)"
25627,DIRECTION,"'',(-0.575853228428497,0.,0.817553092654218)"
25628,DIRECTION,"'',(0.,1.,0.)"
25629,DIRECTION,"'',(0.,0.,1.)"
25630,DIRECTION,"'',(-1.,0.,0.)"
25631,DIRECTION,"'',(0.,1.,0.)"
25632,DIRECTION,"'',(-1.,0.,0.)"
25633,DIRECTION,"'',(0.,0.,-1.)"
25634,DIRECTION,"'',(0.,1.,0.)"
25635,DIRECTION,"'',(0.,0.,1.)"
25636,DIRECTION,"'',(-1.,0.,0.)"
25637,DIRECTION,"'',(0.,1.,0.)"
25638,DIRECTION,"'',(-1.,0.,0.)"
25639,DIRECTION,"'',(0.,0.,-1.)"
25640,DIRECTION,"'',(0.,1.,0.)"
25641,DIRECTION,"'',(0.,0.,-1.)"
25642,DIRECTION,"'',(1.,0.,0.)"
25643,DIRECTION,"'',(0.,1.,0.)"
25644,DIRECTION,"'',(-1.,0.,0.)"
25645,DIRECTION,"'',(0.,0.,-1.)"
25646,DIRECTION,"'',(0.,1.,0.)"
25647,DIRECTION,"'',(0.,0.,-1.)"
25648,DIRECTION,"'',(1.,0.,0.)"
25649,DIRECTION,"'',(1.,0.,0.)"
25650,DIRECTION,"'',(0.,0.,1.)"
25651,DIRECTION,"'',(-0.571287645282607,0.,0.820749917056014)"
25652,DIRECTION,"'',(0.,-1.,0.)"
25653,DIRECTION,"'',(0.,-1.,0.)"
25654,DIRECTION,"'',(-0.820749917056014,0.,-0.571287645282607)"
25655,DIRECTION,"'',(0.571287645282607,0.,-0.820749917056014)"
25656,DIRECTION,"'',(1.,0.,0.)"
25657,DIRECTION,"'',(0.,-1.,0.)"
25658,DIRECTION,"'',(0.,0.,1.)"
25659,DIRECTION,"'',(-1.,0.,0.)"
25660,DIRECTION,"'',(0.,0.,-1.)"
25661,DIRECTION,"'',(1.,0.,0.)"
25662,DIRECTION,"'',(0.,0.,1.)"
25663,DIRECTION,"'',(0.,1.,0.)"
25664,DIRECTION,"'',(0.,0.,1.)"
25665,DIRECTION,"'',(0.,0.,-1.)"
25666,DIRECTION,"'',(1.,0.,-8.15539168142656E-17)"
25667,DIRECTION,"'',(0.,0.,-1.)"
25668,DIRECTION,"'',(1.,0.,-8.15539168142656E-17)"
25669,DIRECTION,"'',(0.,0.,-1.)"
25670,DIRECTION,"'',(1.,0.,-8.15539168142656E-17)"
25671,DIRECTION,"'',(0.,0.,-1.)"
25672,DIRECTION,"'',(1.,0.,-8.15539168142656E-17)"
25673,DIRECTION,"'',(0.,0.,1.)"
25674,DIRECTION,"'',(-0.999999999999999,0.,0.)"
25675,DIRECTION,"'',(0.,0.,1.)"
25676,DIRECTION,"'',(-1.,0.,0.)"
25677,DIRECTION,"'',(0.,-4.58530050937133E-8,0.999999999999999)"
25678,DIRECTION,"'',(0.,1.,0.)"
25679,DIRECTION,"'',(0.,0.,1.)"
25680,DIRECTION,"'',(0.,1.,0.)"
25681,DIRECTION,"'',(0.,0.,-1.)"
25682,DIRECTION,"'',(0.,0.,1.)"
25683,DIRECTION,"'',(0.,1.,0.)"
25684,DIRECTION,"'',(0.,0.,-1.)"
25685,DIRECTION,"'',(0.,1.,0.)"
25686,DIRECTION,"'',(0.,-0.000151257727926638,-0.99999998856055)"
25687,DIRECTION,"'',(0.,1.,0.)"
25688,DIRECTION,"'',(1.,0.,0.)"
25689,DIRECTION,"'',(0.,0.,1.)"
25690,DIRECTION,"'',(0.,0.,1.)"
25691,DIRECTION,"'',(-1.,0.,0.)"
25692,DIRECTION,"'',(0.,0.,-1.)"
25693,DIRECTION,"'',(0.,1.,0.)"
25694,DIRECTION,"'',(0.,0.,-1.)"
25695,DIRECTION,"'',(0.,0.,1.)"
25696,DIRECTION,"'',(1.,0.,0.)"
25697,DIRECTION,"'',(0.,0.,1.)"
25698,DIRECTION,"'',(-1.,0.,0.)"
25699,DIRECTION,"'',(0.,0.,1.)"
25700,DIRECTION,"'',(1.,0.,0.)"
25701,DIRECTION,"'',(0.,0.,1.)"
25702,DIRECTION,"'',(-1.,0.,0.)"
25703,DIRECTION,"'',(0.,0.,1.)"
25704,DIRECTION,"'',(1.,0.,0.)"
25705,DIRECTION,"'',(0.,0.,1.)"
25706,DIRECTION,"'',(-1.,0.,0.)"
25707,DIRECTION,"'',(1.,0.,0.)"
25708,DIRECTION,"'',(0.,-0.000151257727926638,-0.99999998856055)"
25709,DIRECTION,"'',(-1.,0.,0.)"
25710,DIRECTION,"'',(0.,0.000151257727926638,0.99999998856055)"
25711,DIRECTION,"'',(0.,-0.99999998856055,0.000151257727926638)"
25712,DIRECTION,"'',(0.,-0.000151257727926638,-0.99999998856055)"
25713,DIRECTION,"'',(0.,0.,-1.)"
25714,DIRECTION,"'',(-0.999999999999999,0.,0.)"
25715,DIRECTION,"'',(0.,1.,0.)"
25716,DIRECTION,"'',(0.,0.,-1.)"
25717,DIRECTION,"'',(-0.999999999999999,0.,0.)"
25718,DIRECTION,"'',(1.,0.,0.)"
25719,DIRECTION,"'',(0.,0.,-1.)"
25720,DIRECTION,"'',(-0.999999999999999,0.,0.)"
25721,DIRECTION,"'',(0.,-1.,0.)"
25722,DIRECTION,"'',(0.,0.,-1.)"
25723,DIRECTION,"'',(-1.,0.,0.)"
25724,DIRECTION,"'',(-1.,0.,0.)"
25725,DIRECTION,"'',(0.,1.,0.)"
25726,DIRECTION,"'',(-1.,0.,0.)"
25727,DIRECTION,"'',(0.,-1.,0.)"
25728,DIRECTION,"'',(0.,0.,-1.)"
25729,DIRECTION,"'',(1.,0.,0.)"
25730,DIRECTION,"'',(0.,-4.58530050937133E-8,0.999999999999999)"
25731,DIRECTION,"'',(-1.,0.,0.)"
25732,DIRECTION,"'',(0.707106781186546,-3.24229708395461E-8,0.707106781186548)"
25733,DIRECTION,"'',(0.,0.999999999999999,4.58530050937133E-8)"
25734,DIRECTION,"'',(0.,-4.58530050873041E-8,0.999999999999999)"
25735,DIRECTION,"'',(-1.,0.,0.)"
25736,DIRECTION,"'',(0.,0.,-1.)"
25737,DIRECTION,"'',(1.,0.,0.)"
25738,DIRECTION,"'',(0.,0.,1.)"
25739,DIRECTION,"'',(-0.707106781186547,0.,0.707106781186547)"
25740,DIRECTION,"'',(0.,-1.,0.)"
25741,DIRECTION,"'',(0.,0.,-1.)"
25742,DIRECTION,"'',(0.,0.,1.)"
25743,DIRECTION,"'',(-1.,0.,0.)"
25744,DIRECTION,"'',(0.,0.,1.)"
25745,DIRECTION,"'',(-1.,0.,0.)"
25746,DIRECTION,"'',(0.,0.,-1.)"
25747,DIRECTION,"'',(-1.,0.,0.)"
25748,DIRECTION,"'',(0.,0.,-1.)"
25749,DIRECTION,"'',(-1.,0.,0.)"
25750,DIRECTION,"'',(1.,0.,0.)"
25751,DIRECTION,"'',(0.,1.,0.)"
25752,DIRECTION,"'',(0.,-1.,0.)"
25753,DIRECTION,"'',(0.,0.,-1.)"
25754,DIRECTION,"'',(1.,2.34534613952064E-15,0.)"
25755,DIRECTION,"'',(-1.,0.,0.)"
25756,DIRECTION,"'',(0.,0.,1.)"
25757,DIRECTION,"'',(1.,0.,0.)"
25758,DIRECTION,"'',(0.707106781186547,0.,-0.707106781186547)"
25759,DIRECTION,"'',(0.,0.,-1.)"
25760,DIRECTION,"'',(0.,1.,0.)"
25761,DIRECTION,"'',(0.,0.,1.)"
25762,DIRECTION,"'',(0.,0.,1.)"
25763,DIRECTION,"'',(-1.,0.,0.)"
25764,DIRECTION,"'',(0.,0.,1.)"
25765,DIRECTION,"'',(-1.,0.,0.)"
25766,DIRECTION,"'',(0.,0.,-1.)"
25767,DIRECTION,"'',(-1.,0.,0.)"
25768,DIRECTION,"'',(0.,0.,-1.)"
25769,DIRECTION,"'',(-1.,0.,0.)"
25770,DIRECTION,"'',(0.,1.,0.)"
25771,DIRECTION,"'',(-1.,0.,0.)"
25772,DIRECTION,"'',(0.,-1.,0.)"
25773,DIRECTION,"'',(0.,0.,-1.)"
25774,DIRECTION,"'',(1.,2.34534613952064E-15,0.)"
25775,DIRECTION,"'',(-1.,0.,0.)"
25776,DIRECTION,"'',(0.,0.000151257727926638,-0.99999998856055)"
25777,DIRECTION,"'',(1.,0.,0.)"
25778,DIRECTION,"'',(0.,-0.000151257727926638,0.99999998856055)"
25779,DIRECTION,"'',(0.,0.99999998856055,0.000151257727926638)"
25780,DIRECTION,"'',(0.,0.000151257727926638,-0.99999998856055)"
25781,DIRECTION,"'',(0.,0.,-1.)"
25782,DIRECTION,"'',(-0.999999999999999,0.,0.)"
25783,DIRECTION,"'',(-2.34291072916505E-15,1.,0.)"
25784,DIRECTION,"'',(0.,0.,-1.)"
25785,DIRECTION,"'',(-1.,0.,0.)"
25786,DIRECTION,"'',(1.,2.34291072916505E-15,0.)"
25787,DIRECTION,"'',(0.,0.,-1.)"
25788,DIRECTION,"'',(-0.999999999999999,0.,0.)"
25789,DIRECTION,"'',(2.34291072916505E-15,-1.,0.)"
25790,DIRECTION,"'',(0.,0.,-1.)"
25791,DIRECTION,"'',(-1.,0.,0.)"
25792,DIRECTION,"'',(-1.,-2.34291072916505E-15,0.)"
25793,DIRECTION,"'',(0.,-1.,0.)"
25794,DIRECTION,"'',(1.,0.,0.)"
25795,DIRECTION,"'',(0.,1.,0.)"
25796,DIRECTION,"'',(0.,0.,-1.)"
25797,DIRECTION,"'',(-1.,0.,0.)"
25798,DIRECTION,"'',(0.,4.58530050937133E-8,0.999999999999999)"
25799,DIRECTION,"'',(1.,0.,0.)"
25800,DIRECTION,"'',(0.,-4.58530050937133E-8,-0.999999999999999)"
25801,DIRECTION,"'',(0.,-0.999999999999999,4.58530050937133E-8)"
25802,DIRECTION,"'',(0.,4.58530050873041E-8,0.999999999999999)"
25803,DIRECTION,"'',(-1.,0.,0.)"
25804,DIRECTION,"'',(0.,0.,1.)"
25805,DIRECTION,"'',(0.707106781186547,0.,0.707106781186547)"
25806,DIRECTION,"'',(1.,0.,0.)"
25807,DIRECTION,"'',(0.,0.,-1.)"
25808,DIRECTION,"'',(0.,1.,0.)"
25809,DIRECTION,"'',(0.,0.,-1.)"
25810,DIRECTION,"'',(0.,0.,1.)"
25811,DIRECTION,"'',(-1.,0.,0.)"
25812,DIRECTION,"'',(0.,0.,1.)"
25813,DIRECTION,"'',(-1.,0.,0.)"
25814,DIRECTION,"'',(0.,0.,-1.)"
25815,DIRECTION,"'',(-1.,0.,0.)"
25816,DIRECTION,"'',(0.,0.,-1.)"
25817,DIRECTION,"'',(-1.,0.,0.)"
25818,DIRECTION,"'',(-1.,0.,0.)"
25819,DIRECTION,"'',(0.,-1.,0.)"
25820,DIRECTION,"'',(0.,1.,0.)"
25821,DIRECTION,"'',(0.,0.,-1.)"
25822,DIRECTION,"'',(-1.,-2.34534613952064E-15,0.)"
25823,DIRECTION,"'',(-0.707106781186547,0.,-0.707106781186547)"
25824,DIRECTION,"'',(0.,0.,-1.)"
25825,DIRECTION,"'',(1.,0.,0.)"
25826,DIRECTION,"'',(0.,0.,1.)"
25827,DIRECTION,"'',(-1.,0.,0.)"
25828,DIRECTION,"'',(0.,-1.,0.)"
25829,DIRECTION,"'',(0.,0.,1.)"
25830,DIRECTION,"'',(0.,0.,1.)"
25831,DIRECTION,"'',(-1.,0.,0.)"
25832,DIRECTION,"'',(0.,0.,1.)"
25833,DIRECTION,"'',(-1.,0.,0.)"
25834,DIRECTION,"'',(0.,0.,-1.)"
25835,DIRECTION,"'',(-1.,0.,0.)"
25836,DIRECTION,"'',(0.,0.,-1.)"
25837,DIRECTION,"'',(-1.,0.,0.)"
25838,DIRECTION,"'',(0.,-1.,0.)"
25839,DIRECTION,"'',(1.,0.,0.)"
25840,DIRECTION,"'',(0.,1.,0.)"
25841,DIRECTION,"'',(0.,0.,-1.)"
25842,DIRECTION,"'',(-1.,-2.34534613952064E-15,0.)"
25843,DIRECTION,"'',(0.,0.,-1.)"
25844,DIRECTION,"'',(-1.,0.,0.)"
25845,DIRECTION,"'',(0.,0.,-1.)"
25846,DIRECTION,"'',(1.,0.,0.)"
25847,DIRECTION,"'',(0.,0.,1.)"
25848,DIRECTION,"'',(-1.,0.,0.)"
25849,DIRECTION,"'',(0.,0.,-1.)"
25850,DIRECTION,"'',(-1.,0.,0.)"
25851,DIRECTION,"'',(0.,0.,-1.)"
25852,DIRECTION,"'',(1.,0.,0.)"
25853,DIRECTION,"'',(0.,0.,1.)"
25854,DIRECTION,"'',(-1.,0.,0.)"
25855,DIRECTION,"'',(0.,0.,-1.)"
25856,DIRECTION,"'',(1.,0.,0.)"
25857,DIRECTION,"'',(0.,0.,-1.)"
25858,DIRECTION,"'',(-1.,0.,0.)"
25859,DIRECTION,"'',(0.,0.,1.)"
25860,DIRECTION,"'',(1.,2.34534613952064E-15,0.)"
25861,DIRECTION,"'',(0.,0.,-1.)"
25862,DIRECTION,"'',(1.,0.,0.)"
25863,DIRECTION,"'',(0.,0.,-1.)"
25864,DIRECTION,"'',(-1.,0.,0.)"
25865,DIRECTION,"'',(0.,0.,1.)"
25866,DIRECTION,"'',(1.,2.34534613952064E-15,0.)"
25867,DIRECTION,"'',(0.,0.,-1.)"
25868,DIRECTION,"'',(1.,0.,0.)"
25869,DIRECTION,"'',(0.,0.,-1.)"
25870,DIRECTION,"'',(-1.,0.,0.)"
25871,DIRECTION,"'',(0.,0.,1.)"
25872,DIRECTION,"'',(1.,2.34534613952064E-15,0.)"
25873,DIRECTION,"'',(0.,0.,-1.)"
25874,DIRECTION,"'',(1.,0.,0.)"
25875,DIRECTION,"'',(0.,0.,-1.)"
25876,DIRECTION,"'',(-1.,0.,0.)"
25877,DIRECTION,"'',(0.,0.,1.)"
25878,DIRECTION,"'',(1.,2.34534613952064E-15,0.)"
25879,DIRECTION,"'',(0.,0.,-1.)"
25880,DIRECTION,"'',(-1.,0.,0.)"
25881,DIRECTION,"'',(0.,0.,-1.)"
25882,DIRECTION,"'',(1.,0.,0.)"
25883,DIRECTION,"'',(0.,0.,1.)"
25884,DIRECTION,"'',(-1.,0.,0.)"
25885,DIRECTION,"'',(0.,0.,-1.)"
25886,DIRECTION,"'',(-1.,0.,0.)"
25887,DIRECTION,"'',(0.,0.,-1.)"
25888,DIRECTION,"'',(1.,0.,0.)"
25889,DIRECTION,"'',(0.,0.,1.)"
25890,DIRECTION,"'',(-1.,0.,0.)"
25891,DIRECTION,"'',(0.,0.,1.)"
25892,DIRECTION,"'',(-1.,0.,0.)"
25893,DIRECTION,"'',(0.,0.,1.)"
25894,DIRECTION,"'',(-0.999999999999999,0.,0.)"
25895,DIRECTION,"'',(0.,0.,1.)"
25896,DIRECTION,"'',(-1.,0.,0.)"
25897,DIRECTION,"'',(0.,0.,-1.)"
25898,DIRECTION,"'',(1.,0.,0.)"
25899,DIRECTION,"'',(0.,0.,-1.)"
25900,DIRECTION,"'',(1.,0.,0.)"
25901,DIRECTION,"'',(0.,0.,-1.)"
25902,DIRECTION,"'',(-1.,0.,0.)"
25903,DIRECTION,"'',(0.,0.,-1.)"
25904,DIRECTION,"'',(-0.999999999999999,0.,0.)"
25905,DIRECTION,"'',(0.,0.,-1.)"
25906,DIRECTION,"'',(1.,0.,0.)"
25907,DIRECTION,"'',(0.,0.,-1.)"
25908,DIRECTION,"'',(1.,0.,0.)"
25909,DIRECTION,"'',(0.,0.,-1.)"
25910,DIRECTION,"'',(1.,0.,0.)"
25911,DIRECTION,"'',(0.,0.,1.)"
25912,DIRECTION,"'',(0.,0.,-1.)"
25913,DIRECTION,"'',(0.,-1.,0.)"
25914,DIRECTION,"'',(-1.,0.,0.)"
25915,DIRECTION,"'',(0.,0.,-1.)"
25916,DIRECTION,"'',(0.,0.,1.)"
25917,DIRECTION,"'',(1.,0.,0.)"
25918,DIRECTION,"'',(0.,-1.,0.)"
25919,DIRECTION,"'',(0.,0.,1.)"
25920,DIRECTION,"'',(0.,0.,1.)"
25921,DIRECTION,"'',(1.,0.,0.)"
25922,DIRECTION,"'',(0.,0.,1.)"
25923,DIRECTION,"'',(-1.,0.,0.)"
25924,DIRECTION,"'',(0.,0.,-1.)"
25925,DIRECTION,"'',(1.89242561015651E-15,1.,0.)"
25926,DIRECTION,"'',(0.,0.,1.)"
25927,DIRECTION,"'',(-1.,1.89242561015651E-15,0.)"
25928,DIRECTION,"'',(1.89431803576667E-15,1.,0.)"
25929,DIRECTION,"'',(0.,0.,-1.)"
25930,DIRECTION,"'',(1.,-1.54197642330588E-15,0.)"
25931,DIRECTION,"'',(0.,0.,1.)"
25932,DIRECTION,"'',(1.54197642330588E-15,1.,0.)"
25933,DIRECTION,"'',(1.,-1.5404344466674E-15,0.)"
25934,DIRECTION,"'',(0.,0.,-1.)"
25935,DIRECTION,"'',(1.,-1.91417762866406E-15,0.)"
25936,DIRECTION,"'',(0.,0.,1.)"
25937,DIRECTION,"'',(1.91417762866406E-15,1.,0.)"
25938,DIRECTION,"'',(1.,-1.9151347174784E-15,0.)"
25939,DIRECTION,"'',(0.,0.,-1.)"
25940,DIRECTION,"'',(-1.92226114905538E-15,-1.,0.)"
25941,DIRECTION,"'',(0.,0.,1.)"
25942,DIRECTION,"'',(1.,-1.92226114905538E-15,0.)"
25943,DIRECTION,"'',(-1.9220736113823E-15,-1.,0.)"
25944,DIRECTION,"'',(0.,0.,-1.)"
25945,DIRECTION,"'',(-1.,2.07000590412326E-15,0.)"
25946,DIRECTION,"'',(0.,0.,1.)"
25947,DIRECTION,"'',(-2.07000590412326E-15,-1.,0.)"
25948,DIRECTION,"'',(-1.,2.07039246857832E-15,0.)"
25949,DIRECTION,"'',(0.,0.,-1.)"
25950,DIRECTION,"'',(-1.94289029309401E-15,-1.,0.)"
25951,DIRECTION,"'',(0.,0.,1.)"
25952,DIRECTION,"'',(1.,-1.94289029309401E-15,0.)"
25953,DIRECTION,"'',(-1.94289029309402E-15,-1.,0.)"
25954,DIRECTION,"'',(0.,0.,-1.)"
25955,DIRECTION,"'',(-1.,1.9515639104739E-15,0.)"
25956,DIRECTION,"'',(0.,0.,1.)"
25957,DIRECTION,"'',(-1.9515639104739E-15,-1.,0.)"
25958,DIRECTION,"'',(-1.,1.95156391047391E-15,0.)"
25959,DIRECTION,"'',(0.,0.,-1.)"
25960,DIRECTION,"'',(1.93643550806714E-15,1.,0.)"
25961,DIRECTION,"'',(0.,0.,1.)"
25962,DIRECTION,"'',(-1.,1.93643550806714E-15,0.)"
25963,DIRECTION,"'',(1.93595139919012E-15,1.,0.)"
25964,DIRECTION,"'',(0.,0.,-1.)"
25965,DIRECTION,"'',(-1.,1.94618026940308E-15,0.)"
25966,DIRECTION,"'',(0.,0.,1.)"
25967,DIRECTION,"'',(-1.94618026940308E-15,-1.,0.)"
25968,DIRECTION,"'',(-1.,1.94635974004598E-15,0.)"
25969,DIRECTION,"'',(0.,0.,1.)"
25970,DIRECTION,"'',(-1.,0.,0.)"
25971,DIRECTION,"'',(0.,0.,-1.)"
25972,DIRECTION,"'',(0.,0.,1.)"
25973,DIRECTION,"'',(-1.,0.,0.)"
25974,DIRECTION,"'',(0.,0.,-1.)"
25975,DIRECTION,"'',(-1.,0.,0.)"
25976,DIRECTION,"'',(0.,0.,-1.)"
25977,DIRECTION,"'',(1.,0.,0.)"
25978,DIRECTION,"'',(0.,0.,-1.)"
25979,DIRECTION,"'',(-1.,0.,0.)"
25980,DIRECTION,"'',(0.,0.,-1.)"
25981,DIRECTION,"'',(1.,0.,0.)"
25982,DIRECTION,"'',(0.,0.,1.)"
25983,DIRECTION,"'',(-1.,0.,0.)"
25984,DIRECTION,"'',(0.,0.,1.)"
25985,DIRECTION,"'',(-1.,0.,0.)"
25986,DIRECTION,"'',(0.,0.,-1.)"
25987,DIRECTION,"'',(-1.,0.,0.)"
25988,DIRECTION,"'',(0.,0.,-1.)"
25989,DIRECTION,"'',(1.,0.,0.)"
25990,DIRECTION,"'',(0.,0.,-1.)"
25991,DIRECTION,"'',(-1.,0.,0.)"
25992,DIRECTION,"'',(0.,0.,-1.)"
25993,DIRECTION,"'',(1.,0.,0.)"
25994,DIRECTION,"'',(0.,0.,1.)"
25995,DIRECTION,"'',(-1.,0.,0.)"
25996,DIRECTION,"'',(0.,0.,1.)"
25997,DIRECTION,"'',(-1.,0.,0.)"
25998,DIRECTION,"'',(0.,0.,-1.)"
25999,DIRECTION,"'',(-1.,0.,0.)"
26000,DIRECTION,"'',(0.,0.,-1.)"
26001,DIRECTION,"'',(1.,0.,0.)"
26002,DIRECTION,"'',(0.,0.,-1.)"
26003,DIRECTION,"'',(-1.,0.,0.)"
26004,DIRECTION,"'',(0.,0.,-1.)"
26005,DIRECTION,"'',(-1.,0.,0.)"
26006,DIRECTION,"'',(0.,0.,-1.)"
26007,DIRECTION,"'',(1.,0.,0.)"
26008,DIRECTION,"'',(0.,0.,-1.)"
26009,DIRECTION,"'',(-1.,0.,0.)"
26010,DIRECTION,"'',(0.,0.,-1.)"
26011,DIRECTION,"'',(1.,0.,0.)"
26012,DIRECTION,"'',(0.,0.,-1.)"
26013,DIRECTION,"'',(-1.89242561015651E-15,-1.,0.)"
26014,DIRECTION,"'',(0.,0.,1.)"
26015,DIRECTION,"'',(1.,-1.89242561015651E-15,0.)"
26016,DIRECTION,"'',(-1.89431803576667E-15,-1.,0.)"
26017,DIRECTION,"'',(0.,0.,-1.)"
26018,DIRECTION,"'',(-1.,1.54197642330588E-15,0.)"
26019,DIRECTION,"'',(0.,0.,1.)"
26020,DIRECTION,"'',(-1.54197642330588E-15,-1.,0.)"
26021,DIRECTION,"'',(-1.,1.5404344466674E-15,0.)"
26022,DIRECTION,"'',(0.,0.,-1.)"
26023,DIRECTION,"'',(-1.,1.91417762866406E-15,0.)"
26024,DIRECTION,"'',(0.,0.,1.)"
26025,DIRECTION,"'',(-1.91417762866406E-15,-1.,0.)"
26026,DIRECTION,"'',(-1.,1.9151347174784E-15,0.)"
26027,DIRECTION,"'',(0.,0.,-1.)"
26028,DIRECTION,"'',(1.92226114905538E-15,1.,0.)"
26029,DIRECTION,"'',(0.,0.,1.)"
26030,DIRECTION,"'',(-1.,1.92226114905538E-15,0.)"
26031,DIRECTION,"'',(1.9220736113823E-15,1.,0.)"
26032,DIRECTION,"'',(0.,0.,-1.)"
26033,DIRECTION,"'',(1.,-2.07000590412326E-15,0.)"
26034,DIRECTION,"'',(0.,0.,1.)"
26035,DIRECTION,"'',(2.07000590412326E-15,1.,0.)"
26036,DIRECTION,"'',(1.,-2.07039246857832E-15,0.)"
26037,DIRECTION,"'',(0.,0.,-1.)"
26038,DIRECTION,"'',(1.94289029309401E-15,1.,0.)"
26039,DIRECTION,"'',(0.,0.,1.)"
26040,DIRECTION,"'',(-1.,1.94289029309401E-15,0.)"
26041,DIRECTION,"'',(1.94289029309402E-15,1.,0.)"
26042,DIRECTION,"'',(0.,0.,-1.)"
26043,DIRECTION,"'',(1.,-1.9515639104739E-15,0.)"
26044,DIRECTION,"'',(0.,0.,1.)"
26045,DIRECTION,"'',(1.9515639104739E-15,1.,0.)"
26046,DIRECTION,"'',(1.,-1.95156391047391E-15,0.)"
26047,DIRECTION,"'',(0.,0.,-1.)"
26048,DIRECTION,"'',(-1.93643550806714E-15,-1.,0.)"
26049,DIRECTION,"'',(0.,0.,1.)"
26050,DIRECTION,"'',(1.,-1.93643550806714E-15,0.)"
26051,DIRECTION,"'',(-1.93595139919012E-15,-1.,0.)"
26052,DIRECTION,"'',(0.,0.,-1.)"
26053,DIRECTION,"'',(1.,-1.94618026940308E-15,0.)"
26054,DIRECTION,"'',(0.,0.,1.)"
26055,DIRECTION,"'',(1.94618026940308E-15,1.,0.)"
26056,DIRECTION,"'',(1.,-1.94635974004598E-15,0.)"
26057,DIRECTION,"'',(0.,0.,1.)"
26058,DIRECTION,"'',(-1.,0.,0.)"
26059,DIRECTION,"'',(0.,0.,-1.)"
26060,DIRECTION,"'',(0.,0.,1.)"
26061,DIRECTION,"'',(1.,0.,0.)"
26062,DIRECTION,"'',(0.,0.,-1.)"
26063,DIRECTION,"'',(-1.,0.,0.)"
26064,DIRECTION,"'',(0.,0.,-1.)"
26065,DIRECTION,"'',(-1.,0.,0.)"
26066,DIRECTION,"'',(0.,0.,-1.)"
26067,DIRECTION,"'',(-1.,0.,0.)"
26068,DIRECTION,"'',(0.,0.,-1.)"
26069,DIRECTION,"'',(-1.,0.,0.)"
26070,DIRECTION,"'',(0.,0.,1.)"
26071,DIRECTION,"'',(-1.,0.,0.)"
26072,DIRECTION,"'',(0.,0.,1.)"
26073,DIRECTION,"'',(1.,0.,0.)"
26074,DIRECTION,"'',(0.,0.,-1.)"
26075,DIRECTION,"'',(-1.,0.,0.)"
26076,DIRECTION,"'',(0.,0.,-1.)"
26077,DIRECTION,"'',(-1.,0.,0.)"
26078,DIRECTION,"'',(0.,0.,-1.)"
26079,DIRECTION,"'',(-1.,0.,0.)"
26080,DIRECTION,"'',(0.,0.,-1.)"
26081,DIRECTION,"'',(-1.,0.,0.)"
26082,DIRECTION,"'',(0.,0.,1.)"
26083,DIRECTION,"'',(-1.,0.,0.)"
26084,DIRECTION,"'',(0.,0.,1.)"
26085,DIRECTION,"'',(1.,0.,0.)"
26086,DIRECTION,"'',(0.,0.,-1.)"
26087,DIRECTION,"'',(-1.,0.,0.)"
26088,DIRECTION,"'',(0.,0.,-1.)"
26089,DIRECTION,"'',(-1.,0.,0.)"
26090,DIRECTION,"'',(0.,0.,-1.)"
26091,DIRECTION,"'',(-1.,0.,0.)"
26092,DIRECTION,"'',(0.,0.,-1.)"
26093,DIRECTION,"'',(-1.,0.,0.)"
26094,DIRECTION,"'',(0.,0.,-1.)"
26095,DIRECTION,"'',(-1.,0.,0.)"
26096,DIRECTION,"'',(0.,0.,-1.)"
26097,DIRECTION,"'',(-1.,0.,0.)"
26098,DIRECTION,"'',(0.,0.,-1.)"
26099,DIRECTION,"'',(-1.89242561015651E-15,-1.,0.)"
26100,DIRECTION,"'',(0.,0.,1.)"
26101,DIRECTION,"'',(1.,-1.89242561015651E-15,0.)"
26102,DIRECTION,"'',(-1.89431803576667E-15,-1.,0.)"
26103,DIRECTION,"'',(0.,0.,-1.)"
26104,DIRECTION,"'',(-1.,1.54197642330588E-15,0.)"
26105,DIRECTION,"'',(0.,0.,1.)"
26106,DIRECTION,"'',(-1.54197642330588E-15,-1.,0.)"
26107,DIRECTION,"'',(-1.,1.5404344466674E-15,0.)"
26108,DIRECTION,"'',(0.,0.,-1.)"
26109,DIRECTION,"'',(-1.,1.91417762866406E-15,0.)"
26110,DIRECTION,"'',(0.,0.,1.)"
26111,DIRECTION,"'',(-1.91417762866406E-15,-1.,0.)"
26112,DIRECTION,"'',(-1.,1.9151347174784E-15,0.)"
26113,DIRECTION,"'',(0.,0.,-1.)"
26114,DIRECTION,"'',(1.92226114905538E-15,1.,0.)"
26115,DIRECTION,"'',(0.,0.,1.)"
26116,DIRECTION,"'',(-1.,1.92226114905538E-15,0.)"
26117,DIRECTION,"'',(1.9220736113823E-15,1.,0.)"
26118,DIRECTION,"'',(0.,0.,-1.)"
26119,DIRECTION,"'',(1.,-2.07000590412326E-15,0.)"
26120,DIRECTION,"'',(0.,0.,1.)"
26121,DIRECTION,"'',(2.07000590412326E-15,1.,0.)"
26122,DIRECTION,"'',(1.,-2.06779038336435E-15,0.)"
26123,DIRECTION,"'',(0.,0.,-1.)"
26124,DIRECTION,"'',(1.94289029309401E-15,1.,0.)"
26125,DIRECTION,"'',(0.,0.,1.)"
26126,DIRECTION,"'',(-1.,1.94289029309401E-15,0.)"
26127,DIRECTION,"'',(1.94289029309402E-15,1.,0.)"
26128,DIRECTION,"'',(0.,0.,-1.)"
26129,DIRECTION,"'',(1.,-1.9515639104739E-15,0.)"
26130,DIRECTION,"'',(0.,0.,1.)"
26131,DIRECTION,"'',(1.9515639104739E-15,1.,0.)"
26132,DIRECTION,"'',(1.,-1.95676808090184E-15,0.)"
26133,DIRECTION,"'',(0.,0.,-1.)"
26134,DIRECTION,"'',(-1.93643550806714E-15,-1.,0.)"
26135,DIRECTION,"'',(0.,0.,1.)"
26136,DIRECTION,"'',(1.,-1.93643550806714E-15,0.)"
26137,DIRECTION,"'',(-1.93595139919012E-15,-1.,0.)"
26138,DIRECTION,"'',(0.,0.,-1.)"
26139,DIRECTION,"'',(1.,-1.94618026940308E-15,0.)"
26140,DIRECTION,"'',(0.,0.,1.)"
26141,DIRECTION,"'',(1.94618026940308E-15,1.,0.)"
26142,DIRECTION,"'',(1.,-1.94289029309402E-15,0.)"
26143,DIRECTION,"'',(0.,0.,1.)"
26144,DIRECTION,"'',(-1.,0.,0.)"
26145,DIRECTION,"'',(0.,0.,-1.)"
26146,DIRECTION,"'',(0.,0.,1.)"
26147,DIRECTION,"'',(1.,0.,0.)"
26148,DIRECTION,"'',(0.,0.,-1.)"
26149,DIRECTION,"'',(-1.,0.,0.)"
26150,DIRECTION,"'',(0.,0.,-1.)"
26151,DIRECTION,"'',(-1.,0.,0.)"
26152,DIRECTION,"'',(0.,0.,-1.)"
26153,DIRECTION,"'',(-1.,0.,0.)"
26154,DIRECTION,"'',(0.,0.,-1.)"
26155,DIRECTION,"'',(-1.,0.,0.)"
26156,DIRECTION,"'',(0.,0.,1.)"
26157,DIRECTION,"'',(-1.,0.,0.)"
26158,DIRECTION,"'',(0.,0.,1.)"
26159,DIRECTION,"'',(1.,0.,0.)"
26160,DIRECTION,"'',(0.,0.,-1.)"
26161,DIRECTION,"'',(-1.,0.,0.)"
26162,DIRECTION,"'',(0.,0.,-1.)"
26163,DIRECTION,"'',(-1.,0.,0.)"
26164,DIRECTION,"'',(0.,0.,-1.)"
26165,DIRECTION,"'',(-1.,0.,0.)"
26166,DIRECTION,"'',(0.,0.,-1.)"
26167,DIRECTION,"'',(-1.,0.,0.)"
26168,DIRECTION,"'',(0.,0.,1.)"
26169,DIRECTION,"'',(-1.,0.,0.)"
26170,DIRECTION,"'',(0.,0.,1.)"
26171,DIRECTION,"'',(1.,0.,0.)"
26172,DIRECTION,"'',(0.,0.,-1.)"
26173,DIRECTION,"'',(-1.,0.,0.)"
26174,DIRECTION,"'',(0.,0.,-1.)"
26175,DIRECTION,"'',(-1.,0.,0.)"
26176,DIRECTION,"'',(0.,0.,-1.)"
26177,DIRECTION,"'',(-1.,0.,0.)"
26178,DIRECTION,"'',(0.,0.,-1.)"
26179,DIRECTION,"'',(-1.,0.,0.)"
26180,DIRECTION,"'',(0.,0.,-1.)"
26181,DIRECTION,"'',(-1.,0.,0.)"
26182,DIRECTION,"'',(0.,0.,-1.)"
26183,DIRECTION,"'',(-1.,0.,0.)"
26184,DIRECTION,"'',(0.,0.,-1.)"
26185,DIRECTION,"'',(1.89242561015651E-15,1.,0.)"
26186,DIRECTION,"'',(0.,0.,1.)"
26187,DIRECTION,"'',(-1.,1.89242561015651E-15,0.)"
26188,DIRECTION,"'',(1.89431803576667E-15,1.,0.)"
26189,DIRECTION,"'',(0.,0.,-1.)"
26190,DIRECTION,"'',(1.,-1.54197642330588E-15,0.)"
26191,DIRECTION,"'',(0.,0.,1.)"
26192,DIRECTION,"'',(1.54197642330588E-15,1.,0.)"
26193,DIRECTION,"'',(1.,-1.5404344466674E-15,0.)"
26194,DIRECTION,"'',(0.,0.,-1.)"
26195,DIRECTION,"'',(1.,-1.91417762866406E-15,0.)"
26196,DIRECTION,"'',(0.,0.,1.)"
26197,DIRECTION,"'',(1.91417762866406E-15,1.,0.)"
26198,DIRECTION,"'',(1.,-1.9151347174784E-15,0.)"
26199,DIRECTION,"'',(0.,0.,-1.)"
26200,DIRECTION,"'',(-1.92226114905538E-15,-1.,0.)"
26201,DIRECTION,"'',(0.,0.,1.)"
26202,DIRECTION,"'',(1.,-1.92226114905538E-15,0.)"
26203,DIRECTION,"'',(-1.9220736113823E-15,-1.,0.)"
26204,DIRECTION,"'',(0.,0.,-1.)"
26205,DIRECTION,"'',(-1.,2.07000590412326E-15,0.)"
26206,DIRECTION,"'',(0.,0.,1.)"
26207,DIRECTION,"'',(-2.07000590412326E-15,-1.,0.)"
26208,DIRECTION,"'',(-1.,2.06779038336435E-15,0.)"
26209,DIRECTION,"'',(0.,0.,-1.)"
26210,DIRECTION,"'',(-1.94289029309401E-15,-1.,0.)"
26211,DIRECTION,"'',(0.,0.,1.)"
26212,DIRECTION,"'',(1.,-1.94289029309401E-15,0.)"
26213,DIRECTION,"'',(-1.94289029309402E-15,-1.,0.)"
26214,DIRECTION,"'',(0.,0.,-1.)"
26215,DIRECTION,"'',(-1.,1.9515639104739E-15,0.)"
26216,DIRECTION,"'',(0.,0.,1.)"
26217,DIRECTION,"'',(-1.9515639104739E-15,-1.,0.)"
26218,DIRECTION,"'',(-1.,1.95676808090184E-15,0.)"
26219,DIRECTION,"'',(0.,0.,-1.)"
26220,DIRECTION,"'',(1.93643550806714E-15,1.,0.)"
26221,DIRECTION,"'',(0.,0.,1.)"
26222,DIRECTION,"'',(-1.,1.93643550806714E-15,0.)"
26223,DIRECTION,"'',(1.93595139919012E-15,1.,0.)"
26224,DIRECTION,"'',(0.,0.,-1.)"
26225,DIRECTION,"'',(-1.,1.94618026940308E-15,0.)"
26226,DIRECTION,"'',(0.,0.,1.)"
26227,DIRECTION,"'',(-1.94618026940308E-15,-1.,0.)"
26228,DIRECTION,"'',(-1.,1.94289029309402E-15,0.)"
26229,DIRECTION,"'',(0.,0.,1.)"
26230,DIRECTION,"'',(-1.,0.,0.)"
26231,DIRECTION,"'',(0.,0.,-1.)"
26232,DIRECTION,"'',(0.,0.,1.)"
26233,DIRECTION,"'',(-1.,0.,0.)"
26234,DIRECTION,"'',(0.,0.,-1.)"
26235,DIRECTION,"'',(-1.,0.,0.)"
26236,DIRECTION,"'',(0.,0.,-1.)"
26237,DIRECTION,"'',(1.,0.,0.)"
26238,DIRECTION,"'',(0.,0.,-1.)"
26239,DIRECTION,"'',(-1.,0.,0.)"
26240,DIRECTION,"'',(0.,0.,-1.)"
26241,DIRECTION,"'',(1.,0.,0.)"
26242,DIRECTION,"'',(0.,0.,1.)"
26243,DIRECTION,"'',(-1.,0.,0.)"
26244,DIRECTION,"'',(0.,0.,1.)"
26245,DIRECTION,"'',(-1.,0.,0.)"
26246,DIRECTION,"'',(0.,0.,-1.)"
26247,DIRECTION,"'',(-1.,0.,0.)"
26248,DIRECTION,"'',(0.,0.,-1.)"
26249,DIRECTION,"'',(1.,0.,0.)"
26250,DIRECTION,"'',(0.,0.,-1.)"
26251,DIRECTION,"'',(-1.,0.,0.)"
26252,DIRECTION,"'',(0.,0.,-1.)"
26253,DIRECTION,"'',(1.,0.,0.)"
26254,DIRECTION,"'',(0.,0.,1.)"
26255,DIRECTION,"'',(-1.,0.,0.)"
26256,DIRECTION,"'',(0.,0.,1.)"
26257,DIRECTION,"'',(-1.,0.,0.)"
26258,DIRECTION,"'',(0.,0.,-1.)"
26259,DIRECTION,"'',(-1.,0.,0.)"
26260,DIRECTION,"'',(0.,0.,-1.)"
26261,DIRECTION,"'',(1.,0.,0.)"
26262,DIRECTION,"'',(0.,0.,-1.)"
26263,DIRECTION,"'',(-1.,0.,0.)"
26264,DIRECTION,"'',(0.,0.,-1.)"
26265,DIRECTION,"'',(1.,0.,0.)"
26266,DIRECTION,"'',(0.,0.,-1.)"
26267,DIRECTION,"'',(-1.,0.,0.)"
26268,DIRECTION,"'',(0.,0.,-1.)"
26269,DIRECTION,"'',(1.,0.,0.)"
26270,DIRECTION,"'',(0.,0.,1.)"
26271,DIRECTION,"'',(0.999999999999999,0.,0.)"
26272,DIRECTION,"'',(0.,0.,-1.)"
26273,DIRECTION,"'',(0.,0.,1.)"
26274,DIRECTION,"'',(0.,0.,-1.)"
26275,DIRECTION,"'',(0.999999999999999,0.,0.)"
26276,DIRECTION,"'',(0.,0.,1.)"
26277,DIRECTION,"'',(1.,0.,0.)"
26278,DIRECTION,"'',(0.,0.,-1.)"
26279,DIRECTION,"'',(-1.,0.,0.)"
26280,DIRECTION,"'',(0.,0.,-1.)"
26281,DIRECTION,"'',(-1.,1.98254111540207E-15,0.)"
26282,DIRECTION,"'',(0.,0.,1.)"
26283,DIRECTION,"'',(1.,0.,0.)"
26284,DIRECTION,"'',(0.,0.,-1.)"
26285,DIRECTION,"'',(-1.,0.,0.)"
26286,DIRECTION,"'',(0.,0.,-1.)"
26287,DIRECTION,"'',(1.,0.,0.)"
26288,DIRECTION,"'',(0.,0.,1.)"
26289,DIRECTION,"'',(1.,0.,0.)"
26290,DIRECTION,"'',(0.,0.,-1.)"
26291,DIRECTION,"'',(-1.,0.,0.)"
26292,DIRECTION,"'',(0.,0.,-1.)"
26293,DIRECTION,"'',(-1.,-3.96508223080413E-15,0.)"
26294,DIRECTION,"'',(0.,0.,1.)"
26295,DIRECTION,"'',(1.,0.,0.)"
26296,DIRECTION,"'',(0.,0.,-1.)"
26297,DIRECTION,"'',(-1.,0.,0.)"
26298,DIRECTION,"'',(0.,0.,-1.)"
26299,DIRECTION,"'',(1.,0.,0.)"
26300,DIRECTION,"'',(0.,0.,1.)"
26301,DIRECTION,"'',(1.,0.,0.)"
26302,DIRECTION,"'',(0.,0.,-1.)"
26303,DIRECTION,"'',(-1.,0.,0.)"
26304,DIRECTION,"'',(0.,0.,-1.)"
26305,DIRECTION,"'',(-1.,-1.98254111540207E-15,0.)"
26306,DIRECTION,"'',(0.,0.,-1.)"
26307,DIRECTION,"'',(-1.,0.,0.)"
26308,DIRECTION,"'',(0.,0.,-1.)"
26309,DIRECTION,"'',(1.,0.,0.)"
26310,DIRECTION,"'',(0.,0.,-1.)"
26311,DIRECTION,"'',(-1.,0.,0.)"
26312,DIRECTION,"'',(0.,0.,-1.)"
26313,DIRECTION,"'',(-1.,3.96508223080413E-15,0.)"
26314,DIRECTION,"'',(0.,0.,-1.)"
26315,DIRECTION,"'',(1.,0.,0.)"
26316,DIRECTION,"'',(0.,0.,1.)"
26317,DIRECTION,"'',(1.,0.,0.)"
26318,DIRECTION,"'',(0.,0.,-1.)"
26319,DIRECTION,"'',(-1.,0.,0.)"
26320,DIRECTION,"'',(0.,0.,-1.)"
26321,DIRECTION,"'',(1.,0.,0.)"
26322,DIRECTION,"'',(0.,0.,-1.)"
26323,DIRECTION,"'',(-1.,0.,0.)"
26324,DIRECTION,"'',(0.,0.,1.)"
26325,DIRECTION,"'',(1.,0.,0.)"
26326,DIRECTION,"'',(0.,0.,1.)"
26327,DIRECTION,"'',(-1.,0.,0.)"
26328,DIRECTION,"'',(0.,0.,1.)"
26329,DIRECTION,"'',(1.,0.,0.)"
26330,DIRECTION,"'',(0.,0.,-1.)"
26331,DIRECTION,"'',(-1.,0.,0.)"
26332,DIRECTION,"'',(0.,0.,1.)"
26333,DIRECTION,"'',(-1.,0.,0.)"
26334,DIRECTION,"'',(0.,0.,1.)"
26335,DIRECTION,"'',(1.,0.,0.)"
26336,DIRECTION,"'',(0.,0.,-1.)"
26337,DIRECTION,"'',(-1.,0.,0.)"
26338,DIRECTION,"'',(0.,0.,1.)"
26339,DIRECTION,"'',(-1.,0.,0.)"
26340,DIRECTION,"'',(0.,0.,-1.)"
26341,DIRECTION,"'',(-1.,0.,0.)"
26342,DIRECTION,"'',(0.,0.,1.)"
26343,DIRECTION,"'',(1.,0.,0.)"
26344,DIRECTION,"'',(0.,0.,1.)"
26345,DIRECTION,"'',(1.,0.,0.)"
26346,DIRECTION,"'',(0.,0.,-1.)"
26347,DIRECTION,"'',(-1.,0.,0.)"
26348,DIRECTION,"'',(0.,0.,1.)"
26349,DIRECTION,"'',(1.,0.,0.)"
26350,DIRECTION,"'',(0.,0.,1.)"
26351,DIRECTION,"'',(1.,0.,0.)"
26352,DIRECTION,"'',(0.,0.,-1.)"
26353,DIRECTION,"'',(-1.,0.,0.)"
26354,DIRECTION,"'',(0.,0.,1.)"
26355,DIRECTION,"'',(1.,0.,0.)"
26356,DIRECTION,"'',(0.,0.,-1.)"
26357,DIRECTION,"'',(-1.,0.,0.)"
26358,DIRECTION,"'',(0.,0.,1.)"
26359,DIRECTION,"'',(1.,0.,0.)"
26360,DIRECTION,"'',(0.,0.,1.)"
26361,DIRECTION,"'',(1.,0.,0.)"
26362,DIRECTION,"'',(0.,0.,1.)"
26363,DIRECTION,"'',(1.,0.,0.)"
26364,DIRECTION,"'',(0.,0.,-1.)"
26365,DIRECTION,"'',(-1.,0.,0.)"
26366,DIRECTION,"'',(0.,0.,1.)"
26367,DIRECTION,"'',(1.,0.,0.)"
26368,DIRECTION,"'',(0.,0.,1.)"
26369,DIRECTION,"'',(1.,0.,0.)"
26370,DIRECTION,"'',(0.,0.,-1.)"
26371,DIRECTION,"'',(-1.,0.,0.)"
26372,DIRECTION,"'',(0.,0.,1.)"
26373,DIRECTION,"'',(1.,0.,0.)"
26374,DIRECTION,"'',(0.,0.,1.)"
26375,DIRECTION,"'',(1.,0.,0.)"
26376,DIRECTION,"'',(0.,0.,-1.)"
26377,DIRECTION,"'',(-1.,0.,0.)"
26378,DIRECTION,"'',(0.,0.,1.)"
26379,DIRECTION,"'',(-1.,0.,0.)"
26380,DIRECTION,"'',(0.,0.,1.)"
26381,DIRECTION,"'',(1.,0.,0.)"
26382,DIRECTION,"'',(0.,0.,-1.)"
26383,DIRECTION,"'',(-1.,0.,0.)"
26384,DIRECTION,"'',(0.,0.,1.)"
26385,DIRECTION,"'',(-1.,0.,0.)"
26386,DIRECTION,"'',(0.,0.,-1.)"
26387,DIRECTION,"'',(-1.,0.,0.)"
26388,DIRECTION,"'',(0.,0.,1.)"
26389,DIRECTION,"'',(1.,0.,0.)"
26390,DIRECTION,"'',(0.,0.,1.)"
26391,DIRECTION,"'',(-1.,0.,0.)"
26392,DIRECTION,"'',(0.,0.,1.)"
26393,DIRECTION,"'',(-1.,0.,-4.15191856628705E-17)"
26394,DIRECTION,"'',(0.,0.,-1.)"
26395,DIRECTION,"'',(1.,0.,6.22787784943057E-17)"
26396,DIRECTION,"'',(0.,0.,-1.)"
26397,DIRECTION,"'',(1.,0.,6.17400347357045E-17)"
26398,DIRECTION,"'',(0.,0.,1.)"
26399,DIRECTION,"'',(-1.,0.,-4.11600231571369E-17)"
26400,DIRECTION,"'',(0.,0.,-1.)"
26401,DIRECTION,"'',(1.,0.,6.20313336331414E-17)"
26402,DIRECTION,"'',(0.,0.,1.)"
26403,DIRECTION,"'',(-1.,0.,-4.1364494211072E-17)"
26404,DIRECTION,"'',(0.,0.,-1.)"
26405,DIRECTION,"'',(1.,0.,6.20467413166071E-17)"
26406,DIRECTION,"'',(0.,0.,1.)"
26407,DIRECTION,"'',(-1.,0.,-4.15191856628705E-17)"
26408,DIRECTION,"'',(0.,0.,-1.)"
26409,DIRECTION,"'',(1.,0.,6.22787784943057E-17)"
26410,DIRECTION,"'',(0.,0.,1.)"
26411,DIRECTION,"'',(-1.,0.,-4.13542224220948E-17)"
26412,DIRECTION,"'',(0.,0.,1.)"
26413,DIRECTION,"'',(-1.,0.,-4.15191856628705E-17)"
26414,DIRECTION,"'',(0.,0.,-1.)"
26415,DIRECTION,"'',(1.,0.,6.22787784943057E-17)"
26416,DIRECTION,"'',(0.,0.,1.)"
26417,DIRECTION,"'',(-1.,0.,-4.15191856628705E-17)"
26418,DIRECTION,"'',(0.,0.,-1.)"
26419,DIRECTION,"'',(1.,0.,6.22787784943057E-17)"
26420,DIRECTION,"'',(0.,0.,1.)"
26421,DIRECTION,"'',(-1.,0.,-4.15191856628705E-17)"
26422,DIRECTION,"'',(0.,0.,-1.)"
26423,DIRECTION,"'',(1.,0.,6.22787784943057E-17)"
26424,DIRECTION,"'',(0.,0.,1.)"
26425,DIRECTION,"'',(-1.,0.,-4.13542224220948E-17)"
26426,DIRECTION,"'',(0.,0.,-1.)"
26427,DIRECTION,"'',(1.,0.,6.20313336331414E-17)"
26428,DIRECTION,"'',(0.,0.,-1.)"
26429,DIRECTION,"'',(1.,0.,6.20467413166071E-17)"
26430,DIRECTION,"'',(0.,0.,1.)"
26431,DIRECTION,"'',(-1.,0.,-4.11600231571369E-17)"
26432,DIRECTION,"'',(0.,0.,-1.)"
26433,DIRECTION,"'',(1.,0.,6.17400347357045E-17)"
26434,DIRECTION,"'',(0.,0.,1.)"
26435,DIRECTION,"'',(-1.,0.,-4.11600231571369E-17)"
26436,DIRECTION,"'',(0.,0.,-1.)"
26437,DIRECTION,"'',(1.,0.,6.17400347357045E-17)"
26438,DIRECTION,"'',(0.,0.,-1.)"
26439,DIRECTION,"'',(1.,0.,6.17400347357045E-17)"
26440,DIRECTION,"'',(0.,0.,1.)"
26441,DIRECTION,"'',(-1.,0.,-4.11600231571369E-17)"
26442,DIRECTION,"'',(0.,0.,1.)"
26443,DIRECTION,"'',(-1.,0.,-4.15191856628705E-17)"
26444,DIRECTION,"'',(0.,0.,-1.)"
26445,DIRECTION,"'',(1.,0.,6.22787784943057E-17)"
26446,DIRECTION,"'',(0.,0.,1.)"
26447,DIRECTION,"'',(-1.,0.,-4.13542224220948E-17)"
26448,DIRECTION,"'',(0.,0.,-1.)"
26449,DIRECTION,"'',(1.,0.,6.20313336331414E-17)"
26450,DIRECTION,"'',(0.,0.,1.)"
26451,DIRECTION,"'',(-1.,0.,-4.1364494211072E-17)"
26452,DIRECTION,"'',(0.,0.,-1.)"
26453,DIRECTION,"'',(1.,0.,6.20467413166071E-17)"
26454,DIRECTION,"'',(0.,0.,1.)"
26455,DIRECTION,"'',(-1.,0.,-4.13542224220948E-17)"
26456,DIRECTION,"'',(0.,0.,-1.)"
26457,DIRECTION,"'',(1.,0.,6.22787784943057E-17)"
26458,DIRECTION,"'',(0.,0.,-1.)"
26459,DIRECTION,"'',(1.,0.,6.22787784943057E-17)"
26460,DIRECTION,"'',(0.,0.,1.)"
26461,DIRECTION,"'',(-1.,0.,-4.1364494211072E-17)"
26462,DIRECTION,"'',(0.,0.,-1.)"
26463,DIRECTION,"'',(1.,0.,6.20313336331414E-17)"
26464,DIRECTION,"'',(0.,0.,-1.)"
26465,DIRECTION,"'',(1.,0.,6.20467413166071E-17)"
26466,DIRECTION,"'',(0.,0.707106781186547,-0.707106781186547)"
26467,DIRECTION,"'',(0.,-0.707106781186547,0.707106781186547)"
26468,DIRECTION,"'',(-1.37615726590638E-15,-0.707106781186548,-0.707106781186547)"
26469,DIRECTION,"'',(1.,-1.94289029309402E-15,0.)"
26470,DIRECTION,"'',(-0.707106781186547,0.,0.707106781186547)"
26471,DIRECTION,"'',(0.,0.,1.)"
26472,DIRECTION,"'',(-1.,0.,2.76725579418036E-17)"
26473,DIRECTION,"'',(0.707106781186547,0.,-0.707106781186547)"
26474,DIRECTION,"'',(0.,0.,-1.)"
26475,DIRECTION,"'',(1.,0.,-8.30176738254102E-17)"
26476,DIRECTION,"'',(-0.707106781186547,0.,0.707106781186547)"
26477,DIRECTION,"'',(-0.707106781186548,1.36926667908469E-15,-0.707106781186547)"
26478,DIRECTION,"'',(-1.93595139919012E-15,-1.,0.)"
26479,DIRECTION,"'',(0.707106781186547,-2.4532694666934E-15,-0.707106781186547)"
26480,DIRECTION,"'',(-0.707106781186548,1.33814698183276E-15,-0.707106781186547)"
26481,DIRECTION,"'',(-1.89431803576667E-15,-1.,0.)"
26482,DIRECTION,"'',(0.,-0.707106781186547,0.707106781186547)"
26483,DIRECTION,"'',(0.,0.,-1.)"
26484,DIRECTION,"'',(1.,0.,-8.30176738254102E-17)"
26485,DIRECTION,"'',(0.,-0.707106781186549,-0.707106781186546)"
26486,DIRECTION,"'',(0.,0.,-1.)"
26487,DIRECTION,"'',(1.,0.,-8.30176738254105E-17)"
26488,DIRECTION,"'',(0.,-0.707106781186543,0.707106781186552)"
26489,DIRECTION,"'',(-1.37996407501504E-15,-0.707106781186549,-0.707106781186546)"
26490,DIRECTION,"'',(1.,-1.95676808090184E-15,0.)"
26491,DIRECTION,"'',(0.,-0.707106781186547,-0.707106781186547)"
26492,DIRECTION,"'',(1.09034198534936E-15,0.707106781186548,-0.707106781186547)"
26493,DIRECTION,"'',(-1.,1.5404344466674E-15,0.)"
26494,DIRECTION,"'',(0.707106781186549,0.,0.707106781186546)"
26495,DIRECTION,"'',(0.,0.,-1.)"
26496,DIRECTION,"'',(1.,0.,-8.30176738254102E-17)"
26497,DIRECTION,"'',(0.707106781186547,-1.2266347333467E-14,-0.707106781186547)"
26498,DIRECTION,"'',(0.,0.,1.)"
26499,DIRECTION,"'',(-1.,0.,2.76725579418035E-17)"
26500,DIRECTION,"'',(0.707106781186547,0.,0.707106781186547)"
26501,DIRECTION,"'',(0.707106781186548,-1.37383090134829E-15,-0.707106781186547)"
26502,DIRECTION,"'',(1.94289029309402E-15,1.,0.)"
26503,DIRECTION,"'',(0.,-0.707106781186549,-0.707106781186546)"
26504,DIRECTION,"'',(0.,0.,-1.)"
26505,DIRECTION,"'',(1.,0.,-8.30176738254105E-17)"
26506,DIRECTION,"'',(-2.4532694666934E-15,-0.707106781186547,0.707106781186547)"
26507,DIRECTION,"'',(0.,0.,1.)"
26508,DIRECTION,"'',(-1.,0.,2.76725579418036E-17)"
26509,DIRECTION,"'',(-2.4532694666934E-15,-0.707106781186547,-0.707106781186547)"
26510,DIRECTION,"'',(1.35352798162394E-15,0.707106781186547,-0.707106781186548)"
26511,DIRECTION,"'',(-1.,1.9151347174784E-15,0.)"
26512,DIRECTION,"'',(-2.4532694666934E-15,-0.707106781186547,0.707106781186547)"
26513,DIRECTION,"'',(-1.46371521190175E-15,-0.707106781186547,-0.707106781186548)"
26514,DIRECTION,"'',(1.,-2.06779038336435E-15,0.)"
26515,DIRECTION,"'',(-0.707106781186547,2.4532694666934E-15,-0.707106781186547)"
26516,DIRECTION,"'',(0.,0.,-1.)"
26517,DIRECTION,"'',(1.,0.,-8.30176738254105E-17)"
26518,DIRECTION,"'',(0.707106781186548,0.,0.707106781186547)"
26519,DIRECTION,"'',(0.,0.,-1.)"
26520,DIRECTION,"'',(1.,0.,-8.30176738254102E-17)"
26521,DIRECTION,"'',(0.707106781186548,-1.35924389370851E-15,-0.707106781186547)"
26522,DIRECTION,"'',(1.9220736113823E-15,1.,0.)"
26523,DIRECTION,"'',(0.,0.707106781186548,-0.707106781186547)"
26524,DIRECTION,"'',(0.,-0.707106781186547,0.707106781186547)"
26525,DIRECTION,"'',(-1.37615726590638E-15,-0.707106781186547,-0.707106781186548)"
26526,DIRECTION,"'',(1.,-1.94635974004598E-15,0.)"
26527,DIRECTION,"'',(-0.707106781186547,1.2266347333467E-15,0.707106781186547)"
26528,DIRECTION,"'',(0.,0.,1.)"
26529,DIRECTION,"'',(-1.,0.,2.76725579418036E-17)"
26530,DIRECTION,"'',(0.707106781186547,-2.4532694666934E-15,-0.707106781186547)"
26531,DIRECTION,"'',(0.,0.,-1.)"
26532,DIRECTION,"'',(1.,0.,-8.30176738254102E-17)"
26533,DIRECTION,"'',(-0.707106781186547,1.2266347333467E-15,0.707106781186547)"
26534,DIRECTION,"'',(-0.707106781186547,1.36926667908469E-15,-0.707106781186548)"
26535,DIRECTION,"'',(-1.93595139919012E-15,-1.,0.)"
26536,DIRECTION,"'',(0.707106781186547,0.,-0.707106781186547)"
26537,DIRECTION,"'',(-0.707106781186547,1.33814698183276E-15,-0.707106781186548)"
26538,DIRECTION,"'',(-1.89431803576667E-15,-1.,0.)"
26539,DIRECTION,"'',(0.,-0.707106781186549,0.707106781186546)"
26540,DIRECTION,"'',(0.,0.,-1.)"
26541,DIRECTION,"'',(1.,0.,-8.30176738254102E-17)"
26542,DIRECTION,"'',(0.,-0.707106781186547,-0.707106781186547)"
26543,DIRECTION,"'',(0.,0.,-1.)"
26544,DIRECTION,"'',(1.,0.,-8.30176738254102E-17)"
26545,DIRECTION,"'',(0.,-0.707106781186548,0.707106781186547)"
26546,DIRECTION,"'',(-1.37996407501503E-15,-0.707106781186547,-0.707106781186548)"
26547,DIRECTION,"'',(1.,-1.95156391047391E-15,0.)"
26548,DIRECTION,"'',(0.,-0.707106781186547,-0.707106781186547)"
26549,DIRECTION,"'',(1.09034198534936E-15,0.707106781186547,-0.707106781186549)"
26550,DIRECTION,"'',(-1.,1.5404344466674E-15,0.)"
26551,DIRECTION,"'',(0.707106781186547,-1.2266347333467E-15,0.707106781186547)"
26552,DIRECTION,"'',(0.,0.,-1.)"
26553,DIRECTION,"'',(1.,0.,-8.30176738254105E-17)"
26554,DIRECTION,"'',(0.707106781186547,-1.47196168001604E-14,-0.707106781186547)"
26555,DIRECTION,"'',(0.,0.,1.)"
26556,DIRECTION,"'',(-1.,0.,2.76725579418036E-17)"
26557,DIRECTION,"'',(0.707106781186547,-1.2266347333467E-15,0.707106781186547)"
26558,DIRECTION,"'',(0.707106781186548,-1.3738309013483E-15,-0.707106781186547)"
26559,DIRECTION,"'',(1.94289029309402E-15,1.,0.)"
26560,DIRECTION,"'',(0.,-0.707106781186547,-0.707106781186547)"
26561,DIRECTION,"'',(0.,0.,-1.)"
26562,DIRECTION,"'',(1.,0.,-8.30176738254102E-17)"
26563,DIRECTION,"'',(-2.4532694666934E-15,-0.707106781186547,0.707106781186547)"
26564,DIRECTION,"'',(0.,0.,1.)"
26565,DIRECTION,"'',(-1.,0.,2.76725579418035E-17)"
26566,DIRECTION,"'',(-2.4532694666934E-15,-0.707106781186547,-0.707106781186547)"
26567,DIRECTION,"'',(1.35352798162395E-15,0.707106781186548,-0.707106781186547)"
26568,DIRECTION,"'',(-1.,1.9151347174784E-15,0.)"
26569,DIRECTION,"'',(-2.4532694666934E-15,-0.707106781186547,0.707106781186548)"
26570,DIRECTION,"'',(-1.46371521190175E-15,-0.707106781186548,-0.707106781186547)"
26571,DIRECTION,"'',(1.,-2.07039246857832E-15,0.)"
26572,DIRECTION,"'',(-0.707106781186549,0.,-0.707106781186546)"
26573,DIRECTION,"'',(0.,0.,-1.)"
26574,DIRECTION,"'',(1.,0.,-8.30176738254105E-17)"
26575,DIRECTION,"'',(0.707106781186547,-1.2266347333467E-15,0.707106781186548)"
26576,DIRECTION,"'',(0.,0.,-1.)"
26577,DIRECTION,"'',(1.,0.,-8.30176738254105E-17)"
26578,DIRECTION,"'',(0.707106781186548,-1.35924389370851E-15,-0.707106781186547)"
26579,DIRECTION,"'',(1.9220736113823E-15,1.,0.)"
26580,DIRECTION,"'',(0.707106781186546,0.,-0.707106781186549)"
26581,DIRECTION,"'',(2.4532694666934E-15,0.707106781186547,0.707106781186547)"
26582,DIRECTION,"'',(0.,0.,1.)"
26583,DIRECTION,"'',(-1.,0.,2.76725579418036E-17)"
26584,DIRECTION,"'',(2.4532694666934E-15,0.707106781186547,0.707106781186547)"
26585,DIRECTION,"'',(1.46371521190175E-15,0.707106781186547,-0.707106781186548)"
26586,DIRECTION,"'',(-1.,2.06779038336435E-15,0.)"
26587,DIRECTION,"'',(0.707106781186546,0.,-0.707106781186549)"
26588,DIRECTION,"'',(-0.707106781186548,1.37383090134829E-15,-0.707106781186547)"
26589,DIRECTION,"'',(-1.94289029309402E-15,-1.,0.)"
26590,DIRECTION,"'',(-0.707106781186548,0.,0.707106781186547)"
26591,DIRECTION,"'',(0.,0.,-1.)"
26592,DIRECTION,"'',(1.,0.,-8.30176738254102E-17)"
26593,DIRECTION,"'',(0.,-0.707106781186547,-0.707106781186547)"
26594,DIRECTION,"'',(0.,0.,-1.)"
26595,DIRECTION,"'',(1.,0.,-8.30176738254102E-17)"
26596,DIRECTION,"'',(-0.707106781186547,2.4532694666934E-15,0.707106781186548)"
26597,DIRECTION,"'',(-0.707106781186548,1.35924389370851E-15,-0.707106781186547)"
26598,DIRECTION,"'',(-1.9220736113823E-15,-1.,0.)"
26599,DIRECTION,"'',(0.,-0.707106781186543,-0.707106781186552)"
26600,DIRECTION,"'',(1.37996407501504E-15,0.707106781186549,-0.707106781186546)"
26601,DIRECTION,"'',(-1.,1.95676808090184E-15,0.)"
26602,DIRECTION,"'',(-2.4532694666934E-15,-0.707106781186547,0.707106781186547)"
26603,DIRECTION,"'',(0.,0.,-1.)"
26604,DIRECTION,"'',(1.,0.,-8.30176738254105E-17)"
26605,DIRECTION,"'',(-0.707106781186547,0.,-0.707106781186547)"
26606,DIRECTION,"'',(0.,0.,-1.)"
26607,DIRECTION,"'',(1.,0.,-8.30176738254102E-17)"
26608,DIRECTION,"'',(0.,-0.707106781186549,0.707106781186546)"
26609,DIRECTION,"'',(-1.35352798162394E-15,-0.707106781186547,-0.707106781186548)"
26610,DIRECTION,"'',(1.,-1.9151347174784E-15,0.)"
26611,DIRECTION,"'',(-0.707106781186547,0.,-0.707106781186547)"
26612,DIRECTION,"'',(0.707106781186548,-1.36926667908469E-15,-0.707106781186547)"
26613,DIRECTION,"'',(1.93595139919012E-15,1.,0.)"
26614,DIRECTION,"'',(0.707106781186547,-1.2266347333467E-14,0.707106781186547)"
26615,DIRECTION,"'',(0.,0.,-1.)"
26616,DIRECTION,"'',(1.,0.,-8.30176738254105E-17)"
26617,DIRECTION,"'',(0.,-0.707106781186547,-0.707106781186547)"
26618,DIRECTION,"'',(0.,0.,1.)"
26619,DIRECTION,"'',(-1.,0.,2.76725579418036E-17)"
26620,DIRECTION,"'',(0.,-0.707106781186547,0.707106781186547)"
26621,DIRECTION,"'',(0.,0.,1.)"
26622,DIRECTION,"'',(-1.,0.,2.76725579418035E-17)"
26623,DIRECTION,"'',(0.,-0.707106781186547,-0.707106781186547)"
26624,DIRECTION,"'',(1.37615726590638E-15,0.707106781186548,-0.707106781186547)"
26625,DIRECTION,"'',(-1.,1.94289029309402E-15,0.)"
26626,DIRECTION,"'',(0.,-0.707106781186546,0.707106781186549)"
26627,DIRECTION,"'',(-1.09034198534936E-15,-0.707106781186548,-0.707106781186547)"
26628,DIRECTION,"'',(1.,-1.5404344466674E-15,0.)"
26629,DIRECTION,"'',(-0.707106781186547,0.,-0.707106781186547)"
26630,DIRECTION,"'',(0.,0.,-1.)"
26631,DIRECTION,"'',(1.,0.,-8.30176738254102E-17)"
26632,DIRECTION,"'',(0.707106781186547,-2.4532694666934E-15,0.707106781186547)"
26633,DIRECTION,"'',(0.,0.,-1.)"
26634,DIRECTION,"'',(1.,0.,-8.30176738254105E-17)"
26635,DIRECTION,"'',(0.707106781186548,-1.33814698183276E-15,-0.707106781186547)"
26636,DIRECTION,"'',(1.89431803576667E-15,1.,0.)"
26637,DIRECTION,"'',(0.707106781186547,-1.2266347333467E-15,0.707106781186547)"
26638,DIRECTION,"'',(-0.707106781186547,1.2266347333467E-15,-0.707106781186547)"
26639,DIRECTION,"'',(0.707106781186547,-1.36926667908469E-15,-0.707106781186548)"
26640,DIRECTION,"'',(1.93595139919012E-15,1.,0.)"
26641,DIRECTION,"'',(0.,-0.707106781186546,-0.707106781186549)"
26642,DIRECTION,"'',(0.,0.,1.)"
26643,DIRECTION,"'',(-1.,0.,2.76725579418036E-17)"
26644,DIRECTION,"'',(0.,0.707106781186549,0.707106781186546)"
26645,DIRECTION,"'',(0.,0.,-1.)"
26646,DIRECTION,"'',(1.,0.,-8.30176738254102E-17)"
26647,DIRECTION,"'',(0.,-0.707106781186548,-0.707106781186547)"
26648,DIRECTION,"'',(1.37615726590638E-15,0.707106781186547,-0.707106781186548)"
26649,DIRECTION,"'',(-1.,1.94635974004598E-15,0.)"
26650,DIRECTION,"'',(0.,0.707106781186548,0.707106781186547)"
26651,DIRECTION,"'',(1.37996407501503E-15,0.707106781186547,-0.707106781186548)"
26652,DIRECTION,"'',(-1.,1.95156391047391E-15,0.)"
26653,DIRECTION,"'',(-0.707106781186547,2.4532694666934E-15,-0.707106781186547)"
26654,DIRECTION,"'',(0.,0.,-1.)"
26655,DIRECTION,"'',(1.,0.,-8.30176738254102E-17)"
26656,DIRECTION,"'',(-0.707106781186547,1.2266347333467E-15,0.707106781186547)"
26657,DIRECTION,"'',(0.,0.,-1.)"
26658,DIRECTION,"'',(1.,0.,-8.30176738254105E-17)"
26659,DIRECTION,"'',(-0.707106781186547,0.,-0.707106781186547)"
26660,DIRECTION,"'',(0.707106781186547,-1.33814698183276E-15,-0.707106781186548)"
26661,DIRECTION,"'',(1.89431803576667E-15,1.,0.)"
26662,DIRECTION,"'',(-0.707106781186547,1.2266347333467E-15,0.707106781186547)"
26663,DIRECTION,"'',(-0.707106781186548,1.3738309013483E-15,-0.707106781186547)"
26664,DIRECTION,"'',(-1.94289029309402E-15,-1.,0.)"
26665,DIRECTION,"'',(0.,0.707106781186547,-0.707106781186547)"
26666,DIRECTION,"'',(0.,0.,-1.)"
26667,DIRECTION,"'',(1.,0.,-8.30176738254102E-17)"
26668,DIRECTION,"'',(2.4532694666934E-15,0.707106781186547,0.707106781186547)"
26669,DIRECTION,"'',(0.,0.,1.)"
26670,DIRECTION,"'',(-1.,0.,2.76725579418035E-17)"
26671,DIRECTION,"'',(0.,0.707106781186547,-0.707106781186547)"
26672,DIRECTION,"'',(-1.09034198534936E-15,-0.707106781186547,-0.707106781186549)"
26673,DIRECTION,"'',(1.,-1.5404344466674E-15,0.)"
26674,DIRECTION,"'',(2.4532694666934E-15,0.707106781186547,0.707106781186548)"
26675,DIRECTION,"'',(1.46371521190175E-15,0.707106781186548,-0.707106781186547)"
26676,DIRECTION,"'',(-1.,2.07039246857832E-15,0.)"
26677,DIRECTION,"'',(-0.707106781186547,1.47196168001604E-14,-0.707106781186547)"
26678,DIRECTION,"'',(0.,0.,1.)"
26679,DIRECTION,"'',(-1.,0.,2.76725579418036E-17)"
26680,DIRECTION,"'',(-0.707106781186547,1.2266347333467E-15,0.707106781186548)"
26681,DIRECTION,"'',(0.,0.,-1.)"
26682,DIRECTION,"'',(1.,0.,-8.30176738254105E-17)"
26683,DIRECTION,"'',(0.,0.707106781186547,-0.707106781186547)"
26684,DIRECTION,"'',(0.,0.,-1.)"
26685,DIRECTION,"'',(1.,0.,-8.30176738254102E-17)"
26686,DIRECTION,"'',(-0.707106781186547,0.,0.707106781186548)"
26687,DIRECTION,"'',(-0.707106781186548,1.35924389370851E-15,-0.707106781186547)"
26688,DIRECTION,"'',(-1.9220736113823E-15,-1.,0.)"
26689,DIRECTION,"'',(2.4532694666934E-15,0.707106781186547,-0.707106781186547)"
26690,DIRECTION,"'',(-1.35352798162395E-15,-0.707106781186548,-0.707106781186547)"
26691,DIRECTION,"'',(1.,-1.9151347174784E-15,0.)"
26692,DIRECTION,"'',(0.,0.,-1.)"
26693,DIRECTION,"'',(1.,0.,-8.30176738254105E-17)"
26694,DIRECTION,"'',(1.,0.,0.)"
26695,DIRECTION,"'',(2.73453946952009E-17,0.,1.)"
26696,DIRECTION,"'',(1.,0.,0.)"
26697,DIRECTION,"'',(2.73453946952009E-17,0.,1.)"
26698,DIRECTION,"'',(0.,0.,1.)"
26699,DIRECTION,"'',(1.,0.,0.)"
26700,DIRECTION,"'',(0.,0.,-1.)"
26701,DIRECTION,"'',(1.,0.,0.)"
26702,DIRECTION,"'',(0.,0.,1.)"
26703,DIRECTION,"'',(-1.,0.,0.)"
26704,DIRECTION,"'',(0.,0.,1.)"
26705,DIRECTION,"'',(1.,0.,0.)"
26706,DIRECTION,"'',(0.,0.,-1.)"
26707,DIRECTION,"'',(1.,0.,0.)"
26708,DIRECTION,"'',(0.,0.,1.)"
26709,DIRECTION,"'',(-1.,0.,0.)"
26710,DIRECTION,"'',(0.,0.,-1.)"
26711,DIRECTION,"'',(-1.,0.,0.)"
26712,DIRECTION,"'',(0.,0.,1.)"
26713,DIRECTION,"'',(-1.,0.,0.)"
26714,DIRECTION,"'',(0.,0.,-1.)"
26715,DIRECTION,"'',(1.,0.,-1.90481686860807E-16)"
26716,DIRECTION,"'',(0.,0.,-1.)"
26717,DIRECTION,"'',(1.,0.,9.71445146547012E-17)"
26718,DIRECTION,"'',(0.,0.,1.)"
26719,DIRECTION,"'',(-1.,0.,-3.46944695195361E-17)"
26720,DIRECTION,"'',(0.,0.,1.)"
26721,DIRECTION,"'',(1.,0.,0.)"
26722,DIRECTION,"'',(0.,0.,-1.)"
26723,DIRECTION,"'',(1.,0.,0.)"
26724,DIRECTION,"'',(0.,0.,1.)"
26725,DIRECTION,"'',(-1.,0.,0.)"
26726,DIRECTION,"'',(0.,0.,1.)"
26727,DIRECTION,"'',(1.,0.,0.)"
26728,DIRECTION,"'',(0.,0.,-1.)"
26729,DIRECTION,"'',(1.,0.,0.)"
26730,DIRECTION,"'',(0.,0.,1.)"
26731,DIRECTION,"'',(-1.,0.,0.)"
26732,DIRECTION,"'',(0.,0.,-1.)"
26733,DIRECTION,"'',(-1.,0.,0.)"
26734,DIRECTION,"'',(0.,0.,1.)"
26735,DIRECTION,"'',(-1.,0.,0.)"
26736,DIRECTION,"'',(0.,0.,-1.)"
26737,DIRECTION,"'',(1.,0.,-1.90481686860807E-16)"
26738,DIRECTION,"'',(0.,0.,-1.)"
26739,DIRECTION,"'',(1.,0.,9.71445146547012E-17)"
26740,DIRECTION,"'',(0.,0.,1.)"
26741,DIRECTION,"'',(-1.,0.,-3.46944695195361E-17)"
26742,DIRECTION,"'',(0.,0.,1.)"
26743,DIRECTION,"'',(1.,0.,0.)"
26744,DIRECTION,"'',(0.,0.,-1.)"
26745,DIRECTION,"'',(1.,0.,0.)"
26746,DIRECTION,"'',(0.,0.,1.)"
26747,DIRECTION,"'',(-1.,0.,0.)"
26748,DIRECTION,"'',(0.,0.,1.)"
26749,DIRECTION,"'',(1.,0.,0.)"
26750,DIRECTION,"'',(0.,0.,-1.)"
26751,DIRECTION,"'',(1.,0.,0.)"
26752,DIRECTION,"'',(0.,0.,1.)"
26753,DIRECTION,"'',(-1.,0.,0.)"
26754,DIRECTION,"'',(0.,0.,-1.)"
26755,DIRECTION,"'',(-1.,0.,0.)"
26756,DIRECTION,"'',(0.,0.,1.)"
26757,DIRECTION,"'',(-1.,0.,0.)"
26758,DIRECTION,"'',(0.,0.,-1.)"
26759,DIRECTION,"'',(1.,0.,-1.90481686860807E-16)"
26760,DIRECTION,"'',(0.,0.,-1.)"
26761,DIRECTION,"'',(1.,0.,9.71445146547012E-17)"
26762,DIRECTION,"'',(0.,0.,1.)"
26763,DIRECTION,"'',(-1.,0.,-3.46944695195361E-17)"
26764,DIRECTION,"'',(0.,0.,1.)"
26765,DIRECTION,"'',(1.,0.,0.)"
26766,DIRECTION,"'',(0.,0.,-1.)"
26767,DIRECTION,"'',(1.,0.,0.)"
26768,DIRECTION,"'',(0.,0.,1.)"
26769,DIRECTION,"'',(-1.,0.,0.)"
26770,DIRECTION,"'',(0.,0.,1.)"
26771,DIRECTION,"'',(1.,0.,0.)"
26772,DIRECTION,"'',(0.,0.,-1.)"
26773,DIRECTION,"'',(1.,0.,0.)"
26774,DIRECTION,"'',(0.,0.,1.)"
26775,DIRECTION,"'',(-1.,0.,0.)"
26776,DIRECTION,"'',(0.,0.,-1.)"
26777,DIRECTION,"'',(-1.,0.,0.)"
26778,DIRECTION,"'',(0.,0.,1.)"
26779,DIRECTION,"'',(-1.,0.,0.)"
26780,DIRECTION,"'',(0.,0.,-1.)"
26781,DIRECTION,"'',(1.,0.,-1.90481686860807E-16)"
26782,DIRECTION,"'',(0.,0.,-1.)"
26783,DIRECTION,"'',(1.,0.,9.71445146547012E-17)"
26784,DIRECTION,"'',(0.,0.,1.)"
26785,DIRECTION,"'',(-1.,0.,-3.46944695195361E-17)"
26786,DIRECTION,"'',(0.,0.,1.)"
26787,DIRECTION,"'',(1.,0.,0.)"
26788,DIRECTION,"'',(0.,0.,1.)"
26789,DIRECTION,"'',(-1.,0.,4.85722573273506E-17)"
26790,DIRECTION,"'',(0.,0.,1.)"
26791,DIRECTION,"'',(-1.,0.,0.)"
26792,DIRECTION,"'',(0.,0.,1.)"
26793,DIRECTION,"'',(-1.,0.,-1.66522181905477E-17)"
26794,DIRECTION,"'',(0.,0.,-1.)"
26795,DIRECTION,"'',(1.,0.,0.)"
26796,DIRECTION,"'',(0.,0.,1.)"
26797,DIRECTION,"'',(1.,0.,0.)"
26798,DIRECTION,"'',(0.,0.,1.)"
26799,DIRECTION,"'',(-1.,0.,4.85722573273506E-17)"
26800,DIRECTION,"'',(0.,0.,1.)"
26801,DIRECTION,"'',(-1.,0.,0.)"
26802,DIRECTION,"'',(0.,0.,1.)"
26803,DIRECTION,"'',(-1.,0.,-1.66522181905477E-17)"
26804,DIRECTION,"'',(0.,0.,-1.)"
26805,DIRECTION,"'',(1.,0.,0.)"
26806,DIRECTION,"'',(0.,0.,1.)"
26807,DIRECTION,"'',(1.,0.,0.)"
26808,DIRECTION,"'',(0.,0.,1.)"
26809,DIRECTION,"'',(-1.,0.,4.85722573273506E-17)"
26810,DIRECTION,"'',(0.,0.,1.)"
26811,DIRECTION,"'',(-1.,0.,0.)"
26812,DIRECTION,"'',(0.,0.,1.)"
26813,DIRECTION,"'',(-1.,0.,-1.66522181905477E-17)"
26814,DIRECTION,"'',(0.,0.,-1.)"
26815,DIRECTION,"'',(1.,0.,0.)"
26816,DIRECTION,"'',(0.,0.,1.)"
26817,DIRECTION,"'',(1.,0.,0.)"
26818,DIRECTION,"'',(0.,0.,1.)"
26819,DIRECTION,"'',(-1.,0.,4.85722573273506E-17)"
26820,DIRECTION,"'',(0.,0.,1.)"
26821,DIRECTION,"'',(-1.,0.,0.)"
26822,DIRECTION,"'',(0.,0.,1.)"
26823,DIRECTION,"'',(-1.,0.,-1.66522181905477E-17)"
26824,DIRECTION,"'',(0.,0.,-1.)"
26825,DIRECTION,"'',(1.,0.,0.)"
26826,DIRECTION,"'',(0.,0.,1.)"
26827,DIRECTION,"'',(1.,0.,0.)"
26828,DIRECTION,"'',(0.,0.,1.)"
26829,DIRECTION,"'',(-1.,0.,4.85722573273506E-17)"
26830,DIRECTION,"'',(0.,0.,1.)"
26831,DIRECTION,"'',(-1.,0.,0.)"
26832,DIRECTION,"'',(0.,0.,1.)"
26833,DIRECTION,"'',(-1.,0.,-1.66522181905477E-17)"
26834,DIRECTION,"'',(0.,0.,-1.)"
26835,DIRECTION,"'',(1.,0.,0.)"
26836,DIRECTION,"'',(0.,0.,1.)"
26837,DIRECTION,"'',(1.,0.,0.)"
26838,DIRECTION,"'',(0.,0.,1.)"
26839,DIRECTION,"'',(-1.,0.,4.85722573273506E-17)"
26840,DIRECTION,"'',(0.,0.,1.)"
26841,DIRECTION,"'',(-1.,0.,0.)"
26842,DIRECTION,"'',(0.,0.,1.)"
26843,DIRECTION,"'',(-1.,0.,-1.66522181905477E-17)"
26844,DIRECTION,"'',(0.,0.,-1.)"
26845,DIRECTION,"'',(1.,0.,0.)"
26846,DIRECTION,"'',(0.,0.,1.)"
26847,DIRECTION,"'',(1.,0.,0.)"
26848,DIRECTION,"'',(0.,0.,1.)"
26849,DIRECTION,"'',(-1.,0.,4.85722573273506E-17)"
26850,DIRECTION,"'',(0.,0.,1.)"
26851,DIRECTION,"'',(-1.,0.,0.)"
26852,DIRECTION,"'',(0.,0.,1.)"
26853,DIRECTION,"'',(-1.,0.,-1.66522181905477E-17)"
26854,DIRECTION,"'',(0.,0.,-1.)"
26855,DIRECTION,"'',(1.,0.,0.)"
26856,DIRECTION,"'',(0.,0.,1.)"
26857,DIRECTION,"'',(1.,0.,0.)"
26858,DIRECTION,"'',(0.,0.,1.)"
26859,DIRECTION,"'',(-1.,0.,4.85722573273506E-17)"
26860,DIRECTION,"'',(0.,0.,1.)"
26861,DIRECTION,"'',(-1.,0.,0.)"
26862,DIRECTION,"'',(0.,0.,1.)"
26863,DIRECTION,"'',(-1.,0.,-1.66522181905477E-17)"
26864,DIRECTION,"'',(0.,0.,-1.)"
26865,DIRECTION,"'',(1.,0.,0.)"
26866,DIRECTION,"'',(0.,0.,1.)"
26867,DIRECTION,"'',(-2.34291072916505E-15,1.,0.)"
26868,DIRECTION,"'',(0.,0.,-1.)"
26869,DIRECTION,"'',(2.34291072916505E-15,-1.,0.)"
26870,DIRECTION,"'',(1.,2.34291072916505E-15,0.)"
26871,DIRECTION,"'',(0.,0.,-1.)"
26872,DIRECTION,"'',(0.,0.,1.)"
26873,DIRECTION,"'',(-1.,-2.34291072916505E-15,0.)"
26874,DIRECTION,"'',(0.,0.,-1.)"
26875,DIRECTION,"'',(1.,2.34291072916505E-15,0.)"
26876,DIRECTION,"'',(-2.34291072916505E-15,1.,0.)"
26877,DIRECTION,"'',(0.,0.,1.)"
26878,DIRECTION,"'',(0.,0.,1.)"
26879,DIRECTION,"'',(2.34291072916505E-15,-1.,0.)"
26880,DIRECTION,"'',(0.,0.,-1.)"
26881,DIRECTION,"'',(-2.34291072916505E-15,1.,0.)"
26882,DIRECTION,"'',(-1.,-2.34291072916505E-15,0.)"
26883,DIRECTION,"'',(0.,0.,1.)"
26884,DIRECTION,"'',(0.,0.,1.)"
26885,DIRECTION,"'',(1.,2.34291072916505E-15,0.)"
26886,DIRECTION,"'',(0.,0.,-1.)"
26887,DIRECTION,"'',(-1.,-2.34291072916505E-15,0.)"
26888,DIRECTION,"'',(2.34291072916505E-15,-1.,0.)"
26889,DIRECTION,"'',(0.,0.,-1.)"
26890,DIRECTION,"'',(0.,0.,-1.)"
26891,DIRECTION,"'',(0.999999999999999,0.,0.)"
26892,DIRECTION,"'',(-2.34291072916505E-15,1.,0.)"
26893,DIRECTION,"'',(0.,0.,-1.)"
26894,DIRECTION,"'',(0.999999999999999,0.,0.)"
26895,DIRECTION,"'',(1.,2.34291072916505E-15,0.)"
26896,DIRECTION,"'',(0.,0.,-1.)"
26897,DIRECTION,"'',(1.,0.,0.)"
26898,DIRECTION,"'',(2.34291072916505E-15,-1.,0.)"
26899,DIRECTION,"'',(0.,0.,-1.)"
26900,DIRECTION,"'',(0.999999999999999,0.,0.)"
26901,DIRECTION,"'',(-1.,-2.34291072916505E-15,0.)"
26902,DIRECTION,"'',(0.,0.,1.)"
26903,DIRECTION,"'',(1.,0.,0.)"
26904,DIRECTION,"'',(0.,0.,1.)"
26905,DIRECTION,"'',(1.,0.,0.)"
26906,DIRECTION,"'',(0.,0.,1.)"
26907,DIRECTION,"'',(1.,0.,0.)"
26908,DIRECTION,"'',(0.,0.,1.)"
26909,DIRECTION,"'',(1.,0.,0.)"
26910,DIRECTION,"'',(0.,0.,1.)"
26911,DIRECTION,"'',(1.,0.,0.)"
26912,DIRECTION,"'',(0.,0.,1.)"
26913,DIRECTION,"'',(1.,0.,0.)"
26914,DIRECTION,"'',(0.,0.,1.)"
26915,DIRECTION,"'',(1.,0.,0.)"
26916,DIRECTION,"'',(0.,0.,1.)"
26917,DIRECTION,"'',(1.,0.,0.)"
26918,DIRECTION,"'',(0.,0.,1.)"
26919,DIRECTION,"'',(1.,2.34291072916505E-15,0.)"
26920,DIRECTION,"'',(0.,0.,1.)"
26921,DIRECTION,"'',(-2.34291072916505E-15,1.,0.)"
26922,DIRECTION,"'',(0.,0.,-1.)"
26923,DIRECTION,"'',(2.34291072916505E-15,-1.,0.)"
26924,DIRECTION,"'',(1.,2.34291072916505E-15,0.)"
26925,DIRECTION,"'',(0.,0.,-1.)"
26926,DIRECTION,"'',(0.,0.,1.)"
26927,DIRECTION,"'',(-1.,-2.34291072916505E-15,0.)"
26928,DIRECTION,"'',(0.,0.,-1.)"
26929,DIRECTION,"'',(1.,2.34291072916505E-15,0.)"
26930,DIRECTION,"'',(-2.34291072916505E-15,1.,0.)"
26931,DIRECTION,"'',(0.,0.,1.)"
26932,DIRECTION,"'',(0.,0.,1.)"
26933,DIRECTION,"'',(2.34291072916505E-15,-1.,0.)"
26934,DIRECTION,"'',(0.,0.,-1.)"
26935,DIRECTION,"'',(-2.34291072916505E-15,1.,0.)"
26936,DIRECTION,"'',(-1.,-2.34291072916505E-15,0.)"
26937,DIRECTION,"'',(0.,0.,1.)"
26938,DIRECTION,"'',(0.,0.,1.)"
26939,DIRECTION,"'',(1.,2.34291072916505E-15,0.)"
26940,DIRECTION,"'',(0.,0.,-1.)"
26941,DIRECTION,"'',(-1.,-2.34291072916505E-15,0.)"
26942,DIRECTION,"'',(2.34291072916505E-15,-1.,0.)"
26943,DIRECTION,"'',(0.,0.,-1.)"
26944,DIRECTION,"'',(0.,0.,1.)"
26945,DIRECTION,"'',(0.999999999999999,0.,0.)"
26946,DIRECTION,"'',(0.,0.,1.)"
26947,DIRECTION,"'',(0.999999999999999,0.,0.)"
26948,DIRECTION,"'',(0.,0.,1.)"
26949,DIRECTION,"'',(0.999999999999999,0.,0.)"
26950,DIRECTION,"'',(0.,0.,1.)"
26951,DIRECTION,"'',(0.999999999999999,0.,0.)"
26952,DIRECTION,"'',(0.,0.,1.)"
26953,DIRECTION,"'',(1.,2.34291072916505E-15,0.)"
26954,DIRECTION,"'',(0.,1.,0.)"
26955,DIRECTION,"'',(0.,0.,-1.)"
26956,DIRECTION,"'',(0.999999999999999,0.,0.)"
26957,DIRECTION,"'',(1.,0.,0.)"
26958,DIRECTION,"'',(0.,0.,-1.)"
26959,DIRECTION,"'',(0.999999999999999,0.,0.)"
26960,DIRECTION,"'',(0.,-1.,0.)"
26961,DIRECTION,"'',(0.,0.,-1.)"
26962,DIRECTION,"'',(0.999999999999999,0.,0.)"
26963,DIRECTION,"'',(-1.,0.,0.)"
26964,DIRECTION,"'',(0.,0.,-1.)"
26965,DIRECTION,"'',(0.999999999999999,0.,0.)"
26966,DIRECTION,"'',(0.,0.,1.)"
26967,DIRECTION,"'',(0.999999999999997,0.,0.)"
26968,DIRECTION,"'',(0.,0.,1.)"
26969,DIRECTION,"'',(0.999999999999997,0.,0.)"
26970,DIRECTION,"'',(0.,0.,1.)"
26971,DIRECTION,"'',(1.,0.,0.)"
26972,DIRECTION,"'',(0.,0.,1.)"
26973,DIRECTION,"'',(1.,0.,0.)"
26974,DIRECTION,"'',(0.,-1.,0.)"
26975,DIRECTION,"'',(0.,0.,1.)"
26976,DIRECTION,"'',(1.,0.,0.)"
26977,DIRECTION,"'',(1.,0.,0.)"
26978,DIRECTION,"'',(0.,0.,1.)"
26979,DIRECTION,"'',(1.,0.,0.)"
26980,DIRECTION,"'',(0.,1.,0.)"
26981,DIRECTION,"'',(0.,0.,1.)"
26982,DIRECTION,"'',(1.,0.,0.)"
26983,DIRECTION,"'',(-1.,0.,0.)"
26984,DIRECTION,"'',(0.,0.,1.)"
26985,DIRECTION,"'',(1.,0.,0.)"
26986,DIRECTION,"'',(0.,0.,1.)"
26987,DIRECTION,"'',(-1.,0.,0.)"
26988,DIRECTION,"'',(0.,0.,1.)"
26989,DIRECTION,"'',(0.,-1.,0.)"
26990,DIRECTION,"'',(0.,0.,-1.)"
26991,DIRECTION,"'',(-1.,0.,0.)"
26992,DIRECTION,"'',(0.,0.,-1.)"
26993,DIRECTION,"'',(0.,0.,1.)"
26994,DIRECTION,"'',(1.,0.,0.)"
26995,DIRECTION,"'',(0.,0.,-1.)"
26996,DIRECTION,"'',(0.,-1.,0.)"
26997,DIRECTION,"'',(0.,0.,1.)"
26998,DIRECTION,"'',(0.,0.,1.)"
26999,DIRECTION,"'',(0.,1.,0.)"
27000,DIRECTION,"'',(0.,0.,-1.)"
27001,DIRECTION,"'',(1.,0.,0.)"
27002,DIRECTION,"'',(0.,0.,1.)"
27003,DIRECTION,"'',(0.,0.,1.)"
27004,DIRECTION,"'',(-1.,0.,0.)"
27005,DIRECTION,"'',(0.,0.,-1.)"
27006,DIRECTION,"'',(0.,1.,0.)"
27007,DIRECTION,"'',(0.,0.,-1.)"
27008,DIRECTION,"'',(0.,-1.,0.)"
27009,DIRECTION,"'',(0.,0.,1.)"
27010,DIRECTION,"'',(0.999999999999999,0.,0.)"
27011,DIRECTION,"'',(1.,0.,0.)"
27012,DIRECTION,"'',(0.,0.,1.)"
27013,DIRECTION,"'',(0.999999999999999,0.,0.)"
27014,DIRECTION,"'',(0.,1.,0.)"
27015,DIRECTION,"'',(0.,0.,1.)"
27016,DIRECTION,"'',(0.999999999999999,0.,0.)"
27017,DIRECTION,"'',(-1.,0.,0.)"
27018,DIRECTION,"'',(0.,0.,1.)"
27019,DIRECTION,"'',(0.999999999999999,0.,0.)"
27020,DIRECTION,"'',(0.,0.,1.)"
27021,DIRECTION,"'',(-1.,0.,0.)"
27022,DIRECTION,"'',(0.,0.,1.)"
27023,DIRECTION,"'',(-1.,0.,0.)"
27024,DIRECTION,"'',(0.,0.,-1.)"
27025,DIRECTION,"'',(0.,1.,0.)"
27026,DIRECTION,"'',(0.,0.,-1.)"
27027,DIRECTION,"'',(0.,0.,1.)"
27028,DIRECTION,"'',(0.,1.,0.)"
27029,DIRECTION,"'',(0.,0.,-1.)"
27030,DIRECTION,"'',(1.,0.,0.)"
27031,DIRECTION,"'',(0.,0.,1.)"
27032,DIRECTION,"'',(0.,0.,1.)"
27033,DIRECTION,"'',(1.,0.,0.)"
27034,DIRECTION,"'',(0.,0.,-1.)"
27035,DIRECTION,"'',(0.,-1.,0.)"
27036,DIRECTION,"'',(0.,0.,1.)"
27037,DIRECTION,"'',(0.,0.,1.)"
27038,DIRECTION,"'',(0.,-1.,0.)"
27039,DIRECTION,"'',(0.,0.,-1.)"
27040,DIRECTION,"'',(-1.,0.,0.)"
27041,DIRECTION,"'',(0.,0.,-1.)"
27042,DIRECTION,"'',(0.,0.,1.)"
27043,DIRECTION,"'',(0.999999999999999,0.,0.)"
27044,DIRECTION,"'',(0.,0.,1.)"
27045,DIRECTION,"'',(-0.999999999999999,0.,0.)"
27046,DIRECTION,"'',(0.,0.,1.)"
27047,DIRECTION,"'',(0.999999999999999,0.,0.)"
27048,DIRECTION,"'',(0.,0.,1.)"
27049,DIRECTION,"'',(-0.999999999999999,0.,0.)"
27050,DIRECTION,"'',(0.,0.,1.)"
27051,DIRECTION,"'',(0.999999999999999,0.,0.)"
27052,DIRECTION,"'',(0.,0.,1.)"
27053,DIRECTION,"'',(-0.999999999999999,0.,0.)"
27054,DIRECTION,"'',(0.,0.,1.)"
27055,DIRECTION,"'',(0.999999999999999,0.,0.)"
27056,DIRECTION,"'',(0.,0.,1.)"
27057,DIRECTION,"'',(-0.999999999999999,0.,0.)"
27058,DIRECTION,"'',(0.,0.,1.)"
27059,DIRECTION,"'',(0.999999999999999,0.,0.)"
27060,DIRECTION,"'',(0.,0.,1.)"
27061,DIRECTION,"'',(-0.999999999999999,0.,0.)"
27062,DIRECTION,"'',(0.,0.,1.)"
27063,DIRECTION,"'',(0.999999999999999,0.,0.)"
27064,DIRECTION,"'',(0.,0.,1.)"
27065,DIRECTION,"'',(-0.999999999999999,0.,0.)"
27066,DIRECTION,"'',(0.,0.,1.)"
27067,DIRECTION,"'',(0.999999999999999,0.,0.)"
27068,DIRECTION,"'',(0.,0.,1.)"
27069,DIRECTION,"'',(-0.999999999999999,0.,0.)"
27070,DIRECTION,"'',(0.,0.,1.)"
27071,DIRECTION,"'',(0.999999999999999,0.,0.)"
27072,DIRECTION,"'',(0.,0.,1.)"
27073,DIRECTION,"'',(-0.999999999999999,0.,0.)"
27074,DIRECTION,"'',(0.,0.,1.)"
27075,DIRECTION,"'',(1.,0.,0.)"
27076,DIRECTION,"'',(0.,0.,1.)"
27077,DIRECTION,"'',(-1.,0.,3.46944695195361E-17)"
27078,DIRECTION,"'',(0.,0.,1.)"
27079,DIRECTION,"'',(-1.,0.,0.)"
27080,DIRECTION,"'',(0.,0.,1.)"
27081,DIRECTION,"'',(-1.,0.,1.66522181905477E-17)"
27082,DIRECTION,"'',(0.,0.,-1.)"
27083,DIRECTION,"'',(1.,0.,0.)"
27084,DIRECTION,"'',(0.,0.,1.)"
27085,DIRECTION,"'',(1.,0.,0.)"
27086,DIRECTION,"'',(0.,0.,1.)"
27087,DIRECTION,"'',(-1.,0.,3.46944695195361E-17)"
27088,DIRECTION,"'',(0.,0.,1.)"
27089,DIRECTION,"'',(-1.,0.,0.)"
27090,DIRECTION,"'',(0.,0.,1.)"
27091,DIRECTION,"'',(-1.,0.,1.66522181905477E-17)"
27092,DIRECTION,"'',(0.,0.,-1.)"
27093,DIRECTION,"'',(1.,0.,0.)"
27094,DIRECTION,"'',(0.,0.,1.)"
27095,DIRECTION,"'',(1.,0.,0.)"
27096,DIRECTION,"'',(0.,0.,1.)"
27097,DIRECTION,"'',(-1.,0.,3.46944695195361E-17)"
27098,DIRECTION,"'',(0.,0.,1.)"
27099,DIRECTION,"'',(-1.,0.,0.)"
27100,DIRECTION,"'',(0.,0.,1.)"
27101,DIRECTION,"'',(-1.,0.,1.66522181905477E-17)"
27102,DIRECTION,"'',(0.,0.,-1.)"
27103,DIRECTION,"'',(1.,0.,0.)"
27104,DIRECTION,"'',(0.,0.,1.)"
27105,DIRECTION,"'',(1.,0.,0.)"
27106,DIRECTION,"'',(0.,0.,1.)"
27107,DIRECTION,"'',(-1.,0.,3.46944695195361E-17)"
27108,DIRECTION,"'',(0.,0.,1.)"
27109,DIRECTION,"'',(-1.,0.,0.)"
27110,DIRECTION,"'',(0.,0.,1.)"
27111,DIRECTION,"'',(-1.,0.,1.66522181905477E-17)"
27112,DIRECTION,"'',(0.,0.,-1.)"
27113,DIRECTION,"'',(1.,0.,0.)"
27114,DIRECTION,"'',(0.,0.,1.)"
27115,DIRECTION,"'',(1.,0.,0.)"
27116,DIRECTION,"'',(0.,0.,1.)"
27117,DIRECTION,"'',(-1.,0.,0.)"
27118,DIRECTION,"'',(0.,0.,1.)"
27119,DIRECTION,"'',(1.,0.,0.)"
27120,DIRECTION,"'',(0.,0.,1.)"
27121,DIRECTION,"'',(-1.,0.,0.)"
27122,DIRECTION,"'',(0.,0.,1.)"
27123,DIRECTION,"'',(1.,0.,0.)"
27124,DIRECTION,"'',(0.,0.,1.)"
27125,DIRECTION,"'',(-1.,0.,0.)"
27126,DIRECTION,"'',(0.,0.,1.)"
27127,DIRECTION,"'',(1.,0.,0.)"
27128,DIRECTION,"'',(0.,0.,1.)"
27129,DIRECTION,"'',(-1.,0.,0.)"
27130,DIRECTION,"'',(0.,0.,1.)"
27131,DIRECTION,"'',(1.,0.,0.)"
27132,DIRECTION,"'',(0.,0.,1.)"
27133,DIRECTION,"'',(-1.,0.,0.)"
27134,DIRECTION,"'',(0.,0.,1.)"
27135,DIRECTION,"'',(1.,0.,0.)"
27136,DIRECTION,"'',(0.,0.,1.)"
27137,DIRECTION,"'',(-1.,0.,0.)"
27138,DIRECTION,"'',(0.,0.,1.)"
27139,DIRECTION,"'',(1.,0.,0.)"
27140,DIRECTION,"'',(0.,0.,1.)"
27141,DIRECTION,"'',(-1.,0.,0.)"
27142,DIRECTION,"'',(0.,0.,1.)"
27143,DIRECTION,"'',(1.,0.,0.)"
27144,DIRECTION,"'',(0.,0.,1.)"
27145,DIRECTION,"'',(-1.,0.,0.)"
27146,DIRECTION,"'',(0.,0.,1.)"
27147,DIRECTION,"'',(1.,0.,0.)"
27148,DIRECTION,"'',(0.,0.,1.)"
27149,DIRECTION,"'',(-1.,0.,3.46944695195361E-17)"
27150,DIRECTION,"'',(0.,0.,1.)"
27151,DIRECTION,"'',(-1.,0.,0.)"
27152,DIRECTION,"'',(0.,0.,1.)"
27153,DIRECTION,"'',(-1.,0.,-2.49783272858215E-17)"
27154,DIRECTION,"'',(0.,0.,-1.)"
27155,DIRECTION,"'',(1.,0.,0.)"
27156,DIRECTION,"'',(0.,0.,1.)"
27157,DIRECTION,"'',(1.,0.,0.)"
27158,DIRECTION,"'',(0.,0.,1.)"
27159,DIRECTION,"'',(-1.,0.,3.46944695195361E-17)"
27160,DIRECTION,"'',(0.,0.,1.)"
27161,DIRECTION,"'',(-1.,0.,0.)"
27162,DIRECTION,"'',(0.,0.,1.)"
27163,DIRECTION,"'',(-1.,0.,-2.49783272858215E-17)"
27164,DIRECTION,"'',(0.,0.,-1.)"
27165,DIRECTION,"'',(1.,0.,0.)"
27166,DIRECTION,"'',(0.,0.,1.)"
27167,DIRECTION,"'',(1.,0.,0.)"
27168,DIRECTION,"'',(0.,0.,1.)"
27169,DIRECTION,"'',(-1.,0.,3.46944695195361E-17)"
27170,DIRECTION,"'',(0.,0.,1.)"
27171,DIRECTION,"'',(-1.,0.,0.)"
27172,DIRECTION,"'',(0.,0.,1.)"
27173,DIRECTION,"'',(-1.,0.,-2.49783272858215E-17)"
27174,DIRECTION,"'',(0.,0.,-1.)"
27175,DIRECTION,"'',(1.,0.,0.)"
27176,DIRECTION,"'',(0.,0.,1.)"
27177,DIRECTION,"'',(1.,0.,0.)"
27178,DIRECTION,"'',(0.,0.,1.)"
27179,DIRECTION,"'',(-1.,0.,3.46944695195361E-17)"
27180,DIRECTION,"'',(0.,0.,1.)"
27181,DIRECTION,"'',(-1.,0.,0.)"
27182,DIRECTION,"'',(0.,0.,1.)"
27183,DIRECTION,"'',(-1.,0.,-2.49783272858215E-17)"
27184,DIRECTION,"'',(0.,0.,-1.)"
27185,DIRECTION,"'',(1.,0.,0.)"
27186,DIRECTION,"'',(0.707106781186547,0.,0.707106781186547)"
27187,DIRECTION,"'',(0.,0.707106781186547,-0.707106781186548)"
27188,DIRECTION,"'',(0.,0.,1.)"
27189,DIRECTION,"'',(-1.,0.,3.43509599203328E-17)"
27190,DIRECTION,"'',(0.,0.707106781186547,-0.707106781186548)"
27191,DIRECTION,"'',(0.,0.707106781186548,0.707106781186547)"
27192,DIRECTION,"'',(-1.,0.,0.)"
27193,DIRECTION,"'',(0.707106781186547,0.,0.707106781186547)"
27194,DIRECTION,"'',(-0.707106781186547,0.,0.707106781186547)"
27195,DIRECTION,"'',(0.,-1.,0.)"
27196,DIRECTION,"'',(0.707106781186547,0.,-0.707106781186547)"
27197,DIRECTION,"'',(0.,0.,1.)"
27198,DIRECTION,"'',(-1.,0.,3.43509599203326E-17)"
27199,DIRECTION,"'',(0.,0.707106781186547,0.707106781186547)"
27200,DIRECTION,"'',(0.,0.,1.)"
27201,DIRECTION,"'',(-1.,0.,3.43509599203326E-17)"
27202,DIRECTION,"'',(0.707106781186547,0.,-0.707106781186547)"
27203,DIRECTION,"'',(0.707106781186547,0.,0.707106781186547)"
27204,DIRECTION,"'',(0.,1.,0.)"
27205,DIRECTION,"'',(0.,0.707106781186547,0.707106781186547)"
27206,DIRECTION,"'',(0.,-0.707106781186547,0.707106781186547)"
27207,DIRECTION,"'',(1.,0.,0.)"
27208,DIRECTION,"'',(0.,0.,1.)"
27209,DIRECTION,"'',(-1.,0.,3.43509599203328E-17)"
27210,DIRECTION,"'',(0.707106777141477,-0.000106963454677933,0.707106777141482)"
27211,DIRECTION,"'',(-0.707106777141474,0.707106785231621,-8.08892028985632E-9)"
27212,DIRECTION,"'',(-2.21129557219632E-15,-0.707053301481595,-0.707160256847044)"
27213,DIRECTION,"'',(-0.577379385357706,-0.577379372147887,0.577292045659794)"
27214,DIRECTION,"'',(-0.707106773097626,0.707106789275469,1.59594559789866E-16)"
27215,DIRECTION,"'',(-0.577321157424602,0.577408488316402,-0.577321157424604)"
27216,DIRECTION,"'',(-0.707106781186552,-0.70710677309763,-0.000106955365123795)"
27217,DIRECTION,"'',(0.,0.000151257727926638,-0.99999998856055)"
27218,DIRECTION,"'',(2.21129557219637E-15,-0.707053301481595,-0.707160256847044)"
27219,DIRECTION,"'',(0.,0.707160256847044,-0.707053301481595)"
27220,DIRECTION,"'',(1.,0.,0.)"
27221,DIRECTION,"'',(0.577350269189625,-0.577350269189625,0.577350269189628)"
27222,DIRECTION,"'',(-0.70710678118655,0.,0.707106781186545)"
27223,DIRECTION,"'',(0.,1.,0.)"
27224,DIRECTION,"'',(-0.577350260365209,-0.577350286838457,-0.577350260365211)"
27225,DIRECTION,"'',(-0.707106781186549,0.,0.707106781186546)"
27226,DIRECTION,"'',(0.,1.,0.)"
27227,DIRECTION,"'',(-0.707106777141479,-0.000106963454658195,0.707106777141479)"
27228,DIRECTION,"'',(-0.707106777141482,-0.707106785231613,8.0889110556625E-9)"
27229,DIRECTION,"'',(0.577379385357693,-0.577379372147893,0.5772920456598)"
27230,DIRECTION,"'',(-0.707106773097638,-0.707106789275457,3.12250225675825E-17)"
27231,DIRECTION,"'',(0.678598344545848,-0.678598344545848,-0.281084637714814)"
27232,DIRECTION,"'',(0.707106781186547,0.707106781186547,0.)"
27233,DIRECTION,"'',(0.,0.,-1.)"
27234,DIRECTION,"'',(-0.707106781186545,-0.707106781186549,-8.47175921592052E-15)"
27235,DIRECTION,"'',(-0.707106781186549,0.707106781186545,-3.24229708395459E-8)"
27236,DIRECTION,"'',(0.,4.58530050873041E-8,0.999999999999999)"
27237,DIRECTION,"'',(-0.577321157424607,-0.577408488316394,0.577321157424609)"
27238,DIRECTION,"'',(-0.707106781186545,0.707106773097637,0.000106955365123796)"
27239,DIRECTION,"'',(0.,-0.000151257727926638,0.99999998856055)"
27240,DIRECTION,"'',(0.577350269189626,0.577350269189626,-0.577350269189626)"
27241,DIRECTION,"'',(-0.707106781186547,0.,-0.707106781186547)"
27242,DIRECTION,"'',(0.,-1.,0.)"
27243,DIRECTION,"'',(0.281084637714815,-0.678598344545848,-0.678598344545848)"
27244,DIRECTION,"'',(-0.500000000000002,-0.707106781186545,0.500000000000002)"
27245,DIRECTION,"'',(-0.707106781186547,0.,-0.707106781186547)"
27246,DIRECTION,"'',(-2.37594774562479E-15,-0.707106764975063,0.707106797398032)"
27247,DIRECTION,"'',(-0.707106781186545,-3.24229784613412E-8,-0.70710678118655)"
27248,DIRECTION,"'',(-0.577350278014047,0.577350278014037,0.577350251540792)"
27249,DIRECTION,"'',(0.707106781186541,0.707106781186554,-2.56739074444567E-16)"
27250,DIRECTION,"'',(-0.577350260365202,0.57735028683847,0.577350260365204)"
27251,DIRECTION,"'',(-0.707106781186549,0.,-0.707106781186546)"
27252,DIRECTION,"'',(0.,-1.,0.)"
27253,DIRECTION,"'',(0.707106781186547,0.707106781186547,-1.24961746500064E-15)"
27254,DIRECTION,"'',(0.707106781186547,-0.707106781186547,0.)"
27255,DIRECTION,"'',(0.,0.,-1.)"
27256,DIRECTION,"'',(2.77555756156289E-17,-0.707106781186548,-0.707106781186547)"
27257,DIRECTION,"'',(0.,0.707106781186547,-0.707106781186548)"
27258,DIRECTION,"'',(-1.,0.,0.)"
27259,DIRECTION,"'',(-0.577350269189625,-0.577350269189625,-0.577350269189628)"
27260,DIRECTION,"'',(-0.70710678118655,0.,0.707106781186545)"
27261,DIRECTION,"'',(0.,1.,0.)"
27262,DIRECTION,"'',(2.37594774562478E-15,-0.707106764975063,0.707106797398032)"
27263,DIRECTION,"'',(0.,-0.707106797398032,-0.707106764975063)"
27264,DIRECTION,"'',(1.,0.,0.)"
27265,DIRECTION,"'',(-0.707106781186533,0.707106781186562,-1.10350928904064E-14)"
27266,DIRECTION,"'',(-0.707106781186561,-0.707106781186533,3.24229708395454E-8)"
27267,DIRECTION,"'',(0.,-4.58530050873041E-8,-0.999999999999999)"
27268,DIRECTION,"'',(0.707106781186547,6.83925587035494E-17,-0.707106781186548)"
27269,DIRECTION,"'',(0.577350269189626,-0.577350269189625,0.577350269189626)"
27270,DIRECTION,"'',(-0.707106781186547,3.19189119579733E-16,0.707106781186548)"
27271,DIRECTION,"'',(-0.678598344545852,-0.678598344545852,0.281084637714796)"
27272,DIRECTION,"'',(0.707106781186547,-0.707106781186547,0.)"
27273,DIRECTION,"'',(0.,0.,1.)"
27274,DIRECTION,"'',(-0.707106781186547,3.24229882406953E-8,0.707106781186547)"
27275,DIRECTION,"'',(0.57735027801405,0.577350278014036,0.577350251540791)"
27276,DIRECTION,"'',(0.707106781186539,-0.707106781186556,-6.24500451351651E-17)"
27277,DIRECTION,"'',(0.707106781186547,0.,-0.707106781186548)"
27278,DIRECTION,"'',(0.707106781186548,0.,0.707106781186547)"
27279,DIRECTION,"'',(0.,-1.,0.)"
27280,DIRECTION,"'',(-0.281084637714807,-0.678598344545855,0.678598344545845)"
27281,DIRECTION,"'',(-0.500000000000007,0.707106781186538,0.500000000000007)"
27282,DIRECTION,"'',(0.707106781186547,0.,0.707106781186547)"
27283,DIRECTION,"'',(-0.577350269189623,0.577350269189631,0.577350269189623)"
27284,DIRECTION,"'',(-0.707106781186547,0.,-0.707106781186547)"
27285,DIRECTION,"'',(0.,-1.,0.)"
27286,DIRECTION,"'',(0.,-0.707106781186547,-0.707106781186548)"
27287,DIRECTION,"'',(0.,0.,1.)"
27288,DIRECTION,"'',(-1.,0.,-8.56230738389345E-19)"
27289,DIRECTION,"'',(6.83925587035488E-17,-0.707106781186553,0.707106781186542)"
27290,DIRECTION,"'',(0.,-0.707106781186542,-0.707106781186553)"
27291,DIRECTION,"'',(1.,0.,0.)"
27292,DIRECTION,"'',(-0.707106781186543,0.707106781186552,1.13000755755659E-15)"
27293,DIRECTION,"'',(0.707106781186552,0.707106781186542,0.)"
27294,DIRECTION,"'',(0.,0.,-1.)"
27295,DIRECTION,"'',(0.,-0.707106781186547,-0.707106781186548)"
27296,DIRECTION,"'',(0.,-0.707106781186548,0.707106781186547)"
27297,DIRECTION,"'',(-1.,0.,0.)"
27298,DIRECTION,"'',(-0.707106781186547,0.,0.707106781186548)"
27299,DIRECTION,"'',(0.577350269189629,0.57735026918962,0.577350269189628)"
27300,DIRECTION,"'',(-0.707106781186547,9.71445146547012E-17,0.707106781186548)"
27301,DIRECTION,"'',(-0.707106781186547,0.,-0.707106781186548)"
27302,DIRECTION,"'',(0.,0.,1.)"
27303,DIRECTION,"'',(-1.,0.,-8.56230738389345E-19)"
27304,DIRECTION,"'',(-0.666925116095675,-0.332297726506727,0.666925116095676)"
27305,DIRECTION,"'',(0.707106781186548,0.,0.707106781186547)"
27306,DIRECTION,"'',(0.,-1.,0.)"
27307,DIRECTION,"'',(0.457512658013055,0.88920310827045,9.77803475472603E-17)"
27308,DIRECTION,"'',(0.88920310827045,-0.457512658013055,0.)"
27309,DIRECTION,"'',(0.,0.,1.)"
27310,DIRECTION,"'',(-0.707106781186547,-1.97103675354317E-14,-0.707106781186548)"
27311,DIRECTION,"'',(-0.707106781186548,0.,0.707106781186547)"
27312,DIRECTION,"'',(0.,1.,0.)"
27313,DIRECTION,"'',(0.741712170346604,-0.381625641408235,0.551565885619736)"
27314,DIRECTION,"'',(-0.596728071304857,1.94289029309402E-16,0.802443523817586)"
27315,DIRECTION,"'',(-0.707106781186547,0.707106781186547,-1.24961746500061E-15)"
27316,DIRECTION,"'',(9.87550225925981E-15,0.707106781186553,0.707106781186542)"
27317,DIRECTION,"'',(-0.577350269189621,-0.57735026918962,0.577350269189636)"
27318,DIRECTION,"'',(-0.707106781186557,2.22044604925031E-16,-0.707106781186538)"
27319,DIRECTION,"'',(-0.281084637714809,-0.678598344545854,-0.678598344545844)"
27320,DIRECTION,"'',(0.,0.707106781186542,-0.707106781186553)"
27321,DIRECTION,"'',(-1.,0.,0.)"
27322,DIRECTION,"'',(0.,0.,1.)"
27323,DIRECTION,"'',(-1.,0.,-8.57924567743228E-19)"
27324,DIRECTION,"'',(-0.889203108270448,-0.457512658013058,0.)"
27325,DIRECTION,"'',(0.457512658013058,-0.889203108270448,0.)"
27326,DIRECTION,"'',(0.,0.,1.)"
27327,DIRECTION,"'',(-0.577350269189623,0.577350269189623,-0.577350269189633)"
27328,DIRECTION,"'',(-0.707106781186547,-0.707106781186547,0.)"
27329,DIRECTION,"'',(0.,0.,-1.)"
27330,DIRECTION,"'',(-0.678598344545852,-0.678598344545852,-0.281084637714798)"
27331,DIRECTION,"'',(0.500000000000006,-0.707106781186539,0.500000000000006)"
27332,DIRECTION,"'',(-0.707106781186547,0.,0.707106781186547)"
27333,DIRECTION,"'',(-0.332297726506735,-0.666925116095673,0.666925116095674)"
27334,DIRECTION,"'',(-0.381625641408239,0.741712170346606,0.55156588561973)"
27335,DIRECTION,"'',(2.77555756156289E-17,0.596728071304852,-0.80244352381759)"
27336,DIRECTION,"'',(-0.577350278014033,-0.577350251540801,-0.577350278014043)"
27337,DIRECTION,"'',(0.707106781186554,0.,-0.707106781186541)"
27338,DIRECTION,"'',(0.,1.,0.)"
27339,DIRECTION,"'',(-0.577350269189625,-0.577350269189625,0.577350269189628)"
27340,DIRECTION,"'',(-0.707106781186547,0.707106781186547,0.)"
27341,DIRECTION,"'',(0.,0.,1.)"
27342,DIRECTION,"'',(0.,-0.707106781186547,0.707106781186548)"
27343,DIRECTION,"'',(0.,0.707106781186548,0.707106781186547)"
27344,DIRECTION,"'',(1.,0.,0.)"
27345,DIRECTION,"'',(-2.59599958693965E-15,-0.707106764975064,-0.707106797398031)"
27346,DIRECTION,"'',(0.,0.707106797398031,-0.707106764975064)"
27347,DIRECTION,"'',(-1.,0.,0.)"
27348,DIRECTION,"'',(-0.707106781186545,-3.24229784890968E-8,0.70710678118655)"
27349,DIRECTION,"'',(0.70710678118655,0.,0.707106781186545)"
27350,DIRECTION,"'',(0.,-1.,0.)"
27351,DIRECTION,"'',(0.707106781186547,0.,0.707106781186548)"
27352,DIRECTION,"'',(0.,0.,1.)"
27353,DIRECTION,"'',(-1.,0.,-8.56230738389345E-19)"
27354,DIRECTION,"'',(-0.577321157424607,-0.577408488316394,-0.577321157424609)"
27355,DIRECTION,"'',(0.707106781186549,0.,-0.707106781186546)"
27356,DIRECTION,"'',(0.,1.,0.)"
27357,DIRECTION,"'',(-0.707106781186545,-0.707106781186549,1.07595298958001E-14)"
27358,DIRECTION,"'',(0.577350278014048,-0.577350278014036,0.577350251540793)"
27359,DIRECTION,"'',(-0.70710678118654,-0.707106781186555,-1.28369537222284E-16)"
27360,DIRECTION,"'',(0.707106781186547,6.83925587035494E-17,0.707106781186548)"
27361,DIRECTION,"'',(-0.707106781186548,0.,0.707106781186547)"
27362,DIRECTION,"'',(0.,1.,0.)"
27363,DIRECTION,"'',(-0.707106781186547,-0.707106781186547,-1.24961746500064E-15)"
27364,DIRECTION,"'',(0.577350269189626,0.577350269189626,0.577350269189626)"
27365,DIRECTION,"'',(-0.707106781186547,0.707106781186547,0.)"
27366,DIRECTION,"'',(0.,0.,-1.)"
27367,DIRECTION,"'',(0.707106777141479,0.000106963454658195,0.707106777141479)"
27368,DIRECTION,"'',(0.707106781186547,0.,-0.707106781186547)"
27369,DIRECTION,"'',(0.,1.,0.)"
27370,DIRECTION,"'',(-0.707106777141482,-0.707106785231613,-8.0889110556625E-9)"
27371,DIRECTION,"'',(0.707106781186545,-0.707106773097637,0.000106955365123796)"
27372,DIRECTION,"'',(0.,0.000151257727926638,0.99999998856055)"
27373,DIRECTION,"'',(-0.577350260365209,-0.577350286838457,0.577350260365211)"
27374,DIRECTION,"'',(0.707106781186549,-0.707106781186545,-3.24229708395459E-8)"
27375,DIRECTION,"'',(0.,-4.58530050873041E-8,0.999999999999999)"
27376,DIRECTION,"'',(2.77555756156289E-17,-0.707106781186548,0.707106781186547)"
27377,DIRECTION,"'',(-0.577350269189626,0.577350269189625,0.577350269189626)"
27378,DIRECTION,"'',(-0.707106781186547,3.19189119579733E-16,-0.707106781186548)"
27379,DIRECTION,"'',(2.21129557219637E-15,-0.707053301481595,0.707160256847044)"
27380,DIRECTION,"'',(-0.577379385357693,0.577379372147893,0.5772920456598)"
27381,DIRECTION,"'',(0.707106773097638,0.707106789275457,3.12250225675825E-17)"
27382,DIRECTION,"'',(-0.577321157424602,0.577408488316402,0.577321157424604)"
27383,DIRECTION,"'',(0.707106781186549,0.,0.707106781186546)"
27384,DIRECTION,"'',(0.,-1.,0.)"
27385,DIRECTION,"'',(0.281084637714815,-0.678598344545848,0.678598344545848)"
27386,DIRECTION,"'',(0.,-0.707106781186547,-0.707106781186548)"
27387,DIRECTION,"'',(1.,0.,0.)"
27388,DIRECTION,"'',(-2.21129557219632E-15,-0.707053301481595,0.707160256847044)"
27389,DIRECTION,"'',(0.,-0.707160256847044,-0.707053301481595)"
27390,DIRECTION,"'',(-1.,0.,0.)"
27391,DIRECTION,"'',(-0.707106777141474,0.707106785231621,8.08892028985632E-9)"
27392,DIRECTION,"'',(0.707106781186552,0.70710677309763,-0.000106955365123795)"
27393,DIRECTION,"'',(0.,-0.000151257727926638,-0.99999998856055)"
27394,DIRECTION,"'',(0.678598344545848,-0.678598344545848,0.281084637714814)"
27395,DIRECTION,"'',(0.500000000000002,0.707106781186545,0.500000000000002)"
27396,DIRECTION,"'',(0.707106781186547,0.,-0.707106781186547)"
27397,DIRECTION,"'',(-0.707106777141477,0.000106963454677933,0.707106777141482)"
27398,DIRECTION,"'',(0.577379385357706,0.577379372147887,0.577292045659794)"
27399,DIRECTION,"'',(0.707106773097626,-0.707106789275469,1.59594559789866E-16)"
27400,DIRECTION,"'',(0.577350269189625,-0.577350269189625,-0.577350269189628)"
27401,DIRECTION,"'',(-0.707106781186547,-0.707106781186547,0.)"
27402,DIRECTION,"'',(0.,0.,-1.)"
27403,DIRECTION,"'',(0.70710678118655,0.,0.707106781186545)"
27404,DIRECTION,"'',(0.,-1.,0.)"
27405,DIRECTION,"'',(-0.707106781186549,0.,-0.707106781186546)"
27406,DIRECTION,"'',(0.707106781186549,0.,0.707106781186546)"
27407,DIRECTION,"'',(0.707106781186546,0.,-0.707106781186549)"
27408,DIRECTION,"'',(0.,-1.,0.)"
27409,DIRECTION,"'',(0.,0.707106781186549,0.707106781186546)"
27410,DIRECTION,"'',(0.,0.,1.)"
27411,DIRECTION,"'',(-1.,0.,4.13850531048142E-17)"
27412,DIRECTION,"'',(0.,0.707106781186549,-0.707106781186546)"
27413,DIRECTION,"'',(0.,0.,1.)"
27414,DIRECTION,"'',(-1.,0.,4.13850531048145E-17)"
27415,DIRECTION,"'',(0.,0.707106781186549,0.707106781186546)"
27416,DIRECTION,"'',(0.,0.707106781186546,-0.707106781186549)"
27417,DIRECTION,"'',(1.,0.,0.)"
27418,DIRECTION,"'',(0.,0.707106781186549,-0.707106781186546)"
27419,DIRECTION,"'',(0.,-0.707106781186546,-0.707106781186549)"
27420,DIRECTION,"'',(-1.,0.,0.)"
27421,DIRECTION,"'',(-0.707106781186549,0.,0.707106781186546)"
27422,DIRECTION,"'',(0.,0.,1.)"
27423,DIRECTION,"'',(-1.,0.,4.13850531048142E-17)"
27424,DIRECTION,"'',(0.707106781186549,0.,-0.707106781186546)"
27425,DIRECTION,"'',(0.,0.,1.)"
27426,DIRECTION,"'',(-1.,0.,4.13850531048142E-17)"
27427,DIRECTION,"'',(-0.707106781186546,0.,-0.707106781186549)"
27428,DIRECTION,"'',(0.,1.,0.)"
27429,DIRECTION,"'',(-0.707106781186549,-1.65668806430733E-15,-0.707106781186547)"
27430,DIRECTION,"'',(0.707106781186549,1.65668806430733E-15,0.707106781186547)"
27431,DIRECTION,"'',(-0.707106781186547,-1.65668806430732E-15,0.707106781186549)"
27432,DIRECTION,"'',(-2.34534613952064E-15,1.,0.)"
27433,DIRECTION,"'',(0.,0.707106781186545,0.70710678118655)"
27434,DIRECTION,"'',(0.,0.,1.)"
27435,DIRECTION,"'',(-1.,0.,3.43509599203331E-17)"
27436,DIRECTION,"'',(0.,0.707106781186547,-0.707106781186547)"
27437,DIRECTION,"'',(0.,0.,1.)"
27438,DIRECTION,"'',(-1.,0.,3.43509599203328E-17)"
27439,DIRECTION,"'',(-1.65668806430732E-15,0.707106781186547,0.707106781186548)"
27440,DIRECTION,"'',(1.65668806430733E-15,-0.707106781186548,0.707106781186547)"
27441,DIRECTION,"'',(-1.,-2.34274405430668E-15,0.)"
27442,DIRECTION,"'',(-1.65668806430732E-15,0.707106781186547,-0.707106781186548)"
27443,DIRECTION,"'',(-1.65668806430733E-15,0.707106781186548,0.707106781186547)"
27444,DIRECTION,"'',(1.,2.34187669256869E-15,0.)"
27445,DIRECTION,"'',(-0.707106781186551,-1.65668806430733E-15,0.707106781186544)"
27446,DIRECTION,"'',(0.,0.,1.)"
27447,DIRECTION,"'',(-1.,0.,3.43509599203328E-17)"
27448,DIRECTION,"'',(0.707106781186551,1.65668806430733E-15,-0.707106781186544)"
27449,DIRECTION,"'',(0.,0.,1.)"
27450,DIRECTION,"'',(-1.,0.,3.43509599203326E-17)"
27451,DIRECTION,"'',(0.707106781186544,1.65668806430732E-15,0.707106781186551)"
27452,DIRECTION,"'',(2.33146835171283E-15,-1.,6.93889390390723E-18)"
27453,DIRECTION,"'',(-0.707106781186549,0.,-0.707106781186546)"
27454,DIRECTION,"'',(0.707106781186544,0.,0.707106781186551)"
27455,DIRECTION,"'',(0.707106781186546,1.65668806430732E-15,-0.707106781186549)"
27456,DIRECTION,"'',(2.34534613952064E-15,-1.,0.)"
27457,DIRECTION,"'',(0.,0.707106781186549,0.707106781186546)"
27458,DIRECTION,"'',(0.,0.,1.)"
27459,DIRECTION,"'',(-1.,0.,4.13850531048142E-17)"
27460,DIRECTION,"'',(0.,0.707106781186544,-0.707106781186551)"
27461,DIRECTION,"'',(0.,0.,1.)"
27462,DIRECTION,"'',(-1.,0.,4.13850531048148E-17)"
27463,DIRECTION,"'',(0.,0.707106781186549,0.707106781186546)"
27464,DIRECTION,"'',(-1.65668806430732E-15,0.707106781186545,-0.70710678118655)"
27465,DIRECTION,"'',(1.,2.34534613952064E-15,0.)"
27466,DIRECTION,"'',(0.,0.707106781186539,-0.707106781186556)"
27467,DIRECTION,"'',(1.65668806430734E-15,-0.707106781186555,-0.70710678118654)"
27468,DIRECTION,"'',(-1.,-2.34534613952064E-15,0.)"
27469,DIRECTION,"'',(-0.707106781186549,0.,0.707106781186546)"
27470,DIRECTION,"'',(0.,0.,1.)"
27471,DIRECTION,"'',(-1.,0.,4.13850531048145E-17)"
27472,DIRECTION,"'',(0.707106781186549,0.,-0.707106781186546)"
27473,DIRECTION,"'',(0.,0.,1.)"
27474,DIRECTION,"'',(-1.,0.,4.13850531048142E-17)"
27475,DIRECTION,"'',(-0.70710678118655,-1.65668806430733E-15,-0.707106781186545)"
27476,DIRECTION,"'',(-2.33146835171283E-15,1.,-6.93889390390723E-18)"
27477,DIRECTION,"'',(-1.,0.,0.)"
27478,DIRECTION,"'',(0.,0.,1.)"
27479,DIRECTION,"'',(-1.,0.,0.)"
27480,DIRECTION,"'',(-2.77555756156289E-17,1.,0.)"
27481,DIRECTION,"'',(-1.,0.,0.)"
27482,DIRECTION,"'',(0.,0.,-0.999999999999999)"
27483,DIRECTION,"'',(-1.,0.,0.)"
27484,DIRECTION,"'',(3.33044363810953E-17,0.,-1.)"
27485,DIRECTION,"'',(1.,0.,0.)"
27486,DIRECTION,"'',(0.,0.,1.)"
27487,DIRECTION,"'',(0.,0.,-1.)"
27488,DIRECTION,"'',(1.,0.,0.)"
27489,DIRECTION,"'',(0.,0.,-1.)"
27490,DIRECTION,"'',(-1.,0.,3.32147625920627E-17)"
27491,DIRECTION,"'',(0.,0.,-1.)"
27492,DIRECTION,"'',(-1.,0.,0.)"
27493,DIRECTION,"'',(0.,0.,1.)"
27494,DIRECTION,"'',(1.,0.,0.)"
27495,DIRECTION,"'',(0.,0.,-1.)"
27496,DIRECTION,"'',(-1.,0.,2.7535293269473E-17)"
27497,DIRECTION,"'',(0.,0.,-1.)"
27498,DIRECTION,"'',(1.,0.,0.)"
27499,DIRECTION,"'',(0.,0.,-1.)"
27500,DIRECTION,"'',(-1.,0.,3.32147625920627E-17)"
27501,DIRECTION,"'',(0.,0.,-1.)"
27502,DIRECTION,"'',(-1.,0.,0.)"
27503,DIRECTION,"'',(0.,0.,1.)"
27504,DIRECTION,"'',(1.,0.,0.)"
27505,DIRECTION,"'',(0.,0.,-1.)"
27506,DIRECTION,"'',(-1.,0.,2.7535293269473E-17)"
27507,DIRECTION,"'',(0.,0.,-1.)"
27508,DIRECTION,"'',(1.,0.,0.)"
27509,DIRECTION,"'',(0.,0.,-1.)"
27510,DIRECTION,"'',(-1.,0.,3.32147625920627E-17)"
27511,DIRECTION,"'',(0.,0.,-1.)"
27512,DIRECTION,"'',(-1.,0.,0.)"
27513,DIRECTION,"'',(0.,0.,1.)"
27514,DIRECTION,"'',(1.,0.,0.)"
27515,DIRECTION,"'',(0.,0.,-1.)"
27516,DIRECTION,"'',(-1.,0.,2.7535293269473E-17)"
27517,DIRECTION,"'',(0.,0.,-1.)"
27518,DIRECTION,"'',(1.,0.,0.)"
27519,DIRECTION,"'',(0.,0.,-1.)"
27520,DIRECTION,"'',(-1.,0.,3.32147625920627E-17)"
27521,DIRECTION,"'',(0.,0.,-1.)"
27522,DIRECTION,"'',(-1.,0.,0.)"
27523,DIRECTION,"'',(0.,0.,1.)"
27524,DIRECTION,"'',(1.,0.,0.)"
27525,DIRECTION,"'',(0.,0.,-1.)"
27526,DIRECTION,"'',(-1.,0.,2.7535293269473E-17)"
27527,DIRECTION,"'',(0.,0.,-1.)"
27528,DIRECTION,"'',(1.,0.,0.)"
27529,DIRECTION,"'',(0.,0.,-1.)"
27530,DIRECTION,"'',(-1.,0.,3.32147625920627E-17)"
27531,DIRECTION,"'',(0.,0.,-1.)"
27532,DIRECTION,"'',(-1.,0.,0.)"
27533,DIRECTION,"'',(0.,0.,1.)"
27534,DIRECTION,"'',(1.,0.,0.)"
27535,DIRECTION,"'',(0.,0.,-1.)"
27536,DIRECTION,"'',(-1.,0.,2.7535293269473E-17)"
27537,DIRECTION,"'',(0.,0.,-1.)"
27538,DIRECTION,"'',(1.,0.,0.)"
27539,DIRECTION,"'',(0.,0.,-1.)"
27540,DIRECTION,"'',(-1.,0.,3.32147625920627E-17)"
27541,DIRECTION,"'',(0.,0.,-1.)"
27542,DIRECTION,"'',(-1.,0.,0.)"
27543,DIRECTION,"'',(0.,0.,1.)"
27544,DIRECTION,"'',(1.,0.,0.)"
27545,DIRECTION,"'',(0.,0.,-1.)"
27546,DIRECTION,"'',(-1.,0.,2.7535293269473E-17)"
27547,CARTESIAN_POINT,"'',(0.,0.,0.)"
27548,CARTESIAN_POINT,"'',(130.,-51.,-62.0000499947885)"
27549,CARTESIAN_POINT,"'',(130.,-51.,-77.0000499947885)"
27550,CARTESIAN_POINT,"'',(130.,-51.,-62.0000499947885)"
27551,CARTESIAN_POINT,"'',(130.,-51.,-67.9000499947885)"
27552,CARTESIAN_POINT,"'',(130.,23.,-62.0000499947885)"
27553,CARTESIAN_POINT,"'',(35.0000000000002,101.,-46.)"
27554,CARTESIAN_POINT,"'',(41.1000000000002,101.,-46.)"
27555,CARTESIAN_POINT,"'',(34.9999999999998,-101.,-46.)"
27556,CARTESIAN_POINT,"'',(41.0999999999998,-101.,-46.)"
27557,CARTESIAN_POINT,"'',(-34.9999999999998,101.,-46.)"
27558,CARTESIAN_POINT,"'',(-28.8999999999998,101.,-46.)"
27559,CARTESIAN_POINT,"'',(-35.0000000000002,-101.,-46.)"
27560,CARTESIAN_POINT,"'',(-28.9000000000002,-101.,-46.)"
27561,CARTESIAN_POINT,"'',(-37.0000000000001,-27.9999999999999,-46.)"
27562,CARTESIAN_POINT,"'',(-34.2500000000001,-27.9999999999999,-46.)"
27563,CARTESIAN_POINT,"'',(-26.2257421899752,21.1213609528135,-46.)"
27564,CARTESIAN_POINT,"'',(-14.7257421899752,21.1213609528135,-46.)"
27565,CARTESIAN_POINT,"'',(48.3336120800338,-28.1650997200761,-46.)"
27566,CARTESIAN_POINT,"'',(54.8336120800338,-28.1650997200761,-46.)"
27567,CARTESIAN_POINT,"'',(37.,-36.,-46.)"
27568,CARTESIAN_POINT,"'',(39.75,-36.,-46.)"
27569,CARTESIAN_POINT,"'',(42.0941780022293,0.0295935239497599,-46.)"
27570,CARTESIAN_POINT,"'',(48.8441780022293,0.0295935239497599,-46.)"
27571,CARTESIAN_POINT,"'',(42.5,-14.1999999999999,-46.)"
27572,CARTESIAN_POINT,"'',(45.25,-14.1999999999999,-46.)"
27573,CARTESIAN_POINT,"'',(37.,28.,-46.)"
27574,CARTESIAN_POINT,"'',(39.75,28.,-46.)"
27575,CARTESIAN_POINT,"'',(42.4999999999999,49.8000000000001,-46.)"
27576,CARTESIAN_POINT,"'',(45.2499999999999,49.8000000000001,-46.)"
27577,CARTESIAN_POINT,"'',(42.0941780022293,64.0295935239498,-46.)"
27578,CARTESIAN_POINT,"'',(48.8441780022293,64.0295935239498,-46.)"
27579,CARTESIAN_POINT,"'',(26.2257421899752,42.8786390471865,-46.)"
27580,CARTESIAN_POINT,"'',(37.7257421899752,42.8786390471865,-46.)"
27581,CARTESIAN_POINT,"'',(26.2257421899752,-21.1213609528135,-46.)"
27582,CARTESIAN_POINT,"'',(37.7257421899752,-21.1213609528135,-46.)"
27583,CARTESIAN_POINT,"'',(-26.2257421899752,-42.8786390471865,-46.)"
27584,CARTESIAN_POINT,"'',(-14.7257421899752,-42.8786390471865,-46.)"
27585,CARTESIAN_POINT,"'',(-42.5,-49.8,-46.)"
27586,CARTESIAN_POINT,"'',(-39.75,-49.8,-46.)"
27587,CARTESIAN_POINT,"'',(-42.0941780022293,-64.0295935239498,-46.)"
27588,CARTESIAN_POINT,"'',(-35.3441780022293,-64.0295935239498,-46.)"
27589,CARTESIAN_POINT,"'',(-48.3336120800338,-35.8349002799239,-46.)"
27590,CARTESIAN_POINT,"'',(-41.8336120800338,-35.8349002799239,-46.)"
27591,CARTESIAN_POINT,"'',(-42.0941780022293,-0.0295935239497599,-46.)"
27592,CARTESIAN_POINT,"'',(-35.3441780022293,-0.0295935239497599,-46.)"
27593,CARTESIAN_POINT,"'',(-48.3336120800338,28.1650997200761,-46.)"
27594,CARTESIAN_POINT,"'',(-41.8336120800338,28.1650997200761,-46.)"
27595,CARTESIAN_POINT,"'',(48.3336120800338,35.8349002799239,-46.)"
27596,CARTESIAN_POINT,"'',(53.8336120800338,35.8349002799239,-46.)"
27597,CARTESIAN_POINT,"'',(-42.5,14.2,-46.)"
27598,CARTESIAN_POINT,"'',(-40.75,14.2,-46.)"
27599,CARTESIAN_POINT,"'',(0.,0.,-46.)"
27600,CARTESIAN_POINT,"'',(2.75,0.,-46.)"
27601,CARTESIAN_POINT,"'',(-80.,0.,-46.)"
27602,CARTESIAN_POINT,"'',(-80.,-104.282202112919,-46.)"
27603,CARTESIAN_POINT,"'',(-80.,107.,-46.)"
27604,CARTESIAN_POINT,"'',(-80.8136433551565,-105.863566448434,-46.)"
27605,CARTESIAN_POINT,"'',(-80.8136433551565,-105.863566448434,-46.)"
27606,CARTESIAN_POINT,"'',(-75.,-114.,-46.)"
27607,CARTESIAN_POINT,"'',(-66.8635664484343,-119.813643355157,-46.)"
27608,CARTESIAN_POINT,"'',(-66.8635664484343,-119.813643355157,-46.)"
27609,CARTESIAN_POINT,"'',(-65.2822021129186,-119.,-46.)"
27610,CARTESIAN_POINT,"'',(-80.,-119.,-46.)"
27611,CARTESIAN_POINT,"'',(68.,-119.,-46.)"
27612,CARTESIAN_POINT,"'',(68.,-107.,-46.)"
27613,CARTESIAN_POINT,"'',(80.,-107.,-46.)"
27614,CARTESIAN_POINT,"'',(80.,0.,-46.)"
27615,CARTESIAN_POINT,"'',(80.,107.,-46.)"
27616,CARTESIAN_POINT,"'',(68.,107.,-46.)"
27617,CARTESIAN_POINT,"'',(68.,119.,-46.)"
27618,CARTESIAN_POINT,"'',(80.,119.,-46.)"
27619,CARTESIAN_POINT,"'',(-68.,119.,-46.)"
27620,CARTESIAN_POINT,"'',(-68.,107.,-46.)"
27621,CARTESIAN_POINT,"'',(64.,21.,-46.)"
27622,CARTESIAN_POINT,"'',(55.5,21.,-46.)"
27623,CARTESIAN_POINT,"'',(64.,-51.,-46.)"
27624,CARTESIAN_POINT,"'',(55.5,-51.,-46.)"
27625,CARTESIAN_POINT,"'',(-36.9999999999999,36.0000000000001,-46.)"
27626,CARTESIAN_POINT,"'',(-35.2499999999999,36.0000000000001,-46.)"
27627,CARTESIAN_POINT,"'',(0.,0.,-46.)"
27628,CARTESIAN_POINT,"'',(-26.2257421899752,21.1213609528135,-57.)"
27629,CARTESIAN_POINT,"'',(-37.7257421899752,21.1213609528135,-57.)"
27630,CARTESIAN_POINT,"'',(-36.9999999999999,36.0000000000001,-57.)"
27631,CARTESIAN_POINT,"'',(-39.7499999999999,36.0000000000001,-57.)"
27632,CARTESIAN_POINT,"'',(-42.5,14.2,-57.)"
27633,CARTESIAN_POINT,"'',(-45.25,14.2,-57.)"
27634,CARTESIAN_POINT,"'',(-42.0941780022293,-0.0295935239497599,-57.)"
27635,CARTESIAN_POINT,"'',(-48.8441780022293,-0.0295935239497599,-57.)"
27636,CARTESIAN_POINT,"'',(-48.3336120800338,28.1650997200761,-57.)"
27637,CARTESIAN_POINT,"'',(-54.8336120800338,28.1650997200761,-57.)"
27638,CARTESIAN_POINT,"'',(-42.33361251,42.,-57.)"
27639,CARTESIAN_POINT,"'',(-16.33361251,42.,-57.)"
27640,CARTESIAN_POINT,"'',(-39.33361251,42.,-57.)"
27641,CARTESIAN_POINT,"'',(-16.33361251,39.,-57.)"
27642,CARTESIAN_POINT,"'',(-13.33361251,39.,-57.)"
27643,CARTESIAN_POINT,"'',(-13.33361251,42.,-57.)"
27644,CARTESIAN_POINT,"'',(-13.3336125100001,8.00000000000003,-57.)"
27645,CARTESIAN_POINT,"'',(-16.3336125100001,8.00000000000004,-57.)"
27646,CARTESIAN_POINT,"'',(-16.3336125100001,5.00000000000003,-57.)"
27647,CARTESIAN_POINT,"'',(-13.3336125100001,5.00000000000003,-57.)"
27648,CARTESIAN_POINT,"'',(-27.0941779994163,5.00000000000006,-57.)"
27649,CARTESIAN_POINT,"'',(-27.0941779994163,2.00000000000005,-57.)"
27650,CARTESIAN_POINT,"'',(-30.0941779994163,2.00000000000006,-57.)"
27651,CARTESIAN_POINT,"'',(-30.0941779994163,5.00000000000006,-57.)"
27652,CARTESIAN_POINT,"'',(-30.0941779994163,-4.50000000000001,-57.)"
27653,CARTESIAN_POINT,"'',(-33.0941779994163,-4.50000000000001,-57.)"
27654,CARTESIAN_POINT,"'',(-33.0941779994163,-7.50000000000001,-57.)"
27655,CARTESIAN_POINT,"'',(-30.0941779994163,-7.50000000000001,-57.)"
27656,CARTESIAN_POINT,"'',(-51.0941779994163,-7.49999999999997,-57.)"
27657,CARTESIAN_POINT,"'',(-51.0941779994163,-4.49999999999997,-57.)"
27658,CARTESIAN_POINT,"'',(-54.0941779994163,-4.49999999999997,-57.)"
27659,CARTESIAN_POINT,"'',(-54.0941779994163,-7.49999999999997,-57.)"
27660,CARTESIAN_POINT,"'',(-54.0941779994163,11.,-57.)"
27661,CARTESIAN_POINT,"'',(-57.0941779994163,11.,-57.)"
27662,CARTESIAN_POINT,"'',(-57.0941779994163,14.,-57.)"
27663,CARTESIAN_POINT,"'',(-54.0941779994163,14.,-57.)"
27664,CARTESIAN_POINT,"'',(-57.3336125074858,14.,-57.)"
27665,CARTESIAN_POINT,"'',(-57.3336125074858,17.,-57.)"
27666,CARTESIAN_POINT,"'',(-60.3336125074858,17.,-57.)"
27667,CARTESIAN_POINT,"'',(-60.3336125074858,14.,-57.)"
27668,CARTESIAN_POINT,"'',(-60.3336125074858,33.0000000000001,-57.)"
27669,CARTESIAN_POINT,"'',(-57.3336125074858,33.0000000000001,-57.)"
27670,CARTESIAN_POINT,"'',(-57.3336125074858,36.0000000000001,-57.)"
27671,CARTESIAN_POINT,"'',(-60.3336125074858,36.0000000000001,-57.)"
27672,CARTESIAN_POINT,"'',(-45.33361251,36.0000000000001,-57.)"
27673,CARTESIAN_POINT,"'',(-45.33361251,39.0000000000001,-57.)"
27674,CARTESIAN_POINT,"'',(-42.33361251,39.,-57.)"
27675,CARTESIAN_POINT,"'',(-39.33361251,39.,-57.)"
27676,CARTESIAN_POINT,"'',(0.,0.,-57.)"
27677,CARTESIAN_POINT,"'',(42.0941780022293,0.0295935239497599,-57.)"
27678,CARTESIAN_POINT,"'',(35.3441780022293,0.0295935239497599,-57.)"
27679,CARTESIAN_POINT,"'',(48.3336120800338,-28.1650997200761,-57.)"
27680,CARTESIAN_POINT,"'',(41.8336120800338,-28.1650997200761,-57.)"
27681,CARTESIAN_POINT,"'',(37.,-36.,-57.)"
27682,CARTESIAN_POINT,"'',(34.25,-36.,-57.)"
27683,CARTESIAN_POINT,"'',(42.5,-14.1999999999999,-57.)"
27684,CARTESIAN_POINT,"'',(39.75,-14.1999999999999,-57.)"
27685,CARTESIAN_POINT,"'',(26.2257421899752,-21.1213609528135,-57.)"
27686,CARTESIAN_POINT,"'',(14.7257421899752,-21.1213609528135,-57.)"
27687,CARTESIAN_POINT,"'',(42.33361251,-42.,-57.)"
27688,CARTESIAN_POINT,"'',(16.33361251,-42.,-57.)"
27689,CARTESIAN_POINT,"'',(39.33361251,-42.,-57.)"
27690,CARTESIAN_POINT,"'',(16.33361251,-39.,-57.)"
27691,CARTESIAN_POINT,"'',(13.33361251,-39.,-57.)"
27692,CARTESIAN_POINT,"'',(13.33361251,-42.,-57.)"
27693,CARTESIAN_POINT,"'',(13.3336125100001,-8.00000000000003,-57.)"
27694,CARTESIAN_POINT,"'',(16.3336125100001,-8.00000000000004,-57.)"
27695,CARTESIAN_POINT,"'',(16.3336125100001,-5.00000000000003,-57.)"
27696,CARTESIAN_POINT,"'',(13.3336125100001,-5.00000000000003,-57.)"
27697,CARTESIAN_POINT,"'',(27.0941779994163,-5.00000000000006,-57.)"
27698,CARTESIAN_POINT,"'',(27.0941779994163,-2.00000000000005,-57.)"
27699,CARTESIAN_POINT,"'',(30.0941779994163,-2.00000000000006,-57.)"
27700,CARTESIAN_POINT,"'',(30.0941779994163,-5.00000000000006,-57.)"
27701,CARTESIAN_POINT,"'',(30.0941779994163,4.50000000000001,-57.)"
27702,CARTESIAN_POINT,"'',(33.0941779994163,4.50000000000001,-57.)"
27703,CARTESIAN_POINT,"'',(33.0941779994163,7.50000000000001,-57.)"
27704,CARTESIAN_POINT,"'',(30.0941779994163,7.50000000000001,-57.)"
27705,CARTESIAN_POINT,"'',(51.0941779994163,7.49999999999997,-57.)"
27706,CARTESIAN_POINT,"'',(51.0941779994163,4.49999999999997,-57.)"
27707,CARTESIAN_POINT,"'',(54.0941779994163,4.49999999999997,-57.)"
27708,CARTESIAN_POINT,"'',(54.0941779994163,7.49999999999997,-57.)"
27709,CARTESIAN_POINT,"'',(54.0941779994163,-11.,-57.)"
27710,CARTESIAN_POINT,"'',(57.0941779994163,-11.,-57.)"
27711,CARTESIAN_POINT,"'',(57.0941779994163,-14.,-57.)"
27712,CARTESIAN_POINT,"'',(54.0941779994163,-14.,-57.)"
27713,CARTESIAN_POINT,"'',(57.3336125074858,-14.,-57.)"
27714,CARTESIAN_POINT,"'',(57.3336125074858,-17.,-57.)"
27715,CARTESIAN_POINT,"'',(60.3336125074858,-17.,-57.)"
27716,CARTESIAN_POINT,"'',(60.3336125074858,-14.,-57.)"
27717,CARTESIAN_POINT,"'',(60.3336125074858,-33.0000000000001,-57.)"
27718,CARTESIAN_POINT,"'',(57.3336125074858,-33.0000000000001,-57.)"
27719,CARTESIAN_POINT,"'',(57.3336125074858,-36.0000000000001,-57.)"
27720,CARTESIAN_POINT,"'',(60.3336125074858,-36.0000000000001,-57.)"
27721,CARTESIAN_POINT,"'',(45.33361251,-36.0000000000001,-57.)"
27722,CARTESIAN_POINT,"'',(45.33361251,-39.0000000000001,-57.)"
27723,CARTESIAN_POINT,"'',(42.33361251,-39.,-57.)"
27724,CARTESIAN_POINT,"'',(39.33361251,-39.,-57.)"
27725,CARTESIAN_POINT,"'',(0.,0.,-57.)"
27726,CARTESIAN_POINT,"'',(37.,28.,-57.)"
27727,CARTESIAN_POINT,"'',(34.25,28.,-57.)"
27728,CARTESIAN_POINT,"'',(42.4999999999999,49.8000000000001,-57.)"
27729,CARTESIAN_POINT,"'',(39.7499999999999,49.8000000000001,-57.)"
27730,CARTESIAN_POINT,"'',(42.0941780022293,64.0295935239498,-57.)"
27731,CARTESIAN_POINT,"'',(35.3441780022293,64.0295935239498,-57.)"
27732,CARTESIAN_POINT,"'',(48.3336120800338,35.8349002799239,-57.)"
27733,CARTESIAN_POINT,"'',(41.8336120800338,35.8349002799239,-57.)"
27734,CARTESIAN_POINT,"'',(26.2257421899752,42.8786390471865,-57.)"
27735,CARTESIAN_POINT,"'',(14.7257421899752,42.8786390471865,-57.)"
27736,CARTESIAN_POINT,"'',(42.33361251,22.,-57.)"
27737,CARTESIAN_POINT,"'',(16.33361251,22.,-57.)"
27738,CARTESIAN_POINT,"'',(39.33361251,22.,-57.)"
27739,CARTESIAN_POINT,"'',(16.33361251,25.,-57.)"
27740,CARTESIAN_POINT,"'',(13.33361251,25.,-57.)"
27741,CARTESIAN_POINT,"'',(13.33361251,22.,-57.)"
27742,CARTESIAN_POINT,"'',(13.3336125100001,56.,-57.)"
27743,CARTESIAN_POINT,"'',(16.3336125100001,56.,-57.)"
27744,CARTESIAN_POINT,"'',(16.3336125100001,59.,-57.)"
27745,CARTESIAN_POINT,"'',(13.3336125100001,59.,-57.)"
27746,CARTESIAN_POINT,"'',(27.0941779994163,59.,-57.)"
27747,CARTESIAN_POINT,"'',(27.0941779994163,61.9999999999999,-57.)"
27748,CARTESIAN_POINT,"'',(30.0941779994163,61.9999999999999,-57.)"
27749,CARTESIAN_POINT,"'',(30.0941779994163,58.9999999999999,-57.)"
27750,CARTESIAN_POINT,"'',(30.0941779994163,68.5,-57.)"
27751,CARTESIAN_POINT,"'',(33.0941779994163,68.5,-57.)"
27752,CARTESIAN_POINT,"'',(33.0941779994163,71.5,-57.)"
27753,CARTESIAN_POINT,"'',(30.0941779994163,71.5,-57.)"
27754,CARTESIAN_POINT,"'',(51.0941779994163,71.5,-57.)"
27755,CARTESIAN_POINT,"'',(51.0941779994163,68.5,-57.)"
27756,CARTESIAN_POINT,"'',(54.0941779994163,68.5,-57.)"
27757,CARTESIAN_POINT,"'',(54.0941779994163,71.5,-57.)"
27758,CARTESIAN_POINT,"'',(54.0941779994163,53.,-57.)"
27759,CARTESIAN_POINT,"'',(57.0941779994163,53.,-57.)"
27760,CARTESIAN_POINT,"'',(57.0941779994163,50.,-57.)"
27761,CARTESIAN_POINT,"'',(54.0941779994163,50.,-57.)"
27762,CARTESIAN_POINT,"'',(57.3336125074858,50.,-57.)"
27763,CARTESIAN_POINT,"'',(57.3336125074858,47.,-57.)"
27764,CARTESIAN_POINT,"'',(60.3336125074858,47.,-57.)"
27765,CARTESIAN_POINT,"'',(60.3336125074858,50.,-57.)"
27766,CARTESIAN_POINT,"'',(60.3336125074858,30.9999999999999,-57.)"
27767,CARTESIAN_POINT,"'',(57.3336125074858,30.9999999999999,-57.)"
27768,CARTESIAN_POINT,"'',(57.3336125074858,27.9999999999999,-57.)"
27769,CARTESIAN_POINT,"'',(60.3336125074858,27.9999999999999,-57.)"
27770,CARTESIAN_POINT,"'',(45.33361251,27.9999999999999,-57.)"
27771,CARTESIAN_POINT,"'',(45.33361251,24.9999999999999,-57.)"
27772,CARTESIAN_POINT,"'',(42.33361251,25.,-57.)"
27773,CARTESIAN_POINT,"'',(39.33361251,25.,-57.)"
27774,CARTESIAN_POINT,"'',(0.,64.,-57.)"
27775,CARTESIAN_POINT,"'',(-37.0000000000001,-27.9999999999999,-57.)"
27776,CARTESIAN_POINT,"'',(-39.7500000000001,-27.9999999999999,-57.)"
27777,CARTESIAN_POINT,"'',(-26.2257421899752,-42.8786390471865,-57.)"
27778,CARTESIAN_POINT,"'',(-37.7257421899752,-42.8786390471865,-57.)"
27779,CARTESIAN_POINT,"'',(-42.5,-49.8,-57.)"
27780,CARTESIAN_POINT,"'',(-45.25,-49.8,-57.)"
27781,CARTESIAN_POINT,"'',(-42.0941780022293,-64.0295935239498,-57.)"
27782,CARTESIAN_POINT,"'',(-48.8441780022293,-64.0295935239498,-57.)"
27783,CARTESIAN_POINT,"'',(-48.3336120800338,-35.8349002799239,-57.)"
27784,CARTESIAN_POINT,"'',(-54.8336120800338,-35.8349002799239,-57.)"
27785,CARTESIAN_POINT,"'',(-42.33361251,-22.,-57.)"
27786,CARTESIAN_POINT,"'',(-16.33361251,-22.,-57.)"
27787,CARTESIAN_POINT,"'',(-39.33361251,-22.,-57.)"
27788,CARTESIAN_POINT,"'',(-16.33361251,-25.,-57.)"
27789,CARTESIAN_POINT,"'',(-13.33361251,-25.,-57.)"
27790,CARTESIAN_POINT,"'',(-13.33361251,-22.,-57.)"
27791,CARTESIAN_POINT,"'',(-13.3336125100001,-56.,-57.)"
27792,CARTESIAN_POINT,"'',(-16.3336125100001,-56.,-57.)"
27793,CARTESIAN_POINT,"'',(-16.3336125100001,-59.,-57.)"
27794,CARTESIAN_POINT,"'',(-13.3336125100001,-59.,-57.)"
27795,CARTESIAN_POINT,"'',(-27.0941779994163,-59.,-57.)"
27796,CARTESIAN_POINT,"'',(-27.0941779994163,-61.9999999999999,-57.)"
27797,CARTESIAN_POINT,"'',(-30.0941779994163,-61.9999999999999,-57.)"
27798,CARTESIAN_POINT,"'',(-30.0941779994163,-58.9999999999999,-57.)"
27799,CARTESIAN_POINT,"'',(-30.0941779994163,-68.5,-57.)"
27800,CARTESIAN_POINT,"'',(-33.0941779994163,-68.5,-57.)"
27801,CARTESIAN_POINT,"'',(-33.0941779994163,-71.5,-57.)"
27802,CARTESIAN_POINT,"'',(-30.0941779994163,-71.5,-57.)"
27803,CARTESIAN_POINT,"'',(-51.0941779994163,-71.5,-57.)"
27804,CARTESIAN_POINT,"'',(-51.0941779994163,-68.5,-57.)"
27805,CARTESIAN_POINT,"'',(-54.0941779994163,-68.5,-57.)"
27806,CARTESIAN_POINT,"'',(-54.0941779994163,-71.5,-57.)"
27807,CARTESIAN_POINT,"'',(-54.0941779994163,-53.,-57.)"
27808,CARTESIAN_POINT,"'',(-57.0941779994163,-53.,-57.)"
27809,CARTESIAN_POINT,"'',(-57.0941779994163,-50.,-57.)"
27810,CARTESIAN_POINT,"'',(-54.0941779994163,-50.,-57.)"
27811,CARTESIAN_POINT,"'',(-57.3336125074858,-50.,-57.)"
27812,CARTESIAN_POINT,"'',(-57.3336125074858,-47.,-57.)"
27813,CARTESIAN_POINT,"'',(-60.3336125074858,-47.,-57.)"
27814,CARTESIAN_POINT,"'',(-60.3336125074858,-50.,-57.)"
27815,CARTESIAN_POINT,"'',(-60.3336125074858,-30.9999999999999,-57.)"
27816,CARTESIAN_POINT,"'',(-57.3336125074858,-30.9999999999999,-57.)"
27817,CARTESIAN_POINT,"'',(-57.3336125074858,-27.9999999999999,-57.)"
27818,CARTESIAN_POINT,"'',(-60.3336125074858,-27.9999999999999,-57.)"
27819,CARTESIAN_POINT,"'',(-45.33361251,-27.9999999999999,-57.)"
27820,CARTESIAN_POINT,"'',(-45.33361251,-24.9999999999999,-57.)"
27821,CARTESIAN_POINT,"'',(-42.33361251,-25.,-57.)"
27822,CARTESIAN_POINT,"'',(-39.33361251,-25.,-57.)"
27823,CARTESIAN_POINT,"'',(0.,-64.,-57.)"
27824,CARTESIAN_POINT,"'',(-80.,107.,-1.)"
27825,CARTESIAN_POINT,"'',(-80.,107.,-2.)"
27826,CARTESIAN_POINT,"'',(-80.,82.9951598814844,-2.)"
27827,CARTESIAN_POINT,"'',(-80.,83.9951598814844,-2.)"
27828,CARTESIAN_POINT,"'',(-80.,83.9951598814844,-23.0000000000175)"
27829,CARTESIAN_POINT,"'',(-80.,83.9951598814844,-24.0000000000175)"
27830,CARTESIAN_POINT,"'',(-80.,66.5010589729791,-24.0000000000175)"
27831,CARTESIAN_POINT,"'',(-80.,67.5012102421482,-24.0000000000175)"
27832,CARTESIAN_POINT,"'',(-80.,67.5046902336919,-47.0070327749949)"
27833,CARTESIAN_POINT,"'',(-80.,67.5024203039854,-32.0000000000175)"
27834,CARTESIAN_POINT,"'',(-80.,-81.5045406291566,-32.0000000000175)"
27835,CARTESIAN_POINT,"'',(-80.,-82.5045406750097,-32.0000000000175)"
27836,CARTESIAN_POINT,"'',(-80.,-82.5045413628043,-46.9999909896763)"
27837,CARTESIAN_POINT,"'',(-80.,-82.5045403081856,-24.0000000000175)"
27838,CARTESIAN_POINT,"'',(-80.,-98.0045392514842,-24.0000000000175)"
27839,CARTESIAN_POINT,"'',(-80.,-99.0045392514843,-24.0000000000175)"
27840,CARTESIAN_POINT,"'',(-80.,-99.0045392514843,-0.999999999999998)"
27841,CARTESIAN_POINT,"'',(-80.,-99.0045392514843,-2.)"
27842,CARTESIAN_POINT,"'',(-80.,-105.339745962156,-2.)"
27843,CARTESIAN_POINT,"'',(-80.,-104.282202112919,-2.)"
27844,CARTESIAN_POINT,"'',(-80.,-104.282202112919,-46.)"
27845,CARTESIAN_POINT,"'',(-80.,114.,-47.)"
27846,CARTESIAN_POINT,"'',(-65.2822021129186,-119.,-1.)"
27847,CARTESIAN_POINT,"'',(-65.2822021129186,-119.,-2.)"
27848,CARTESIAN_POINT,"'',(68.,-119.,-2.)"
27849,CARTESIAN_POINT,"'',(68.,-119.,-2.)"
27850,CARTESIAN_POINT,"'',(68.,-119.,-46.)"
27851,CARTESIAN_POINT,"'',(-80.,-119.,-47.)"
27852,CARTESIAN_POINT,"'',(-120.5,105.,-91.)"
27853,CARTESIAN_POINT,"'',(-128.5,105.,-91.)"
27854,CARTESIAN_POINT,"'',(-120.5,-2.84663433965975E-15,-91.)"
27855,CARTESIAN_POINT,"'',(-128.5,-2.84663433965975E-15,-91.)"
27856,CARTESIAN_POINT,"'',(-120.5,-105.,-91.)"
27857,CARTESIAN_POINT,"'',(-128.5,-105.,-91.)"
27858,CARTESIAN_POINT,"'',(120.5,-105.,-91.)"
27859,CARTESIAN_POINT,"'',(112.5,-105.,-91.)"
27860,CARTESIAN_POINT,"'',(120.5,2.84663433965975E-15,-91.)"
27861,CARTESIAN_POINT,"'',(112.5,2.84663433965975E-15,-91.)"
27862,CARTESIAN_POINT,"'',(120.5,105.,-91.)"
27863,CARTESIAN_POINT,"'',(112.5,105.,-91.)"
27864,CARTESIAN_POINT,"'',(35.0000000000002,101.,-91.)"
27865,CARTESIAN_POINT,"'',(25.4000000000002,101.,-91.)"
27866,CARTESIAN_POINT,"'',(34.9999999999998,-101.,-91.)"
27867,CARTESIAN_POINT,"'',(25.3999999999998,-101.,-91.)"
27868,CARTESIAN_POINT,"'',(-34.9999999999998,101.,-91.)"
27869,CARTESIAN_POINT,"'',(-44.5999999999998,101.,-91.)"
27870,CARTESIAN_POINT,"'',(-35.0000000000002,-101.,-91.)"
27871,CARTESIAN_POINT,"'',(-44.6000000000002,-101.,-91.)"
27872,CARTESIAN_POINT,"'',(16.3336125100001,56.,-91.)"
27873,CARTESIAN_POINT,"'',(16.3336125100001,60.,-91.)"
27874,CARTESIAN_POINT,"'',(12.3336125100001,56.,-91.)"
27875,CARTESIAN_POINT,"'',(12.33361251,25.,-91.)"
27876,CARTESIAN_POINT,"'',(12.33361251,25.,-91.)"
27877,CARTESIAN_POINT,"'',(16.33361251,25.,-91.)"
27878,CARTESIAN_POINT,"'',(16.33361251,21.,-91.)"
27879,CARTESIAN_POINT,"'',(39.33361251,21.,-91.)"
27880,CARTESIAN_POINT,"'',(39.33361251,21.,-91.)"
27881,CARTESIAN_POINT,"'',(39.33361251,25.,-91.)"
27882,CARTESIAN_POINT,"'',(43.33361251,24.9999999999999,-91.)"
27883,CARTESIAN_POINT,"'',(45.33361251,24.9999999999999,-91.)"
27884,CARTESIAN_POINT,"'',(45.33361251,26.9999999999999,-91.)"
27885,CARTESIAN_POINT,"'',(57.3336125074858,26.9999999999999,-91.)"
27886,CARTESIAN_POINT,"'',(57.3336125074858,26.9999999999999,-91.)"
27887,CARTESIAN_POINT,"'',(57.3336125074858,30.9999999999999,-91.)"
27888,CARTESIAN_POINT,"'',(61.3336125074858,30.9999999999999,-91.)"
27889,CARTESIAN_POINT,"'',(61.3336125074858,47.,-91.)"
27890,CARTESIAN_POINT,"'',(61.3336125074858,47.,-91.)"
27891,CARTESIAN_POINT,"'',(57.3336125074858,47.,-91.)"
27892,CARTESIAN_POINT,"'',(57.3336125074858,51.,-91.)"
27893,CARTESIAN_POINT,"'',(57.0941779994163,51.,-91.)"
27894,CARTESIAN_POINT,"'',(57.0941779994163,51.,-91.)"
27895,CARTESIAN_POINT,"'',(57.0941779994163,53.,-91.)"
27896,CARTESIAN_POINT,"'',(55.0941779994163,53.,-91.)"
27897,CARTESIAN_POINT,"'',(55.0941779994163,68.5,-91.)"
27898,CARTESIAN_POINT,"'',(55.0941779994163,68.5,-91.)"
27899,CARTESIAN_POINT,"'',(51.0941779994163,68.5,-91.)"
27900,CARTESIAN_POINT,"'',(51.0941779994163,72.5,-91.)"
27901,CARTESIAN_POINT,"'',(33.0941779994163,72.5,-91.)"
27902,CARTESIAN_POINT,"'',(33.0941779994163,72.5,-91.)"
27903,CARTESIAN_POINT,"'',(33.0941779994163,68.5,-91.)"
27904,CARTESIAN_POINT,"'',(29.0941779994163,68.5,-91.)"
27905,CARTESIAN_POINT,"'',(29.0941779994163,61.9999999999999,-91.)"
27906,CARTESIAN_POINT,"'',(29.0941779994163,61.9999999999999,-91.)"
27907,CARTESIAN_POINT,"'',(27.0941779994163,61.9999999999999,-91.)"
27908,CARTESIAN_POINT,"'',(27.0941779994163,60.,-91.)"
27909,CARTESIAN_POINT,"'',(16.3336125100001,60.,-91.)"
27910,CARTESIAN_POINT,"'',(16.3336125100001,-8.00000000000004,-91.)"
27911,CARTESIAN_POINT,"'',(16.3336125100001,-4.00000000000003,-91.)"
27912,CARTESIAN_POINT,"'',(12.3336125100001,-8.00000000000003,-91.)"
27913,CARTESIAN_POINT,"'',(12.33361251,-39.,-91.)"
27914,CARTESIAN_POINT,"'',(12.33361251,-39.,-91.)"
27915,CARTESIAN_POINT,"'',(16.33361251,-39.,-91.)"
27916,CARTESIAN_POINT,"'',(16.33361251,-43.,-91.)"
27917,CARTESIAN_POINT,"'',(39.33361251,-43.,-91.)"
27918,CARTESIAN_POINT,"'',(39.33361251,-43.,-91.)"
27919,CARTESIAN_POINT,"'',(39.33361251,-39.,-91.)"
27920,CARTESIAN_POINT,"'',(43.33361251,-39.0000000000001,-91.)"
27921,CARTESIAN_POINT,"'',(45.33361251,-39.0000000000001,-91.)"
27922,CARTESIAN_POINT,"'',(45.33361251,-37.0000000000001,-91.)"
27923,CARTESIAN_POINT,"'',(57.3336125074858,-37.0000000000001,-91.)"
27924,CARTESIAN_POINT,"'',(57.3336125074858,-37.0000000000001,-91.)"
27925,CARTESIAN_POINT,"'',(57.3336125074858,-33.0000000000001,-91.)"
27926,CARTESIAN_POINT,"'',(61.3336125074858,-33.0000000000001,-91.)"
27927,CARTESIAN_POINT,"'',(61.3336125074858,-17.,-91.)"
27928,CARTESIAN_POINT,"'',(61.3336125074858,-17.,-91.)"
27929,CARTESIAN_POINT,"'',(57.3336125074858,-17.,-91.)"
27930,CARTESIAN_POINT,"'',(57.3336125074858,-13.,-91.)"
27931,CARTESIAN_POINT,"'',(57.0941779994163,-13.,-91.)"
27932,CARTESIAN_POINT,"'',(57.0941779994163,-13.,-91.)"
27933,CARTESIAN_POINT,"'',(57.0941779994163,-11.,-91.)"
27934,CARTESIAN_POINT,"'',(55.0941779994163,-11.,-91.)"
27935,CARTESIAN_POINT,"'',(55.0941779994163,4.49999999999996,-91.)"
27936,CARTESIAN_POINT,"'',(55.0941779994163,4.49999999999996,-91.)"
27937,CARTESIAN_POINT,"'',(51.0941779994163,4.49999999999997,-91.)"
27938,CARTESIAN_POINT,"'',(51.0941779994163,8.49999999999998,-91.)"
27939,CARTESIAN_POINT,"'',(33.0941779994163,8.50000000000001,-91.)"
27940,CARTESIAN_POINT,"'',(33.0941779994163,8.50000000000001,-91.)"
27941,CARTESIAN_POINT,"'',(33.0941779994163,4.50000000000001,-91.)"
27942,CARTESIAN_POINT,"'',(29.0941779994163,4.50000000000001,-91.)"
27943,CARTESIAN_POINT,"'',(29.0941779994163,-2.00000000000006,-91.)"
27944,CARTESIAN_POINT,"'',(29.0941779994163,-2.00000000000006,-91.)"
27945,CARTESIAN_POINT,"'',(27.0941779994163,-2.00000000000005,-91.)"
27946,CARTESIAN_POINT,"'',(27.0941779994163,-4.00000000000006,-91.)"
27947,CARTESIAN_POINT,"'',(16.3336125100001,-4.00000000000003,-91.)"
27948,CARTESIAN_POINT,"'',(-57.3336125074858,-30.9999999999999,-91.)"
27949,CARTESIAN_POINT,"'',(-57.3336125074858,-26.9999999999999,-91.)"
27950,CARTESIAN_POINT,"'',(-61.3336125074858,-30.9999999999999,-91.)"
27951,CARTESIAN_POINT,"'',(-61.3336125074858,-47.,-91.)"
27952,CARTESIAN_POINT,"'',(-61.3336125074858,-47.,-91.)"
27953,CARTESIAN_POINT,"'',(-57.3336125074858,-47.,-91.)"
27954,CARTESIAN_POINT,"'',(-57.3336125074858,-51.,-91.)"
27955,CARTESIAN_POINT,"'',(-57.0941779994163,-51.,-91.)"
27956,CARTESIAN_POINT,"'',(-57.0941779994163,-51.,-91.)"
27957,CARTESIAN_POINT,"'',(-57.0941779994163,-53.,-91.)"
27958,CARTESIAN_POINT,"'',(-55.0941779994163,-53.,-91.)"
27959,CARTESIAN_POINT,"'',(-55.0941779994163,-68.5,-91.)"
27960,CARTESIAN_POINT,"'',(-55.0941779994163,-68.5,-91.)"
27961,CARTESIAN_POINT,"'',(-51.0941779994163,-68.5,-91.)"
27962,CARTESIAN_POINT,"'',(-51.0941779994163,-72.5,-91.)"
27963,CARTESIAN_POINT,"'',(-33.0941779994163,-72.5,-91.)"
27964,CARTESIAN_POINT,"'',(-33.0941779994163,-72.5,-91.)"
27965,CARTESIAN_POINT,"'',(-33.0941779994163,-68.5,-91.)"
27966,CARTESIAN_POINT,"'',(-29.0941779994163,-68.5,-91.)"
27967,CARTESIAN_POINT,"'',(-29.0941779994163,-61.9999999999999,-91.)"
27968,CARTESIAN_POINT,"'',(-29.0941779994163,-61.9999999999999,-91.)"
27969,CARTESIAN_POINT,"'',(-27.0941779994163,-61.9999999999999,-91.)"
27970,CARTESIAN_POINT,"'',(-27.0941779994163,-60.,-91.)"
27971,CARTESIAN_POINT,"'',(-16.3336125100001,-60.,-91.)"
27972,CARTESIAN_POINT,"'',(-16.3336125100001,-60.,-91.)"
27973,CARTESIAN_POINT,"'',(-16.3336125100001,-56.,-91.)"
27974,CARTESIAN_POINT,"'',(-12.3336125100001,-56.,-91.)"
27975,CARTESIAN_POINT,"'',(-12.33361251,-25.,-91.)"
27976,CARTESIAN_POINT,"'',(-12.33361251,-25.,-91.)"
27977,CARTESIAN_POINT,"'',(-16.33361251,-25.,-91.)"
27978,CARTESIAN_POINT,"'',(-16.33361251,-21.,-91.)"
27979,CARTESIAN_POINT,"'',(-39.33361251,-21.,-91.)"
27980,CARTESIAN_POINT,"'',(-39.33361251,-21.,-91.)"
27981,CARTESIAN_POINT,"'',(-39.33361251,-25.,-91.)"
27982,CARTESIAN_POINT,"'',(-43.33361251,-24.9999999999999,-91.)"
27983,CARTESIAN_POINT,"'',(-45.33361251,-24.9999999999999,-91.)"
27984,CARTESIAN_POINT,"'',(-45.33361251,-26.9999999999999,-91.)"
27985,CARTESIAN_POINT,"'',(-57.3336125074858,-26.9999999999999,-91.)"
27986,CARTESIAN_POINT,"'',(-16.33361251,39.,-91.)"
27987,CARTESIAN_POINT,"'',(-12.33361251,39.,-91.)"
27988,CARTESIAN_POINT,"'',(-16.33361251,43.,-91.)"
27989,CARTESIAN_POINT,"'',(-39.33361251,43.,-91.)"
27990,CARTESIAN_POINT,"'',(-39.33361251,43.,-91.)"
27991,CARTESIAN_POINT,"'',(-39.33361251,39.,-91.)"
27992,CARTESIAN_POINT,"'',(-43.33361251,39.0000000000001,-91.)"
27993,CARTESIAN_POINT,"'',(-45.33361251,39.0000000000001,-91.)"
27994,CARTESIAN_POINT,"'',(-45.33361251,37.0000000000001,-91.)"
27995,CARTESIAN_POINT,"'',(-57.3336125074858,37.0000000000001,-91.)"
27996,CARTESIAN_POINT,"'',(-57.3336125074858,37.0000000000001,-91.)"
27997,CARTESIAN_POINT,"'',(-57.3336125074858,33.0000000000001,-91.)"
27998,CARTESIAN_POINT,"'',(-61.3336125074858,33.0000000000001,-91.)"
27999,CARTESIAN_POINT,"'',(-61.3336125074858,17.,-91.)"
28000,CARTESIAN_POINT,"'',(-61.3336125074858,17.,-91.)"
28001,CARTESIAN_POINT,"'',(-57.3336125074858,17.,-91.)"
28002,CARTESIAN_POINT,"'',(-57.3336125074858,13.,-91.)"
28003,CARTESIAN_POINT,"'',(-57.0941779994163,13.,-91.)"
28004,CARTESIAN_POINT,"'',(-57.0941779994163,13.,-91.)"
28005,CARTESIAN_POINT,"'',(-57.0941779994163,11.,-91.)"
28006,CARTESIAN_POINT,"'',(-55.0941779994163,11.,-91.)"
28007,CARTESIAN_POINT,"'',(-55.0941779994163,-4.49999999999996,-91.)"
28008,CARTESIAN_POINT,"'',(-55.0941779994163,-4.49999999999996,-91.)"
28009,CARTESIAN_POINT,"'',(-51.0941779994163,-4.49999999999997,-91.)"
28010,CARTESIAN_POINT,"'',(-51.0941779994163,-8.49999999999998,-91.)"
28011,CARTESIAN_POINT,"'',(-33.0941779994163,-8.50000000000001,-91.)"
28012,CARTESIAN_POINT,"'',(-33.0941779994163,-8.50000000000001,-91.)"
28013,CARTESIAN_POINT,"'',(-33.0941779994163,-4.50000000000001,-91.)"
28014,CARTESIAN_POINT,"'',(-29.0941779994163,-4.50000000000001,-91.)"
28015,CARTESIAN_POINT,"'',(-29.0941779994163,2.00000000000006,-91.)"
28016,CARTESIAN_POINT,"'',(-29.0941779994163,2.00000000000006,-91.)"
28017,CARTESIAN_POINT,"'',(-27.0941779994163,2.00000000000005,-91.)"
28018,CARTESIAN_POINT,"'',(-27.0941779994163,4.00000000000006,-91.)"
28019,CARTESIAN_POINT,"'',(-16.3336125100001,4.00000000000003,-91.)"
28020,CARTESIAN_POINT,"'',(-16.3336125100001,4.00000000000003,-91.)"
28021,CARTESIAN_POINT,"'',(-16.3336125100001,8.00000000000004,-91.)"
28022,CARTESIAN_POINT,"'',(-12.3336125100001,8.00000000000003,-91.)"
28023,CARTESIAN_POINT,"'',(-12.33361251,39.,-91.)"
28024,CARTESIAN_POINT,"'',(0.,0.,-91.)"
28025,CARTESIAN_POINT,"'',(-2.75,0.,-91.)"
28026,CARTESIAN_POINT,"'',(-120.,150.,-91.)"
28027,CARTESIAN_POINT,"'',(-102.,150.,-91.)"
28028,CARTESIAN_POINT,"'',(-120.,-150.,-91.)"
28029,CARTESIAN_POINT,"'',(-102.,-150.,-91.)"
28030,CARTESIAN_POINT,"'',(120.,-150.,-91.)"
28031,CARTESIAN_POINT,"'',(138.,-150.,-91.)"
28032,CARTESIAN_POINT,"'',(120.,150.,-91.)"
28033,CARTESIAN_POINT,"'',(138.,150.,-91.)"
28034,CARTESIAN_POINT,"'',(-57.,-116.,-91.)"
28035,CARTESIAN_POINT,"'',(-66.,-116.,-91.)"
28036,CARTESIAN_POINT,"'',(-57.,116.,-91.)"
28037,CARTESIAN_POINT,"'',(-66.,116.,-91.)"
28038,CARTESIAN_POINT,"'',(57.,116.,-91.)"
28039,CARTESIAN_POINT,"'',(48.,116.,-91.)"
28040,CARTESIAN_POINT,"'',(57.,-116.,-91.)"
28041,CARTESIAN_POINT,"'',(48.,-116.,-91.)"
28042,CARTESIAN_POINT,"'',(0.,-176.,-91.)"
28043,CARTESIAN_POINT,"'',(146.,-176.,-91.)"
28044,CARTESIAN_POINT,"'',(-146.,-176.,-91.)"
28045,CARTESIAN_POINT,"'',(-146.,0.,-91.)"
28046,CARTESIAN_POINT,"'',(-146.,176.,-91.)"
28047,CARTESIAN_POINT,"'',(0.,176.,-91.)"
28048,CARTESIAN_POINT,"'',(146.,176.,-91.)"
28049,CARTESIAN_POINT,"'',(146.,0.,-91.)"
28050,CARTESIAN_POINT,"'',(37.,-148.,-91.)"
28051,CARTESIAN_POINT,"'',(15.,-148.,-91.)"
28052,CARTESIAN_POINT,"'',(-37.,-148.,-91.)"
28053,CARTESIAN_POINT,"'',(-59.,-148.,-91.)"
28054,CARTESIAN_POINT,"'',(37.,148.,-91.)"
28055,CARTESIAN_POINT,"'',(15.,148.,-91.)"
28056,CARTESIAN_POINT,"'',(-37.,148.,-91.)"
28057,CARTESIAN_POINT,"'',(-59.,148.,-91.)"
28058,CARTESIAN_POINT,"'',(0.,0.,-91.)"
28059,CARTESIAN_POINT,"'',(64.,-51.,-46.)"
28060,CARTESIAN_POINT,"'',(68.,-51.,-46.)"
28061,CARTESIAN_POINT,"'',(64.,-51.,-46.)"
28062,CARTESIAN_POINT,"'',(59.,-51.,-46.)"
28063,CARTESIAN_POINT,"'',(0.,-30.,-46.)"
28064,CARTESIAN_POINT,"'',(-120.,-150.,-1.)"
28065,CARTESIAN_POINT,"'',(-104.,-150.,-1.)"
28066,CARTESIAN_POINT,"'',(-37.,-148.,-1.)"
28067,CARTESIAN_POINT,"'',(-25.9,-148.,-1.)"
28068,CARTESIAN_POINT,"'',(37.,-148.,-1.)"
28069,CARTESIAN_POINT,"'',(48.1,-148.,-1.)"
28070,CARTESIAN_POINT,"'',(120.,-150.,-1.)"
28071,CARTESIAN_POINT,"'',(136.,-150.,-1.)"
28072,CARTESIAN_POINT,"'',(146.,0.,-1.)"
28073,CARTESIAN_POINT,"'',(146.,-155.,-1.)"
28074,CARTESIAN_POINT,"'',(146.,-83.9951598814844,-1.)"
28075,CARTESIAN_POINT,"'',(0.,-83.9951598814844,-1.)"
28076,CARTESIAN_POINT,"'',(81.,-83.9951598814844,-1.)"
28077,CARTESIAN_POINT,"'',(81.,-107.,-1.)"
28078,CARTESIAN_POINT,"'',(81.,-107.,-1.)"
28079,CARTESIAN_POINT,"'',(68.,-107.,-1.)"
28080,CARTESIAN_POINT,"'',(68.,-120.,-1.)"
28081,CARTESIAN_POINT,"'',(-66.3397459621556,-120.,-1.)"
28082,CARTESIAN_POINT,"'',(-65.7804555427071,-120.,-0.999999999999999)"
28083,CARTESIAN_POINT,"'',(-75.,-114.,-1.)"
28084,CARTESIAN_POINT,"'',(-81.,-104.780455542707,-0.999999999999994)"
28085,CARTESIAN_POINT,"'',(-81.,-98.0045392514842,-1.)"
28086,CARTESIAN_POINT,"'',(-81.,-99.0045392514843,-1.)"
28087,CARTESIAN_POINT,"'',(0.,-99.0045392514843,-1.)"
28088,CARTESIAN_POINT,"'',(-146.,-99.0045392514843,-1.)"
28089,CARTESIAN_POINT,"'',(-146.,0.,-1.)"
28090,CARTESIAN_POINT,"'',(-146.,-155.,-1.)"
28091,CARTESIAN_POINT,"'',(-168.,-133.,-1.)"
28092,CARTESIAN_POINT,"'',(-125.,-176.,-1.)"
28093,CARTESIAN_POINT,"'',(0.,-176.,-1.)"
28094,CARTESIAN_POINT,"'',(125.,-176.,-1.)"
28095,CARTESIAN_POINT,"'',(168.,-133.,-1.)"
28096,CARTESIAN_POINT,"'',(130.375,-170.625,-1.)"
28097,CARTESIAN_POINT,"'',(130.375,-169.75,-1.)"
28098,CARTESIAN_POINT,"'',(130.375,-169.75,-1.)"
28099,CARTESIAN_POINT,"'',(139.75,-169.75,-1.)"
28100,CARTESIAN_POINT,"'',(131.25,-169.75,-1.)"
28101,CARTESIAN_POINT,"'',(168.,-133.,-1.)"
28102,CARTESIAN_POINT,"'',(139.75,-161.25,-1.)"
28103,CARTESIAN_POINT,"'',(139.75,-160.375,-1.)"
28104,CARTESIAN_POINT,"'',(139.75,-160.375,-1.)"
28105,CARTESIAN_POINT,"'',(142.875,-160.375,-1.)"
28106,CARTESIAN_POINT,"'',(140.625,-160.375,-1.)"
28107,CARTESIAN_POINT,"'',(168.,-133.,-1.)"
28108,CARTESIAN_POINT,"'',(0.,0.,-1.)"
28109,CARTESIAN_POINT,"'',(-120.,150.,-1.)"
28110,CARTESIAN_POINT,"'',(-104.,150.,-1.)"
28111,CARTESIAN_POINT,"'',(-37.,148.,-1.)"
28112,CARTESIAN_POINT,"'',(-25.9,148.,-1.)"
28113,CARTESIAN_POINT,"'',(37.,148.,-1.)"
28114,CARTESIAN_POINT,"'',(48.1,148.,-1.)"
28115,CARTESIAN_POINT,"'',(120.,150.,-1.)"
28116,CARTESIAN_POINT,"'',(136.,150.,-1.)"
28117,CARTESIAN_POINT,"'',(81.,98.0045392514842,-1.)"
28118,CARTESIAN_POINT,"'',(81.,107.,-1.)"
28119,CARTESIAN_POINT,"'',(81.,99.0045392514843,-1.)"
28120,CARTESIAN_POINT,"'',(0.,99.0045392514843,-1.)"
28121,CARTESIAN_POINT,"'',(146.,99.0045392514843,-1.)"
28122,CARTESIAN_POINT,"'',(146.,0.,-1.)"
28123,CARTESIAN_POINT,"'',(146.,155.,-1.)"
28124,CARTESIAN_POINT,"'',(168.,133.,-1.)"
28125,CARTESIAN_POINT,"'',(125.,176.,-1.)"
28126,CARTESIAN_POINT,"'',(0.,176.,-1.)"
28127,CARTESIAN_POINT,"'',(-125.,176.,-1.)"
28128,CARTESIAN_POINT,"'',(-168.,133.,-1.)"
28129,CARTESIAN_POINT,"'',(-146.,155.,-1.)"
28130,CARTESIAN_POINT,"'',(-146.,0.,-1.)"
28131,CARTESIAN_POINT,"'',(-146.,83.9951598814844,-1.)"
28132,CARTESIAN_POINT,"'',(0.,83.9951598814844,-1.)"
28133,CARTESIAN_POINT,"'',(-81.,83.9951598814844,-1.)"
28134,CARTESIAN_POINT,"'',(-81.,107.,-1.)"
28135,CARTESIAN_POINT,"'',(-81.,107.,-1.)"
28136,CARTESIAN_POINT,"'',(-68.,107.,-1.)"
28137,CARTESIAN_POINT,"'',(-68.,120.,-1.)"
28138,CARTESIAN_POINT,"'',(68.,120.,-1.)"
28139,CARTESIAN_POINT,"'',(68.,120.,-1.)"
28140,CARTESIAN_POINT,"'',(68.,107.,-1.)"
28141,CARTESIAN_POINT,"'',(0.,0.,-1.)"
28142,CARTESIAN_POINT,"'',(-148.,101.,-15.)"
28143,CARTESIAN_POINT,"'',(-148.,101.,-12.)"
28144,CARTESIAN_POINT,"'',(-148.,-22.,-54.315299172687)"
28145,CARTESIAN_POINT,"'',(-148.,141.720701002331,-54.315299172687)"
28146,CARTESIAN_POINT,"'',(-148.,137.247088926303,-54.315299172687)"
28147,CARTESIAN_POINT,"'',(-148.,144.391082547574,-56.7259313319933)"
28148,CARTESIAN_POINT,"'',(-148.,141.243088926303,-54.981299172687)"
28149,CARTESIAN_POINT,"'',(-148.,140.876453370148,-55.7190427841425)"
28150,CARTESIAN_POINT,"'',(-148.,140.979287629768,-55.4641291068709)"
28151,CARTESIAN_POINT,"'',(-148.,141.102182119748,-55.2173108939393)"
28152,CARTESIAN_POINT,"'',(-148.,141.243626380187,-54.9816217151455)"
28153,CARTESIAN_POINT,"'',(-148.,140.877088926303,-55.719299172687)"
28154,CARTESIAN_POINT,"'',(-148.,-22.,-55.719299172687)"
28155,CARTESIAN_POINT,"'',(-148.,141.556376345577,-55.719299172687)"
28156,CARTESIAN_POINT,"'',(-148.,145.47818024074,-57.5292364057707)"
28157,CARTESIAN_POINT,"'',(-148.,142.227088926303,-54.687299172687)"
28158,CARTESIAN_POINT,"'',(-148.,144.339733061648,-56.4835138125656)"
28159,CARTESIAN_POINT,"'',(-148.,142.995088926303,-54.0607220978047)"
28160,CARTESIAN_POINT,"'',(-148.,142.995088926303,-71.)"
28161,CARTESIAN_POINT,"'',(-148.,142.995088926303,-53.613299172687)"
28162,CARTESIAN_POINT,"'',(-148.,-22.,-53.613299172687)"
28163,CARTESIAN_POINT,"'',(-148.,137.247088926303,-53.613299172687)"
28164,CARTESIAN_POINT,"'',(-148.,137.247088926303,-71.)"
28165,CARTESIAN_POINT,"'',(-148.,142.971088926303,-71.)"
28166,CARTESIAN_POINT,"'',(-148.,142.971088926303,-61.521299172687)"
28167,CARTESIAN_POINT,"'',(-148.,142.971088926303,-62.655299172687)"
28168,CARTESIAN_POINT,"'',(-148.,-2.422373741387,-12.6983464721471)"
28169,CARTESIAN_POINT,"'',(-148.,138.915088926303,-60.1592991726871)"
28170,CARTESIAN_POINT,"'',(-148.,138.069053664284,-59.8834112894476)"
28171,CARTESIAN_POINT,"'',(-148.,138.351599170349,-59.9737265395551)"
28172,CARTESIAN_POINT,"'',(-148.,138.633624674534,-60.0656685821285)"
28173,CARTESIAN_POINT,"'',(-148.,138.915111479163,-60.1592313216104)"
28174,CARTESIAN_POINT,"'',(-148.,138.070358345069,-59.8838283417487)"
28175,CARTESIAN_POINT,"'',(-148.,138.986856046719,-59.5766655148571)"
28176,CARTESIAN_POINT,"'',(-148.,138.684059314046,-59.6879482509146)"
28177,CARTESIAN_POINT,"'',(-148.,138.378052149644,-59.7904953333277)"
28178,CARTESIAN_POINT,"'',(-148.,138.06934340442,-59.8841362393697)"
28179,CARTESIAN_POINT,"'',(-148.,138.987088926303,-59.5772991726869)"
28180,CARTESIAN_POINT,"'',(-148.,-8.4080056160676,-110.410848344678)"
28181,CARTESIAN_POINT,"'',(-148.,142.971088926303,-58.203299172687)"
28182,CARTESIAN_POINT,"'',(-148.,142.971088926303,-71.)"
28183,CARTESIAN_POINT,"'',(-148.,142.971088926303,-57.183299172687)"
28184,CARTESIAN_POINT,"'',(-148.,-22.,-57.183299172687)"
28185,CARTESIAN_POINT,"'',(-148.,137.247088926303,-57.183299172687)"
28186,CARTESIAN_POINT,"'',(-148.,137.247088926303,-71.)"
28187,CARTESIAN_POINT,"'',(-148.,137.247088926303,-57.915299172687)"
28188,CARTESIAN_POINT,"'',(-148.,-22.,-57.915299172687)"
28189,CARTESIAN_POINT,"'',(-148.,142.035088926303,-57.915299172687)"
28190,CARTESIAN_POINT,"'',(-148.,-8.2093047659779,-110.444354110214)"
28191,CARTESIAN_POINT,"'',(-148.,137.247088926303,-59.589299172687)"
28192,CARTESIAN_POINT,"'',(-148.,137.247088926303,-71.)"
28193,CARTESIAN_POINT,"'',(-148.,137.247088926303,-60.267299172687)"
28194,CARTESIAN_POINT,"'',(-148.,-2.2369299354732,-12.8564750275515)"
28195,CARTESIAN_POINT,"'',(-148.,142.119088926303,-61.9232991726871)"
28196,CARTESIAN_POINT,"'',(-148.,-22.,-61.9232991726871)"
28197,CARTESIAN_POINT,"'',(-148.,137.247088926303,-61.9232991726871)"
28198,CARTESIAN_POINT,"'',(-148.,137.247088926303,-71.)"
28199,CARTESIAN_POINT,"'',(-148.,137.247088926303,-62.655299172687)"
28200,CARTESIAN_POINT,"'',(-148.,-22.,-62.655299172687)"
28201,CARTESIAN_POINT,"'',(-148.,-138.539942848609,-50.6613214432244)"
28202,CARTESIAN_POINT,"'',(-148.,-137.720969410388,-49.5730253571377)"
28203,CARTESIAN_POINT,"'',(-148.,-138.327213805379,-49.3122080845414)"
28204,CARTESIAN_POINT,"'',(-148.,-138.362148617733,-50.2628193324151)"
28205,CARTESIAN_POINT,"'',(-148.,-137.420969410388,-50.2750253571377)"
28206,CARTESIAN_POINT,"'',(-148.,-138.419724237973,-50.2896617769611)"
28207,CARTESIAN_POINT,"'',(-148.,-137.606969410388,-50.8690253571377)"
28208,CARTESIAN_POINT,"'',(-148.,-138.8779945627,-49.8717422813981)"
28209,CARTESIAN_POINT,"'',(-148.,-138.314969410388,-51.3910253571377)"
28210,CARTESIAN_POINT,"'',(-148.,-139.514867968151,-47.686723085252)"
28211,CARTESIAN_POINT,"'',(-148.,-139.635462190034,-51.5844237680979)"
28212,CARTESIAN_POINT,"'',(-148.,-140.524948522153,-50.1830328367184)"
28213,CARTESIAN_POINT,"'',(-148.,-139.064969410388,-50.9710253571377)"
28214,CARTESIAN_POINT,"'',(-148.,-140.622636826951,-50.1838940897516)"
28215,CARTESIAN_POINT,"'',(-148.,-138.878969410388,-50.2030253571377)"
28216,CARTESIAN_POINT,"'',(-148.,-140.476680270665,-50.1806060847196)"
28217,CARTESIAN_POINT,"'',(-148.,-139.394969410388,-49.0030253571377)"
28218,CARTESIAN_POINT,"'',(-148.,-140.648098740086,-50.3731988366301)"
28219,CARTESIAN_POINT,"'',(-148.,-140.732969410388,-48.5110253571377)"
28220,CARTESIAN_POINT,"'',(-148.,-140.754784725686,-50.690556152211)"
28221,CARTESIAN_POINT,"'',(-148.,-141.734969410388,-48.7450253571377)"
28222,CARTESIAN_POINT,"'',(-148.,-141.00166948731,-50.2820927060068)"
28223,CARTESIAN_POINT,"'',(-148.,-142.442969410388,-49.3810253571377)"
28224,CARTESIAN_POINT,"'',(-148.,-140.931484895514,-50.274912048428)"
28225,CARTESIAN_POINT,"'',(-148.,-142.688969410388,-50.3050253571377)"
28226,CARTESIAN_POINT,"'',(-148.,-140.884113380075,-50.3549873377025)"
28227,CARTESIAN_POINT,"'',(-148.,-142.040969410388,-51.7390253571377)"
28228,CARTESIAN_POINT,"'',(-148.,-139.910969410388,-52.2910253571377)"
28229,CARTESIAN_POINT,"'',(-148.,-140.900969410388,-52.2910253571377)"
28230,CARTESIAN_POINT,"'',(-148.,-141.614969410388,-52.1050253571377)"
28231,CARTESIAN_POINT,"'',(-148.,-142.040969410388,-51.7390253571377)"
28232,CARTESIAN_POINT,"'',(-148.,-139.910969410388,-52.2910253571377)"
28233,CARTESIAN_POINT,"'',(-148.,-137.498969410388,-51.6790253571377)"
28234,CARTESIAN_POINT,"'',(-148.,-138.002969410388,-52.0870253571377)"
28235,CARTESIAN_POINT,"'',(-148.,-138.806969410388,-52.2910253571377)"
28236,CARTESIAN_POINT,"'',(-148.,-139.910969410388,-52.2910253571377)"
28237,CARTESIAN_POINT,"'',(-148.,-137.498969410388,-51.6790253571377)"
28238,CARTESIAN_POINT,"'',(-148.,-138.630080902492,-50.3016490291243)"
28239,CARTESIAN_POINT,"'',(-148.,-136.848671537724,-50.2303808864218)"
28240,CARTESIAN_POINT,"'',(-148.,-138.476924681143,-50.1594710715202)"
28241,CARTESIAN_POINT,"'',(-148.,-137.219286438635,-49.1228503347566)"
28242,CARTESIAN_POINT,"'',(-148.,-138.417332875787,-50.2483760447847)"
28243,CARTESIAN_POINT,"'',(-148.,-138.27326650917,-48.6108876413097)"
28244,CARTESIAN_POINT,"'',(-148.,-139.042591180663,-58.6121083707248)"
28245,CARTESIAN_POINT,"'',(-148.,22.,-56.0000000000002)"
28246,CARTESIAN_POINT,"'',(-148.,-131.,-56.)"
28247,CARTESIAN_POINT,"'',(-148.,-130.9,-56.)"
28248,CARTESIAN_POINT,"'',(-148.,-123.,-56.)"
28249,CARTESIAN_POINT,"'',(-148.,-123.,-63.9)"
28250,CARTESIAN_POINT,"'',(-148.,-123.,-71.000000000001)"
28251,CARTESIAN_POINT,"'',(-148.,-123.,-64.)"
28252,CARTESIAN_POINT,"'',(-148.,-123.,-56.)"
28253,CARTESIAN_POINT,"'',(-148.,123.,-56.)"
28254,CARTESIAN_POINT,"'',(-148.,123.,-49.)"
28255,CARTESIAN_POINT,"'',(-148.,-22.,-55.9999999999998)"
28256,CARTESIAN_POINT,"'',(-148.,115.,-56.)"
28257,CARTESIAN_POINT,"'',(-148.,115.1,-56.)"
28258,CARTESIAN_POINT,"'',(-148.,123.,-56.)"
28259,CARTESIAN_POINT,"'',(-148.,123.,-63.9)"
28260,CARTESIAN_POINT,"'',(-148.,123.,-71.)"
28261,CARTESIAN_POINT,"'',(-148.,123.,-64.)"
28262,CARTESIAN_POINT,"'',(-148.,123.,-56.)"
28263,CARTESIAN_POINT,"'',(-148.,-123.,-56.)"
28264,CARTESIAN_POINT,"'',(-148.,-123.,-49.)"
28265,CARTESIAN_POINT,"'',(-148.,-136.868969410388,-71.)"
28266,CARTESIAN_POINT,"'',(-148.,-136.868969410388,-61.9690253571377)"
28267,CARTESIAN_POINT,"'',(-148.,-136.868969410388,-63.1030253571377)"
28268,CARTESIAN_POINT,"'',(-148.,8.6264087789674,-110.826201169243)"
28269,CARTESIAN_POINT,"'',(-148.,-140.924969410388,-60.6070253571377)"
28270,CARTESIAN_POINT,"'',(-148.,-141.771004672408,-60.3311374738983)"
28271,CARTESIAN_POINT,"'',(-148.,-141.488459166342,-60.4214527240058)"
28272,CARTESIAN_POINT,"'',(-148.,-141.206433662157,-60.5133947665792)"
28273,CARTESIAN_POINT,"'',(-148.,-140.924946857528,-60.6069575060611)"
28274,CARTESIAN_POINT,"'',(-148.,-141.769699991623,-60.3315545261996)"
28275,CARTESIAN_POINT,"'',(-148.,-140.853202289972,-60.0243916993078)"
28276,CARTESIAN_POINT,"'',(-148.,-141.155999022645,-60.1356744353652)"
28277,CARTESIAN_POINT,"'',(-148.,-141.462006187047,-60.2382215177783)"
28278,CARTESIAN_POINT,"'',(-148.,-141.770714932271,-60.3318624238205)"
28279,CARTESIAN_POINT,"'',(-148.,-140.852969410388,-60.0250253571377)"
28280,CARTESIAN_POINT,"'',(-148.,1.306268710547,-10.997215824467)"
28281,CARTESIAN_POINT,"'',(-148.,-136.868969410388,-58.6510253571377)"
28282,CARTESIAN_POINT,"'',(-148.,-136.868969410388,-71.)"
28283,CARTESIAN_POINT,"'',(-148.,-136.868969410388,-57.6310253571377)"
28284,CARTESIAN_POINT,"'',(-148.,22.,-57.6310253571377)"
28285,CARTESIAN_POINT,"'',(-148.,-142.592969410388,-57.6310253571377)"
28286,CARTESIAN_POINT,"'',(-148.,-142.592969410388,-71.)"
28287,CARTESIAN_POINT,"'',(-148.,-142.592969410388,-58.3630253571377)"
28288,CARTESIAN_POINT,"'',(-148.,22.,-58.3630253571377)"
28289,CARTESIAN_POINT,"'',(-148.,-137.804969410388,-58.3630253571377)"
28290,CARTESIAN_POINT,"'',(-148.,0.656675786844998,-9.9535027881804)"
28291,CARTESIAN_POINT,"'',(-148.,-142.592969410388,-60.0370253571377)"
28292,CARTESIAN_POINT,"'',(-148.,-142.592969410388,-71.)"
28293,CARTESIAN_POINT,"'',(-148.,-142.592969410388,-60.7150253571377)"
28294,CARTESIAN_POINT,"'',(-148.,8.0873289636658,-111.931481454722)"
28295,CARTESIAN_POINT,"'',(-148.,-137.720969410388,-62.3710253571377)"
28296,CARTESIAN_POINT,"'',(-148.,22.,-62.3710253571377)"
28297,CARTESIAN_POINT,"'',(-148.,-142.592969410388,-62.3710253571377)"
28298,CARTESIAN_POINT,"'',(-148.,-142.592969410388,-71.)"
28299,CARTESIAN_POINT,"'',(-148.,-142.592969410388,-63.1030253571377)"
28300,CARTESIAN_POINT,"'',(-148.,22.,-63.1030253571377)"
28301,CARTESIAN_POINT,"'',(-148.,22.,-54.7630253571377)"
28302,CARTESIAN_POINT,"'',(-148.,-138.11935733436,-54.7630253571377)"
28303,CARTESIAN_POINT,"'',(-148.,-142.592969410388,-54.7630253571377)"
28304,CARTESIAN_POINT,"'',(-148.,-135.448975789093,-57.1736575164641)"
28305,CARTESIAN_POINT,"'',(-148.,-138.596969410388,-55.4290253571377)"
28306,CARTESIAN_POINT,"'',(-148.,-138.963604966514,-56.1667689686052)"
28307,CARTESIAN_POINT,"'',(-148.,-138.860770706997,-55.9118552912908)"
28308,CARTESIAN_POINT,"'',(-148.,-138.73787621701,-55.6650370783516)"
28309,CARTESIAN_POINT,"'',(-148.,-138.596431956469,-55.4293478996177)"
28310,CARTESIAN_POINT,"'',(-148.,-138.962969410388,-56.1670253571377)"
28311,CARTESIAN_POINT,"'',(-148.,22.,-56.1670253571377)"
28312,CARTESIAN_POINT,"'',(-148.,-138.283681991115,-56.1670253571377)"
28313,CARTESIAN_POINT,"'',(-148.,-134.36187809595,-57.9769625902226)"
28314,CARTESIAN_POINT,"'',(-148.,-137.612969410388,-55.1350253571377)"
28315,CARTESIAN_POINT,"'',(-148.,-135.500325275043,-56.9312399970164)"
28316,CARTESIAN_POINT,"'',(-148.,-136.844969410388,-54.5084482822554)"
28317,CARTESIAN_POINT,"'',(-148.,-136.844969410388,-71.)"
28318,CARTESIAN_POINT,"'',(-148.,-136.844969410388,-54.0610253571377)"
28319,CARTESIAN_POINT,"'',(-148.,22.,-54.0610253571377)"
28320,CARTESIAN_POINT,"'',(-148.,-142.592969410388,-54.0610253571377)"
28321,CARTESIAN_POINT,"'',(-148.,-142.592969410388,-71.)"
28322,CARTESIAN_POINT,"'',(-148.,141.300115488568,-50.21359525792)"
28323,CARTESIAN_POINT,"'',(-148.,142.119088926303,-49.125299172687)"
28324,CARTESIAN_POINT,"'',(-148.,141.512844531309,-48.8644819001388)"
28325,CARTESIAN_POINT,"'',(-148.,141.477909718958,-49.8150931479645)"
28326,CARTESIAN_POINT,"'',(-148.,142.419088926303,-49.827299172687)"
28327,CARTESIAN_POINT,"'',(-148.,141.420334098718,-49.8419355925104)"
28328,CARTESIAN_POINT,"'',(-148.,142.233088926303,-50.421299172687)"
28329,CARTESIAN_POINT,"'',(-148.,140.962063773991,-49.4240160969473)"
28330,CARTESIAN_POINT,"'',(-148.,141.525088926303,-50.943299172687)"
28331,CARTESIAN_POINT,"'',(-148.,140.325190368757,-47.2389969017723)"
28332,CARTESIAN_POINT,"'',(-148.,140.204596146693,-51.1366975836247)"
28333,CARTESIAN_POINT,"'',(-148.,139.315109814538,-49.7353066522682)"
28334,CARTESIAN_POINT,"'',(-148.,140.775088926303,-50.523299172687)"
28335,CARTESIAN_POINT,"'',(-148.,139.217421517301,-49.7361679072535)"
28336,CARTESIAN_POINT,"'',(-148.,140.961088926303,-49.755299172687)"
28337,CARTESIAN_POINT,"'',(-148.,139.363378066026,-49.732879900269)"
28338,CARTESIAN_POINT,"'',(-148.,140.445088926303,-48.555299172687)"
28339,CARTESIAN_POINT,"'',(-148.,139.191959596543,-49.9254726522587)"
28340,CARTESIAN_POINT,"'',(-148.,139.107088926303,-48.063299172687)"
28341,CARTESIAN_POINT,"'',(-148.,139.085273611005,-50.2428299677603)"
28342,CARTESIAN_POINT,"'',(-148.,138.105088926303,-48.297299172687)"
28343,CARTESIAN_POINT,"'',(-148.,138.838388849383,-49.8343665215555)"
28344,CARTESIAN_POINT,"'',(-148.,137.397088926303,-48.933299172687)"
28345,CARTESIAN_POINT,"'',(-148.,138.908573441177,-49.8271858639772)"
28346,CARTESIAN_POINT,"'',(-148.,137.151088926303,-49.857299172687)"
28347,CARTESIAN_POINT,"'',(-148.,138.955944956588,-49.907261153266)"
28348,CARTESIAN_POINT,"'',(-148.,137.799088926303,-51.291299172687)"
28349,CARTESIAN_POINT,"'',(-148.,139.929088926303,-51.843299172687)"
28350,CARTESIAN_POINT,"'',(-148.,138.939088926303,-51.843299172687)"
28351,CARTESIAN_POINT,"'',(-148.,138.225088926303,-51.657299172687)"
28352,CARTESIAN_POINT,"'',(-148.,137.799088926303,-51.291299172687)"
28353,CARTESIAN_POINT,"'',(-148.,139.929088926303,-51.843299172687)"
28354,CARTESIAN_POINT,"'',(-148.,142.341088926303,-51.231299172687)"
28355,CARTESIAN_POINT,"'',(-148.,141.837088926303,-51.639299172687)"
28356,CARTESIAN_POINT,"'',(-148.,141.033088926303,-51.843299172687)"
28357,CARTESIAN_POINT,"'',(-148.,139.929088926303,-51.843299172687)"
28358,CARTESIAN_POINT,"'',(-148.,142.341088926303,-51.231299172687)"
28359,CARTESIAN_POINT,"'',(-148.,141.209977434199,-49.8539228446737)"
28360,CARTESIAN_POINT,"'',(-148.,142.991386798971,-49.7826547020643)"
28361,CARTESIAN_POINT,"'',(-148.,141.363133655554,-49.7117448870896)"
28362,CARTESIAN_POINT,"'',(-148.,142.620771898052,-48.6751241503122)"
28363,CARTESIAN_POINT,"'',(-148.,141.42272546086,-49.8006498603633)"
28364,CARTESIAN_POINT,"'',(-148.,141.566791827521,-48.1631614568473)"
28365,CARTESIAN_POINT,"'',(-148.,138.858287751706,-83.373714442439)"
28366,CARTESIAN_POINT,"'',(-148.,0.,-24.0000000000175)"
28367,CARTESIAN_POINT,"'',(-148.,67.5012102421482,-24.0000000000175)"
28368,CARTESIAN_POINT,"'',(-148.,83.9951598814844,-24.0000000000175)"
28369,CARTESIAN_POINT,"'',(-148.,83.9951598814844,-101.)"
28370,CARTESIAN_POINT,"'',(-148.,83.9951598814844,-3.)"
28371,CARTESIAN_POINT,"'',(-148.,0.,-3.)"
28372,CARTESIAN_POINT,"'',(-148.,153.,-3.)"
28373,CARTESIAN_POINT,"'',(-148.,153.,3.99999999999999)"
28374,CARTESIAN_POINT,"'',(-148.,153.,-6.00000000000001)"
28375,CARTESIAN_POINT,"'',(-148.,178.,-6.00000000000001)"
28376,CARTESIAN_POINT,"'',(-148.,176.,-6.00000000000001)"
28377,CARTESIAN_POINT,"'',(-148.,176.,-101.)"
28378,CARTESIAN_POINT,"'',(-148.,176.,-89.)"
28379,CARTESIAN_POINT,"'',(-148.,0.,-89.)"
28380,CARTESIAN_POINT,"'',(-148.,-176.,-89.)"
28381,CARTESIAN_POINT,"'',(-148.,-176.,-101.)"
28382,CARTESIAN_POINT,"'',(-148.,-176.,-6.00000000000001)"
28383,CARTESIAN_POINT,"'',(-148.,-178.,-6.00000000000001)"
28384,CARTESIAN_POINT,"'',(-148.,-153.,-6.00000000000001)"
28385,CARTESIAN_POINT,"'',(-148.,-153.,3.99999999999999)"
28386,CARTESIAN_POINT,"'',(-148.,-153.,-2.99999999999996)"
28387,CARTESIAN_POINT,"'',(-148.,0.,-3.)"
28388,CARTESIAN_POINT,"'',(-148.,-99.0045392514842,-3.)"
28389,CARTESIAN_POINT,"'',(-148.,-99.0045392514842,-101.)"
28390,CARTESIAN_POINT,"'',(-148.,-99.0045392514842,-24.0000000000175)"
28391,CARTESIAN_POINT,"'',(-148.,0.,-24.0000000000175)"
28392,CARTESIAN_POINT,"'',(-148.,-82.5045403081856,-24.0000000000175)"
28393,CARTESIAN_POINT,"'',(-148.,-82.5045406291566,-30.9999999541645)"
28394,CARTESIAN_POINT,"'',(-148.,-82.5045406750096,-32.0000000000175)"
28395,CARTESIAN_POINT,"'',(-148.,0.,-32.0000000000175)"
28396,CARTESIAN_POINT,"'',(-148.,67.5024203039855,-32.0000000000175)"
28397,CARTESIAN_POINT,"'',(-148.,67.5010589615397,-22.9998487422896)"
28398,CARTESIAN_POINT,"'',(-148.,0.,-101.)"
28399,CARTESIAN_POINT,"'',(148.,21.,-62.0000499947885)"
28400,CARTESIAN_POINT,"'',(148.,21.,-78.0000499947885)"
28401,CARTESIAN_POINT,"'',(148.,-51.,-62.0000499947885)"
28402,CARTESIAN_POINT,"'',(148.,-51.,-78.0000499947885)"
28403,CARTESIAN_POINT,"'',(148.,0.,-24.0000000000175)"
28404,CARTESIAN_POINT,"'',(148.,-67.5012102421482,-24.0000000000175)"
28405,CARTESIAN_POINT,"'',(148.,-83.9951598814844,-24.0000000000175)"
28406,CARTESIAN_POINT,"'',(148.,-83.9951598814844,-101.)"
28407,CARTESIAN_POINT,"'',(148.,-83.9951598814844,-3.)"
28408,CARTESIAN_POINT,"'',(148.,0.,-3.)"
28409,CARTESIAN_POINT,"'',(148.,-153.,-3.)"
28410,CARTESIAN_POINT,"'',(148.,-153.,3.99999999999999)"
28411,CARTESIAN_POINT,"'',(148.,-153.,-6.00000000000001)"
28412,CARTESIAN_POINT,"'',(148.,-178.,-6.00000000000001)"
28413,CARTESIAN_POINT,"'',(148.,-176.,-6.00000000000001)"
28414,CARTESIAN_POINT,"'',(148.,-176.,-101.)"
28415,CARTESIAN_POINT,"'',(148.,-176.,-89.)"
28416,CARTESIAN_POINT,"'',(148.,0.,-89.)"
28417,CARTESIAN_POINT,"'',(148.,176.,-89.)"
28418,CARTESIAN_POINT,"'',(148.,176.,-101.)"
28419,CARTESIAN_POINT,"'',(148.,176.,-6.00000000000001)"
28420,CARTESIAN_POINT,"'',(148.,178.,-6.00000000000001)"
28421,CARTESIAN_POINT,"'',(148.,153.,-6.00000000000001)"
28422,CARTESIAN_POINT,"'',(148.,153.,3.99999999999999)"
28423,CARTESIAN_POINT,"'',(148.,153.,-3.)"
28424,CARTESIAN_POINT,"'',(148.,0.,-3.)"
28425,CARTESIAN_POINT,"'',(148.,99.0045392514842,-3.)"
28426,CARTESIAN_POINT,"'',(148.,99.0045392514842,-101.)"
28427,CARTESIAN_POINT,"'',(148.,99.0045392514842,-24.0000000000175)"
28428,CARTESIAN_POINT,"'',(148.,0.,-24.0000000000175)"
28429,CARTESIAN_POINT,"'',(148.,82.5045403081856,-24.0000000000175)"
28430,CARTESIAN_POINT,"'',(148.,82.5045406291566,-30.9999999541645)"
28431,CARTESIAN_POINT,"'',(148.,82.5045406750096,-32.0000000000175)"
28432,CARTESIAN_POINT,"'',(148.,0.,-32.0000000000175)"
28433,CARTESIAN_POINT,"'',(148.,-67.5024203039855,-32.0000000000175)"
28434,CARTESIAN_POINT,"'',(148.,-67.5010589615397,-22.9998487422896)"
28435,CARTESIAN_POINT,"'',(148.,0.,-101.)"
28436,CARTESIAN_POINT,"'',(148.,99.0045392514843,-2.99999999999997)"
28437,CARTESIAN_POINT,"'',(206.333333333333,94.666666666667,-61.3333333333333)"
28438,CARTESIAN_POINT,"'',(148.,0.,-3.)"
28439,CARTESIAN_POINT,"'',(146.,-83.9951598814844,-0.999999999999997)"
28440,CARTESIAN_POINT,"'',(206.333333333333,-94.666666666667,-61.3333333333333)"
28441,CARTESIAN_POINT,"'',(148.,0.,-3.)"
28442,CARTESIAN_POINT,"'',(-148.,-99.0045392514843,-3.)"
28443,CARTESIAN_POINT,"'',(-206.333333333333,-94.666666666667,-61.3333333333333)"
28444,CARTESIAN_POINT,"'',(-148.,0.,-3.)"
28445,CARTESIAN_POINT,"'',(-146.,83.9951598814844,-0.999999999999997)"
28446,CARTESIAN_POINT,"'',(-206.333333333333,94.666666666667,-61.3333333333333)"
28447,CARTESIAN_POINT,"'',(-148.,0.,-3.)"
28448,CARTESIAN_POINT,"'',(64.,-51.,-68.0000499947886)"
28449,CARTESIAN_POINT,"'',(60.,-51.,-68.0000499947886)"
28450,CARTESIAN_POINT,"'',(64.,-51.,-62.0000499947885)"
28451,CARTESIAN_POINT,"'',(64.,-47.,-62.0000499947885)"
28452,CARTESIAN_POINT,"'',(64.,-55.,-62.0000499947885)"
28453,CARTESIAN_POINT,"'',(64.,-51.,-62.0000499947885)"
28454,CARTESIAN_POINT,"'',(64.,-51.,-95.0000499947885)"
28455,CARTESIAN_POINT,"'',(0.,178.,-3.)"
28456,CARTESIAN_POINT,"'',(-123.,178.,-3.00000000000002)"
28457,CARTESIAN_POINT,"'',(123.,178.,-3.)"
28458,CARTESIAN_POINT,"'',(123.,178.,3.99999999999999)"
28459,CARTESIAN_POINT,"'',(123.,178.,-6.00000000000001)"
28460,CARTESIAN_POINT,"'',(148.,178.,-6.00000000000001)"
28461,CARTESIAN_POINT,"'',(146.,178.,-6.00000000000001)"
28462,CARTESIAN_POINT,"'',(146.,178.,-101.)"
28463,CARTESIAN_POINT,"'',(146.,178.,-89.)"
28464,CARTESIAN_POINT,"'',(0.,178.,-89.)"
28465,CARTESIAN_POINT,"'',(-146.,178.,-89.)"
28466,CARTESIAN_POINT,"'',(-146.,178.,-101.)"
28467,CARTESIAN_POINT,"'',(-146.,178.,-6.00000000000001)"
28468,CARTESIAN_POINT,"'',(-148.,178.,-6.00000000000001)"
28469,CARTESIAN_POINT,"'',(-123.,178.,-6.00000000000001)"
28470,CARTESIAN_POINT,"'',(-123.,178.,3.99999999999999)"
28471,CARTESIAN_POINT,"'',(0.,178.,-67.220172124831)"
28472,CARTESIAN_POINT,"'',(0.564636226989382,178.,-67.220172124831)"
28473,CARTESIAN_POINT,"'',(-3.22772895508405,178.,-67.220172124831)"
28474,CARTESIAN_POINT,"'',(-0.703364209061129,178.,-67.1855973456481)"
28475,CARTESIAN_POINT,"'',(0.480271044915948,178.,-66.728172124831)"
28476,CARTESIAN_POINT,"'',(-1.9847334849171,178.,-67.7121008155608)"
28477,CARTESIAN_POINT,"'',(0.0182710449159469,178.,-65.966172124831)"
28478,CARTESIAN_POINT,"'',(-6.00648166285557,178.,-71.5161000716178)"
28479,CARTESIAN_POINT,"'',(-0.905728955084053,178.,-65.102172124831)"
28480,CARTESIAN_POINT,"'',(4.38050563749409,178.,-58.2248231347378)"
28481,CARTESIAN_POINT,"'',(-2.17172895508405,178.,-63.8901721248311)"
28482,CARTESIAN_POINT,"'',(-1.04892251883794,178.,-62.9499931247266)"
28483,CARTESIAN_POINT,"'',(-2.49146006855735,178.,-63.1761086274085)"
28484,CARTESIAN_POINT,"'',(-1.56183622120381,178.,-63.0303915446259)"
28485,CARTESIAN_POINT,"'',(-2.15223908452122,178.,-62.2976853110121)"
28486,CARTESIAN_POINT,"'',(-1.46609791620503,178.,-63.1492054210934)"
28487,CARTESIAN_POINT,"'',(-1.41572895508405,178.,-62.054172124831)"
28488,CARTESIAN_POINT,"'',(-1.35607980251095,178.,-63.1563581836669)"
28489,CARTESIAN_POINT,"'',(-0.599728955084053,178.,-62.3601721248311)"
28490,CARTESIAN_POINT,"'',(-1.42389496080748,178.,-63.1357288474086)"
28491,CARTESIAN_POINT,"'',(-0.287728955084053,178.,-63.2001721248311)"
28492,CARTESIAN_POINT,"'',(-2.06223770006714,178.,-63.3776229993294)"
28493,CARTESIAN_POINT,"'',(0.425917566577228,178.,-63.128807472665)"
28494,CARTESIAN_POINT,"'',(-1.33961065512357,178.,-63.1738064338232)"
28495,CARTESIAN_POINT,"'',(-0.125728955084053,178.,-61.898172124831)"
28496,CARTESIAN_POINT,"'',(-1.32599772486507,178.,-63.4119648189982)"
28497,CARTESIAN_POINT,"'',(-1.43372895508405,178.,-61.4721721248311)"
28498,CARTESIAN_POINT,"'',(-1.54566522909077,178.,-63.2998980299722)"
28499,CARTESIAN_POINT,"'',(-2.50652105864057,178.,-61.748465828033)"
28500,CARTESIAN_POINT,"'',(-1.71169781876008,178.,-63.0318158700242)"
28501,CARTESIAN_POINT,"'',(-3.21607608692977,178.,-62.9070066588702)"
28502,CARTESIAN_POINT,"'',(-1.47291347450114,178.,-63.0516263699985)"
28503,CARTESIAN_POINT,"'',(-3.08372895508405,178.,-63.7341721248311)"
28504,CARTESIAN_POINT,"'',(-0.68220648059251,178.,-62.6113418769068)"
28505,CARTESIAN_POINT,"'',(-2.60972895508405,178.,-64.436172124831)"
28506,CARTESIAN_POINT,"'',(-1.52821459029369,178.,-65.4423096803353)"
28507,CARTESIAN_POINT,"'',(-1.91056466810952,178.,-65.1314185387453)"
28508,CARTESIAN_POINT,"'',(-2.27283113337066,178.,-64.7958311305064)"
28509,CARTESIAN_POINT,"'',(-2.61200677390048,178.,-64.4383332021261)"
28510,CARTESIAN_POINT,"'',(-1.52972895508405,178.,-65.4441721248311)"
28511,CARTESIAN_POINT,"'',(-0.71214989795629,178.,-66.1625143418367)"
28512,CARTESIAN_POINT,"'',(-0.974892165910394,178.,-65.9122493479372)"
28513,CARTESIAN_POINT,"'',(-1.24805091666683,178.,-65.6729205835779)"
28514,CARTESIAN_POINT,"'',(-1.53068175585859,178.,-65.4453554823894)"
28515,CARTESIAN_POINT,"'',(-0.713728955084053,178.,-66.1641721248311)"
28516,CARTESIAN_POINT,"'',(-2.1710800721445,178.,-67.6293380437421)"
28517,CARTESIAN_POINT,"'',(-0.413728955084053,178.,-66.542172124831)"
28518,CARTESIAN_POINT,"'',(0.,178.,-66.542172124831)"
28519,CARTESIAN_POINT,"'',(-3.22772895508405,178.,-66.542172124831)"
28520,CARTESIAN_POINT,"'',(-3.22772895508405,178.,-84.)"
28521,CARTESIAN_POINT,"'',(0.,178.,-61.496172124831)"
28522,CARTESIAN_POINT,"'',(5.73027104491595,178.,-61.496172124831)"
28523,CARTESIAN_POINT,"'',(6.86427104491595,178.,-61.496172124831)"
28524,CARTESIAN_POINT,"'',(-1.64140186247709,178.,-83.448819197068)"
28525,CARTESIAN_POINT,"'',(4.36827104491598,178.,-65.5521721248311)"
28526,CARTESIAN_POINT,"'',(4.09238316167654,178.,-66.3982073868506)"
28527,CARTESIAN_POINT,"'',(4.18269841178403,178.,-66.1156618807854)"
28528,CARTESIAN_POINT,"'',(4.27464045435738,178.,-65.8336363765997)"
28529,CARTESIAN_POINT,"'',(4.36820319383931,178.,-65.5521495719707)"
28530,CARTESIAN_POINT,"'',(4.09280021397782,178.,-66.3969027060659)"
28531,CARTESIAN_POINT,"'',(3.78563738708601,178.,-65.4804050044147)"
28532,CARTESIAN_POINT,"'',(3.89692012314353,178.,-65.7832017370878)"
28533,CARTESIAN_POINT,"'',(3.99946720555663,178.,-66.0892089014903)"
28534,CARTESIAN_POINT,"'',(4.09310811159867,178.,-66.3979176467139)"
28535,CARTESIAN_POINT,"'',(3.78627104491595,178.,-65.4801721248311)"
28536,CARTESIAN_POINT,"'',(9.09196493675916,178.,-80.8643675142804)"
28537,CARTESIAN_POINT,"'',(2.41227104491595,178.,-61.496172124831)"
28538,CARTESIAN_POINT,"'',(0.,178.,-61.496172124831)"
28539,CARTESIAN_POINT,"'',(1.39227104491595,178.,-61.496172124831)"
28540,CARTESIAN_POINT,"'',(1.39227104491595,178.,-84.)"
28541,CARTESIAN_POINT,"'',(1.39227104491595,178.,-67.220172124831)"
28542,CARTESIAN_POINT,"'',(0.,178.,-67.220172124831)"
28543,CARTESIAN_POINT,"'',(2.12427104491595,178.,-67.220172124831)"
28544,CARTESIAN_POINT,"'',(2.12427104491595,178.,-84.)"
28545,CARTESIAN_POINT,"'',(2.12427104491595,178.,-62.4321721248311)"
28546,CARTESIAN_POINT,"'',(8.61217616056928,178.,-80.9889760040115)"
28547,CARTESIAN_POINT,"'',(3.79827104491595,178.,-67.220172124831)"
28548,CARTESIAN_POINT,"'',(0.,178.,-67.220172124831)"
28549,CARTESIAN_POINT,"'',(4.47627104491595,178.,-67.220172124831)"
28550,CARTESIAN_POINT,"'',(-1.10011737127585,178.,-83.626068479714)"
28551,CARTESIAN_POINT,"'',(6.13227104491595,178.,-62.3481721248311)"
28552,CARTESIAN_POINT,"'',(6.13227104491595,178.,-84.)"
28553,CARTESIAN_POINT,"'',(6.13227104491595,178.,-67.220172124831)"
28554,CARTESIAN_POINT,"'',(0.,178.,-67.220172124831)"
28555,CARTESIAN_POINT,"'',(6.86427104491595,178.,-67.220172124831)"
28556,CARTESIAN_POINT,"'',(6.86427104491595,178.,-84.)"
28557,CARTESIAN_POINT,"'',(-62.6447122360213,178.,-39.3403229137566)"
28558,CARTESIAN_POINT,"'',(-63.733008321254,178.,-38.521349476022)"
28559,CARTESIAN_POINT,"'',(-63.9938252317995,178.,-39.127594329057)"
28560,CARTESIAN_POINT,"'',(-63.0432143459784,178.,-39.1625286833623)"
28561,CARTESIAN_POINT,"'',(-63.031008321254,178.,-38.221349476022)"
28562,CARTESIAN_POINT,"'',(-63.0163719014306,178.,-39.220104303607)"
28563,CARTESIAN_POINT,"'',(-62.437008321254,178.,-38.407349476022)"
28564,CARTESIAN_POINT,"'',(-63.4342913969934,178.,-39.6783746283337)"
28565,CARTESIAN_POINT,"'',(-61.915008321254,178.,-39.115349476022)"
28566,CARTESIAN_POINT,"'',(-65.6193105921682,178.,-40.3152480335683)"
28567,CARTESIAN_POINT,"'',(-61.7216099103162,178.,-40.4358422556325)"
28568,CARTESIAN_POINT,"'',(-63.1230008416729,178.,-41.3253285877872)"
28569,CARTESIAN_POINT,"'',(-62.335008321254,178.,-39.865349476022)"
28570,CARTESIAN_POINT,"'',(-63.1221395866875,178.,-41.4230168850242)"
28571,CARTESIAN_POINT,"'',(-63.103008321254,178.,-39.679349476022)"
28572,CARTESIAN_POINT,"'',(-63.125427593672,178.,-41.2770603362994)"
28573,CARTESIAN_POINT,"'',(-64.303008321254,178.,-40.195349476022)"
28574,CARTESIAN_POINT,"'',(-62.9328348416824,178.,-41.4484788057824)"
28575,CARTESIAN_POINT,"'',(-64.795008321254,178.,-41.533349476022)"
28576,CARTESIAN_POINT,"'',(-62.6154775261805,178.,-41.5551647913201)"
28577,CARTESIAN_POINT,"'',(-64.561008321254,178.,-42.535349476022)"
28578,CARTESIAN_POINT,"'',(-63.0239409723853,178.,-41.802049552942)"
28579,CARTESIAN_POINT,"'',(-63.925008321254,178.,-43.243349476022)"
28580,CARTESIAN_POINT,"'',(-63.0311216299638,178.,-41.7318649611475)"
28581,CARTESIAN_POINT,"'',(-63.001008321254,178.,-43.489349476022)"
28582,CARTESIAN_POINT,"'',(-62.951046340675,178.,-41.6844934457366)"
28583,CARTESIAN_POINT,"'',(-61.567008321254,178.,-42.841349476022)"
28584,CARTESIAN_POINT,"'',(-61.015008321254,178.,-40.711349476022)"
28585,CARTESIAN_POINT,"'',(-61.015008321254,178.,-41.701349476022)"
28586,CARTESIAN_POINT,"'',(-61.201008321254,178.,-42.415349476022)"
28587,CARTESIAN_POINT,"'',(-61.567008321254,178.,-42.841349476022)"
28588,CARTESIAN_POINT,"'',(-61.015008321254,178.,-40.711349476022)"
28589,CARTESIAN_POINT,"'',(-61.627008321254,178.,-38.299349476022)"
28590,CARTESIAN_POINT,"'',(-61.219008321254,178.,-38.803349476022)"
28591,CARTESIAN_POINT,"'',(-61.015008321254,178.,-39.607349476022)"
28592,CARTESIAN_POINT,"'',(-61.015008321254,178.,-40.711349476022)"
28593,CARTESIAN_POINT,"'',(-61.627008321254,178.,-38.299349476022)"
28594,CARTESIAN_POINT,"'',(-63.0043846493227,178.,-39.4304609682217)"
28595,CARTESIAN_POINT,"'',(-63.0756527921127,178.,-37.6490516033513)"
28596,CARTESIAN_POINT,"'',(-63.1465626068714,178.,-39.2773047467772)"
28597,CARTESIAN_POINT,"'',(-64.1831833436356,178.,-38.019666504269)"
28598,CARTESIAN_POINT,"'',(-63.0576576336069,178.,-39.2177129414207)"
28599,CARTESIAN_POINT,"'',(-64.695146037082,178.,-39.0736465748044)"
28600,CARTESIAN_POINT,"'',(-8.56854442064395,178.,-43.391077468377)"
28601,CARTESIAN_POINT,"'',(57.256755659456,178.,-101.)"
28602,CARTESIAN_POINT,"'',(57.256755659456,178.,-38.5532077510933)"
28603,CARTESIAN_POINT,"'',(57.256755659456,178.,-43.0268198271212)"
28604,CARTESIAN_POINT,"'',(59.6673878187618,178.,-35.8828262058507)"
28605,CARTESIAN_POINT,"'',(57.922755659456,178.,-39.0308198271211)"
28606,CARTESIAN_POINT,"'',(58.6604992709289,178.,-39.3974553832343)"
28607,CARTESIAN_POINT,"'',(58.4055855936027,178.,-39.2946211237462)"
28608,CARTESIAN_POINT,"'',(58.1587673806615,178.,-39.1717266337574)"
28609,CARTESIAN_POINT,"'',(57.9230782019442,178.,-39.0302823731882)"
28610,CARTESIAN_POINT,"'',(58.660755659456,178.,-39.3968198271211)"
28611,CARTESIAN_POINT,"'',(58.660755659456,178.,-101.)"
28612,CARTESIAN_POINT,"'',(58.660755659456,178.,-38.7175324079007)"
28613,CARTESIAN_POINT,"'',(60.4706928952575,178.,-34.7957285087251)"
28614,CARTESIAN_POINT,"'',(57.628755659456,178.,-38.0468198271211)"
28615,CARTESIAN_POINT,"'',(59.4249702993538,178.,-35.9341756917641)"
28616,CARTESIAN_POINT,"'',(57.0021785845737,178.,-37.2788198271211)"
28617,CARTESIAN_POINT,"'',(13.,178.,-37.2788198271211)"
28618,CARTESIAN_POINT,"'',(56.554755659456,178.,-37.2788198271212)"
28619,CARTESIAN_POINT,"'',(56.554755659456,178.,-101.)"
28620,CARTESIAN_POINT,"'',(56.554755659456,178.,-43.0268198271212)"
28621,CARTESIAN_POINT,"'',(13.,178.,-43.0268198271212)"
28622,CARTESIAN_POINT,"'',(13.,178.,-37.3028198271211)"
28623,CARTESIAN_POINT,"'',(64.462755659456,178.,-37.3028198271211)"
28624,CARTESIAN_POINT,"'',(65.596755659456,178.,-37.3028198271211)"
28625,CARTESIAN_POINT,"'',(40.025859211506,178.,-110.075251539958)"
28626,CARTESIAN_POINT,"'',(63.1007556594559,178.,-41.3588198271212)"
28627,CARTESIAN_POINT,"'',(62.8248677762166,178.,-42.2048550891406)"
28628,CARTESIAN_POINT,"'',(62.9151830263241,178.,-41.9223095830754)"
28629,CARTESIAN_POINT,"'',(63.0071250688974,178.,-41.6402840788898)"
28630,CARTESIAN_POINT,"'',(63.1006878083794,178.,-41.3587972742608)"
28631,CARTESIAN_POINT,"'',(62.8252848285178,178.,-42.2035504083556)"
28632,CARTESIAN_POINT,"'',(62.5181220016261,178.,-41.2870527067048)"
28633,CARTESIAN_POINT,"'',(62.6294047376836,178.,-41.5898494393778)"
28634,CARTESIAN_POINT,"'',(62.7319518200967,178.,-41.8958566037804)"
28635,CARTESIAN_POINT,"'',(62.8255927261387,178.,-42.204565349004)"
28636,CARTESIAN_POINT,"'',(62.518755659456,178.,-41.2868198271211)"
28637,CARTESIAN_POINT,"'',(75.6597409470581,178.,-79.3899387396439)"
28638,CARTESIAN_POINT,"'',(61.144755659456,178.,-37.3028198271211)"
28639,CARTESIAN_POINT,"'',(13.,178.,-37.3028198271211)"
28640,CARTESIAN_POINT,"'',(60.124755659456,178.,-37.3028198271211)"
28641,CARTESIAN_POINT,"'',(60.124755659456,178.,-101.)"
28642,CARTESIAN_POINT,"'',(60.124755659456,178.,-43.0268198271212)"
28643,CARTESIAN_POINT,"'',(13.,178.,-43.0268198271212)"
28644,CARTESIAN_POINT,"'',(60.856755659456,178.,-43.0268198271212)"
28645,CARTESIAN_POINT,"'',(60.856755659456,178.,-101.)"
28646,CARTESIAN_POINT,"'',(60.856755659456,178.,-38.2388198271211)"
28647,CARTESIAN_POINT,"'',(75.1968223481789,178.,-79.254494442178)"
28648,CARTESIAN_POINT,"'',(62.530755659456,178.,-43.0268198271212)"
28649,CARTESIAN_POINT,"'',(13.,178.,-43.0268198271212)"
28650,CARTESIAN_POINT,"'',(63.208755659456,178.,-43.0268198271212)"
28651,CARTESIAN_POINT,"'',(40.3444045527301,178.,-110.294403517923)"
28652,CARTESIAN_POINT,"'',(64.864755659456,178.,-38.1548198271212)"
28653,CARTESIAN_POINT,"'',(64.864755659456,178.,-101.)"
28654,CARTESIAN_POINT,"'',(64.864755659456,178.,-43.0268198271212)"
28655,CARTESIAN_POINT,"'',(13.,178.,-43.0268198271212)"
28656,CARTESIAN_POINT,"'',(65.596755659456,178.,-43.0268198271212)"
28657,CARTESIAN_POINT,"'',(65.596755659456,178.,-101.)"
28658,CARTESIAN_POINT,"'',(-124.075767268717,178.,-24.2787358792777)"
28659,CARTESIAN_POINT,"'',(-122.732415719518,178.,-22.7431160258415)"
28660,CARTESIAN_POINT,"'',(-122.114415719518,178.,-23.6971160258415)"
28661,CARTESIAN_POINT,"'',(-123.710966098462,178.,-24.0192975737859)"
28662,CARTESIAN_POINT,"'',(-123.770415719518,178.,-22.4071160258415)"
28663,CARTESIAN_POINT,"'',(-123.81632492712,178.,-24.0921911037856)"
28664,CARTESIAN_POINT,"'',(-124.343559886051,178.,-22.492803294731)"
28665,CARTESIAN_POINT,"'',(-123.86394333669,178.,-23.9477388013307)"
28666,CARTESIAN_POINT,"'',(-125.193649041413,178.,-23.1869812173282)"
28667,CARTESIAN_POINT,"'',(-122.564760284748,178.,-24.6910336193208)"
28668,CARTESIAN_POINT,"'',(-125.510415719518,178.,-23.9791160258415)"
28669,CARTESIAN_POINT,"'',(-119.707971893313,178.,-25.1733681236934)"
28670,CARTESIAN_POINT,"'',(-125.636415719518,178.,-25.3291160258415)"
28671,CARTESIAN_POINT,"'',(-120.21436732993,178.,-25.5127898622858)"
28672,CARTESIAN_POINT,"'',(-125.432415719518,178.,-26.9611160258415)"
28673,CARTESIAN_POINT,"'',(-123.50510304437,178.,-26.3936382862357)"
28674,CARTESIAN_POINT,"'',(-124.809365058093,178.,-27.9179027374538)"
28675,CARTESIAN_POINT,"'',(-123.83818150643,178.,-26.659875082623)"
28676,CARTESIAN_POINT,"'',(-123.762147222944,178.,-28.2473415733194)"
28677,CARTESIAN_POINT,"'',(-123.697117929883,178.,-26.6633409966768)"
28678,CARTESIAN_POINT,"'',(-122.468415719518,178.,-27.6631160258415)"
28679,CARTESIAN_POINT,"'',(-121.904415719518,178.,-25.3291160258415)"
28680,CARTESIAN_POINT,"'',(-121.904415719518,178.,-26.4091160258415)"
28681,CARTESIAN_POINT,"'',(-122.090415719518,178.,-27.1831160258415)"
28682,CARTESIAN_POINT,"'',(-122.468415719518,178.,-27.6631160258415)"
28683,CARTESIAN_POINT,"'',(-121.904415719518,178.,-25.3291160258415)"
28684,CARTESIAN_POINT,"'',(-127.292065103969,178.,-25.163589075278)"
28685,CARTESIAN_POINT,"'',(0.,178.,-44.0000000000001)"
28686,CARTESIAN_POINT,"'',(0.,178.,-33.5000000000001)"
28687,CARTESIAN_POINT,"'',(0.,178.,-44.0000000000001)"
28688,CARTESIAN_POINT,"'',(12.,178.,-44.0000000000001)"
28689,CARTESIAN_POINT,"'',(-3.19744231092045E-14,178.,-32.0000000000001)"
28690,CARTESIAN_POINT,"'',(5.80660577732821E-14,178.,-44.0000000000001)"
28691,CARTESIAN_POINT,"'',(11.9,178.,-44.0000000000001)"
28692,CARTESIAN_POINT,"'',(0.,178.,-44.0000000000001)"
28693,CARTESIAN_POINT,"'',(0.,178.,-32.1000000000001)"
28694,CARTESIAN_POINT,"'',(1.31143407331251E-13,178.,-94.)"
28695,CARTESIAN_POINT,"'',(-78.,178.,-41.)"
28696,CARTESIAN_POINT,"'',(-78.,178.,-34.)"
28697,CARTESIAN_POINT,"'',(-78.,178.,-41.)"
28698,CARTESIAN_POINT,"'',(-70.,178.,-41.)"
28699,CARTESIAN_POINT,"'',(-78.,178.,-33.)"
28700,CARTESIAN_POINT,"'',(-7.99999999999995,178.,-41.0000000000001)"
28701,CARTESIAN_POINT,"'',(-70.1,178.,-41.)"
28702,CARTESIAN_POINT,"'',(-78.,178.,-41.)"
28703,CARTESIAN_POINT,"'',(-78.,178.,-33.1)"
28704,CARTESIAN_POINT,"'',(-77.9999999999998,178.,-101.)"
28705,CARTESIAN_POINT,"'',(78.,178.,-41.)"
28706,CARTESIAN_POINT,"'',(78.,178.,-34.)"
28707,CARTESIAN_POINT,"'',(78.,178.,-41.)"
28708,CARTESIAN_POINT,"'',(86.,178.,-41.)"
28709,CARTESIAN_POINT,"'',(78.,178.,-33.)"
28710,CARTESIAN_POINT,"'',(8.00000000000005,178.,-40.9999999999999)"
28711,CARTESIAN_POINT,"'',(85.9,178.,-41.)"
28712,CARTESIAN_POINT,"'',(78.,178.,-41.)"
28713,CARTESIAN_POINT,"'',(78.,178.,-33.1)"
28714,CARTESIAN_POINT,"'',(78.0000000000001,178.,-101.)"
28715,CARTESIAN_POINT,"'',(-128.521767268696,178.,-24.2787358792672)"
28716,CARTESIAN_POINT,"'',(-127.178415719518,178.,-22.7431160258415)"
28717,CARTESIAN_POINT,"'',(-126.560415719518,178.,-23.6971160258415)"
28718,CARTESIAN_POINT,"'',(-128.156972668665,178.,-24.0193156803037)"
28719,CARTESIAN_POINT,"'',(-128.216415719518,178.,-22.4071160258415)"
28720,CARTESIAN_POINT,"'',(-128.262324106532,178.,-24.0921933914432)"
28721,CARTESIAN_POINT,"'',(-128.789630999649,178.,-22.492826871372)"
28722,CARTESIAN_POINT,"'',(-128.309955031157,178.,-23.9477247581675)"
28723,CARTESIAN_POINT,"'',(-129.639642628659,178.,-23.1869700087206)"
28724,CARTESIAN_POINT,"'',(-127.010760284739,178.,-24.691033619325)"
28725,CARTESIAN_POINT,"'',(-129.956415719518,178.,-23.9791160258415)"
28726,CARTESIAN_POINT,"'',(-124.153980678977,178.,-25.1733681075605)"
28727,CARTESIAN_POINT,"'',(-130.082415719518,178.,-25.3291160258415)"
28728,CARTESIAN_POINT,"'',(-124.660367329601,178.,-25.5127898622192)"
28729,CARTESIAN_POINT,"'',(-129.878415719518,178.,-26.9611160258415)"
28730,CARTESIAN_POINT,"'',(-127.95110304437,178.,-26.3936382862356)"
28731,CARTESIAN_POINT,"'',(-129.255364361332,178.,-27.9179033336478)"
28732,CARTESIAN_POINT,"'',(-128.284182065359,178.,-26.6598762575565)"
28733,CARTESIAN_POINT,"'',(-128.208147925505,178.,-28.2473415282878)"
28734,CARTESIAN_POINT,"'',(-128.143117583328,178.,-26.663341507496)"
28735,CARTESIAN_POINT,"'',(-126.914415719518,178.,-27.6631160258415)"
28736,CARTESIAN_POINT,"'',(-126.350415719518,178.,-25.3291160258415)"
28737,CARTESIAN_POINT,"'',(-126.350415719518,178.,-26.4091160258415)"
28738,CARTESIAN_POINT,"'',(-126.536415719518,178.,-27.1831160258415)"
28739,CARTESIAN_POINT,"'',(-126.914415719518,178.,-27.6631160258415)"
28740,CARTESIAN_POINT,"'',(-126.350415719518,178.,-25.3291160258415)"
28741,CARTESIAN_POINT,"'',(-131.738065103742,178.,-25.1635890752328)"
28742,CARTESIAN_POINT,"'',(-133.066835997157,178.,-26.3531199937376)"
28743,CARTESIAN_POINT,"'',(-131.912415719518,178.,-27.4051160258415)"
28744,CARTESIAN_POINT,"'',(-131.504415719518,178.,-26.5411160258415)"
28745,CARTESIAN_POINT,"'',(-132.598284119647,178.,-26.6399721698748)"
28746,CARTESIAN_POINT,"'',(-132.628029783324,178.,-27.6677373673516)"
28747,CARTESIAN_POINT,"'',(-132.656297060323,178.,-26.5483621632085)"
28748,CARTESIAN_POINT,"'',(-133.461688493956,178.,-27.3262725213021)"
28749,CARTESIAN_POINT,"'',(-132.651009794393,178.,-26.5101838626311)"
28750,CARTESIAN_POINT,"'',(-133.800825324887,178.,-26.4766443550036)"
28751,CARTESIAN_POINT,"'',(-132.712981573474,178.,-26.4439166158538)"
28752,CARTESIAN_POINT,"'',(-133.48365546,178.,-25.6754526329469)"
28753,CARTESIAN_POINT,"'',(-132.718260890576,178.,-26.4683969178694)"
28754,CARTESIAN_POINT,"'',(-132.680415719518,178.,-25.3651160258415)"
28755,CARTESIAN_POINT,"'',(-132.743356670833,178.,-27.3032950100876)"
28756,CARTESIAN_POINT,"'',(-132.188415719518,178.,-25.4431160258415)"
28757,CARTESIAN_POINT,"'',(-124.659791679992,178.,-85.092983415923)"
28758,CARTESIAN_POINT,"'',(-132.26640845143,178.,-24.8251750530825)"
28759,CARTESIAN_POINT,"'',(-132.38041386849,178.,-24.8310086318915)"
28760,CARTESIAN_POINT,"'',(-132.342338409038,178.,-24.8316648953368)"
28761,CARTESIAN_POINT,"'',(-132.304218239989,178.,-24.8297143165302)"
28762,CARTESIAN_POINT,"'',(-132.266408630439,178.,-24.8251750743094)"
28763,CARTESIAN_POINT,"'',(-132.380415719518,178.,-24.8311160258415)"
28764,CARTESIAN_POINT,"'',(-132.400892852071,178.,-23.3985830105131)"
28765,CARTESIAN_POINT,"'',(-133.184415719518,178.,-24.5971160258415)"
28766,CARTESIAN_POINT,"'',(-132.745997168428,178.,-23.9340253013443)"
28767,CARTESIAN_POINT,"'',(-133.544415719518,178.,-23.8771160258415)"
28768,CARTESIAN_POINT,"'',(-132.682425648148,178.,-23.8487739090323)"
28769,CARTESIAN_POINT,"'',(-133.286415719518,178.,-23.2351160258415)"
28770,CARTESIAN_POINT,"'',(-132.650190227508,178.,-23.9229935805502)"
28771,CARTESIAN_POINT,"'',(-132.608415719518,178.,-22.9831160258415)"
28772,CARTESIAN_POINT,"'',(-132.577097208552,178.,-23.9436940253684)"
28773,CARTESIAN_POINT,"'',(-131.924415719518,178.,-23.2411160258415)"
28774,CARTESIAN_POINT,"'',(-132.921230771788,178.,-24.1395311552677)"
28775,CARTESIAN_POINT,"'',(-131.576415719518,178.,-24.0151160258415)"
28776,CARTESIAN_POINT,"'',(-24.8707756020395,178.,-4.86282164578097)"
28777,CARTESIAN_POINT,"'',(-130.877999398591,178.,-23.8897596945259)"
28778,CARTESIAN_POINT,"'',(-132.678226771127,178.,-24.1383707753608)"
28779,CARTESIAN_POINT,"'',(-131.456415719518,178.,-22.7971160258415)"
28780,CARTESIAN_POINT,"'',(-132.535371357354,178.,-24.1091384062412)"
28781,CARTESIAN_POINT,"'',(-132.590415719518,178.,-22.4071160258415)"
28782,CARTESIAN_POINT,"'',(-132.616439270101,178.,-24.2412416040102)"
28783,CARTESIAN_POINT,"'',(-133.454415719518,178.,-22.6111160258415)"
28784,CARTESIAN_POINT,"'',(-132.856727238592,178.,-23.8753043256121)"
28785,CARTESIAN_POINT,"'',(-134.054415719518,178.,-23.1571160258415)"
28786,CARTESIAN_POINT,"'',(-132.831249226835,178.,-23.9069278557265)"
28787,CARTESIAN_POINT,"'',(-134.265024304186,178.,-23.9181690947665)"
28788,CARTESIAN_POINT,"'',(-133.072698584433,178.,-23.9088208931963)"
28789,CARTESIAN_POINT,"'',(-133.974404659758,178.,-24.6889838021962)"
28790,CARTESIAN_POINT,"'',(-132.941817440482,178.,-23.7955815386081)"
28791,CARTESIAN_POINT,"'',(-133.478416228527,178.,-25.0531159729057)"
28792,CARTESIAN_POINT,"'',(-133.223450460676,178.,-26.3542675347224)"
28793,CARTESIAN_POINT,"'',(-134.264415719518,178.,-25.5391160258415)"
28794,CARTESIAN_POINT,"'',(-133.056380668884,178.,-26.4050248230597)"
28795,CARTESIAN_POINT,"'',(-134.546415719518,178.,-26.4631160258415)"
28796,CARTESIAN_POINT,"'',(-132.874718071647,178.,-26.4922251305044)"
28797,CARTESIAN_POINT,"'',(-134.000415719518,178.,-27.7291160258415)"
28798,CARTESIAN_POINT,"'',(-132.691616576335,178.,-26.3351957211458)"
28799,CARTESIAN_POINT,"'',(-132.620150492934,178.,-28.2475612750474)"
28800,CARTESIAN_POINT,"'',(-132.54978648988,178.,-26.4688722779258)"
28801,CARTESIAN_POINT,"'',(-131.372415719518,178.,-27.8011160258415)"
28802,CARTESIAN_POINT,"'',(-132.51808561566,178.,-26.5241495061722)"
28803,CARTESIAN_POINT,"'',(-130.805147406801,178.,-26.6367424617687)"
28804,CARTESIAN_POINT,"'',(-9.20724988343996,178.,-43.2655147726567)"
28805,CARTESIAN_POINT,"'',(53.1550517455417,178.,-38.9737932653419)"
28806,CARTESIAN_POINT,"'',(52.066755659456,178.,-38.1548198271212)"
28807,CARTESIAN_POINT,"'',(51.8059387488624,178.,-38.7610646801524)"
28808,CARTESIAN_POINT,"'',(52.7565496347315,178.,-38.7959990344611)"
28809,CARTESIAN_POINT,"'',(52.768755659456,178.,-37.8548198271211)"
28810,CARTESIAN_POINT,"'',(52.7833920792794,178.,-38.8535746547062)"
28811,CARTESIAN_POINT,"'',(53.362755659456,178.,-38.0408198271211)"
28812,CARTESIAN_POINT,"'',(52.3654725837157,178.,-39.3118449794334)"
28813,CARTESIAN_POINT,"'',(53.884755659456,178.,-38.7488198271212)"
28814,CARTESIAN_POINT,"'',(50.1804533875715,178.,-39.9487183848841)"
28815,CARTESIAN_POINT,"'',(54.0781540704161,178.,-40.0693126067667)"
28816,CARTESIAN_POINT,"'',(52.6767631390375,178.,-40.9587989388862)"
28817,CARTESIAN_POINT,"'',(53.464755659456,178.,-39.4988198271212)"
28818,CARTESIAN_POINT,"'',(52.6776243920705,178.,-41.056487243682)"
28819,CARTESIAN_POINT,"'',(52.696755659456,178.,-39.3128198271212)"
28820,CARTESIAN_POINT,"'',(52.6743363870378,178.,-40.9105306873983)"
28821,CARTESIAN_POINT,"'',(51.496755659456,178.,-39.8288198271212)"
28822,CARTESIAN_POINT,"'',(52.8669291389479,178.,-41.0819491568193)"
28823,CARTESIAN_POINT,"'',(51.004755659456,178.,-41.1668198271212)"
28824,CARTESIAN_POINT,"'',(53.1842864545285,178.,-41.1886351424195)"
28825,CARTESIAN_POINT,"'',(51.238755659456,178.,-42.1688198271211)"
28826,CARTESIAN_POINT,"'',(52.7758230083255,178.,-41.4355199040427)"
28827,CARTESIAN_POINT,"'',(51.874755659456,178.,-42.8768198271211)"
28828,CARTESIAN_POINT,"'',(52.768642350745,178.,-41.3653353122496)"
28829,CARTESIAN_POINT,"'',(52.798755659456,178.,-43.1228198271211)"
28830,CARTESIAN_POINT,"'',(52.8487176400208,178.,-41.3179637968083)"
28831,CARTESIAN_POINT,"'',(54.232755659456,178.,-42.4748198271211)"
28832,CARTESIAN_POINT,"'',(54.784755659456,178.,-40.3448198271212)"
28833,CARTESIAN_POINT,"'',(54.784755659456,178.,-41.3348198271211)"
28834,CARTESIAN_POINT,"'',(54.598755659456,178.,-42.0488198271212)"
28835,CARTESIAN_POINT,"'',(54.232755659456,178.,-42.4748198271211)"
28836,CARTESIAN_POINT,"'',(54.784755659456,178.,-40.3448198271212)"
28837,CARTESIAN_POINT,"'',(54.172755659456,178.,-37.9328198271211)"
28838,CARTESIAN_POINT,"'',(54.580755659456,178.,-38.4368198271211)"
28839,CARTESIAN_POINT,"'',(54.784755659456,178.,-39.2408198271211)"
28840,CARTESIAN_POINT,"'',(54.784755659456,178.,-40.3448198271212)"
28841,CARTESIAN_POINT,"'',(54.172755659456,178.,-37.9328198271211)"
28842,CARTESIAN_POINT,"'',(52.7953793313874,178.,-39.0639313193209)"
28843,CARTESIAN_POINT,"'',(52.7241111885978,178.,-37.2825219544505)"
28844,CARTESIAN_POINT,"'',(52.6532013738387,178.,-38.9107750978768)"
28845,CARTESIAN_POINT,"'',(51.6165806370732,178.,-37.6531368553692)"
28846,CARTESIAN_POINT,"'',(52.7421063471034,178.,-38.8511832925199)"
28847,CARTESIAN_POINT,"'',(51.104617943628,178.,-38.7071169259036)"
28848,CARTESIAN_POINT,"'',(17.9877182229815,178.,-36.1596631012386)"
28849,CARTESIAN_POINT,"'',(-13.,178.,-37.669349476022)"
28850,CARTESIAN_POINT,"'',(-51.337008321254,178.,-37.669349476022)"
28851,CARTESIAN_POINT,"'',(-50.203008321254,178.,-37.669349476022)"
28852,CARTESIAN_POINT,"'',(-66.563500258245,178.,-83.0134400020389)"
28853,CARTESIAN_POINT,"'',(-52.699008321254,178.,-41.725349476022)"
28854,CARTESIAN_POINT,"'',(-52.9748962044934,178.,-42.5713847380415)"
28855,CARTESIAN_POINT,"'',(-52.8845809543859,178.,-42.2888392319763)"
28856,CARTESIAN_POINT,"'',(-52.7926389118126,178.,-42.0068137277906)"
28857,CARTESIAN_POINT,"'',(-52.6990761723306,178.,-41.7253269231616)"
28858,CARTESIAN_POINT,"'',(-52.9744791521921,178.,-42.5700800572565)"
28859,CARTESIAN_POINT,"'',(-53.2816419790839,178.,-41.6535823556057)"
28860,CARTESIAN_POINT,"'',(-53.1703592430264,178.,-41.9563790882787)"
28861,CARTESIAN_POINT,"'',(-53.0678121606133,178.,-42.2623862526813)"
28862,CARTESIAN_POINT,"'',(-52.9741712545713,178.,-42.5710949979049)"
28863,CARTESIAN_POINT,"'',(-53.281008321254,178.,-41.653349476022)"
28864,CARTESIAN_POINT,"'',(-30.7074112680247,178.,-107.106923464424)"
28865,CARTESIAN_POINT,"'',(-54.655008321254,178.,-37.669349476022)"
28866,CARTESIAN_POINT,"'',(-13.,178.,-37.669349476022)"
28867,CARTESIAN_POINT,"'',(-55.675008321254,178.,-37.669349476022)"
28868,CARTESIAN_POINT,"'',(-55.675008321254,178.,-101.)"
28869,CARTESIAN_POINT,"'',(-55.675008321254,178.,-43.393349476022)"
28870,CARTESIAN_POINT,"'',(-13.,178.,-43.393349476022)"
28871,CARTESIAN_POINT,"'',(-54.943008321254,178.,-43.393349476022)"
28872,CARTESIAN_POINT,"'',(-54.943008321254,178.,-101.)"
28873,CARTESIAN_POINT,"'',(-54.943008321254,178.,-38.605349476022)"
28874,CARTESIAN_POINT,"'',(-30.935906203847,178.,-107.270824349465)"
28875,CARTESIAN_POINT,"'',(-53.269008321254,178.,-43.393349476022)"
28876,CARTESIAN_POINT,"'',(-13.,178.,-43.393349476022)"
28877,CARTESIAN_POINT,"'',(-52.591008321254,178.,-43.393349476022)"
28878,CARTESIAN_POINT,"'',(-66.0433373025868,178.,-82.9704912616823)"
28879,CARTESIAN_POINT,"'',(-50.935008321254,178.,-38.521349476022)"
28880,CARTESIAN_POINT,"'',(-50.935008321254,178.,-101.)"
28881,CARTESIAN_POINT,"'',(-50.935008321254,178.,-43.393349476022)"
28882,CARTESIAN_POINT,"'',(-13.,178.,-43.393349476022)"
28883,CARTESIAN_POINT,"'',(-50.203008321254,178.,-43.393349476022)"
28884,CARTESIAN_POINT,"'',(-50.203008321254,178.,-101.)"
28885,CARTESIAN_POINT,"'',(-58.543008321254,178.,-101.)"
28886,CARTESIAN_POINT,"'',(-58.543008321254,178.,-38.9197373999941)"
28887,CARTESIAN_POINT,"'',(-58.543008321254,178.,-43.393349476022)"
28888,CARTESIAN_POINT,"'',(-56.132376161948,178.,-36.2493558547518)"
28889,CARTESIAN_POINT,"'',(-57.877008321254,178.,-39.397349476022)"
28890,CARTESIAN_POINT,"'',(-57.1392647097811,178.,-39.7639850321352)"
28891,CARTESIAN_POINT,"'',(-57.3941783871072,178.,-39.661150772647)"
28892,CARTESIAN_POINT,"'',(-57.6409966000485,178.,-39.5382562826582)"
28893,CARTESIAN_POINT,"'',(-57.8766857787659,178.,-39.3968120220891)"
28894,CARTESIAN_POINT,"'',(-57.139008321254,178.,-39.763349476022)"
28895,CARTESIAN_POINT,"'',(-57.139008321254,178.,-101.)"
28896,CARTESIAN_POINT,"'',(-57.139008321254,178.,-39.0840620567485)"
28897,CARTESIAN_POINT,"'',(-55.3290710881698,178.,-35.162258161585)"
28898,CARTESIAN_POINT,"'',(-58.171008321254,178.,-38.413349476022)"
28899,CARTESIAN_POINT,"'',(-56.3747936813754,178.,-36.3007053406774)"
28900,CARTESIAN_POINT,"'',(-58.7975853961366,178.,-37.645349476022)"
28901,CARTESIAN_POINT,"'',(-13.,178.,-37.645349476022)"
28902,CARTESIAN_POINT,"'',(-59.245008321254,178.,-37.645349476022)"
28903,CARTESIAN_POINT,"'',(-59.245008321254,178.,-101.)"
28904,CARTESIAN_POINT,"'',(-59.245008321254,178.,-43.393349476022)"
28905,CARTESIAN_POINT,"'',(-13.,178.,-43.393349476022)"
28906,CARTESIAN_POINT,"'',(0.,178.,-65.8521721248311)"
28907,CARTESIAN_POINT,"'',(-3.74372895508405,178.,-65.8521721248311)"
28908,CARTESIAN_POINT,"'',(-6.23372895508405,178.,-65.8521721248311)"
28909,CARTESIAN_POINT,"'',(-3.74372895508405,178.,-84.)"
28910,CARTESIAN_POINT,"'',(-3.74372895508405,178.,-65.210172124831)"
28911,CARTESIAN_POINT,"'',(6.34379166081381,178.,-79.5316750175851)"
28912,CARTESIAN_POINT,"'',(-6.35972895508405,178.,-61.496172124831)"
28913,CARTESIAN_POINT,"'',(0.,178.,-61.496172124831)"
28914,CARTESIAN_POINT,"'',(-6.93572895508405,178.,-61.496172124831)"
28915,CARTESIAN_POINT,"'',(-6.93572895508405,178.,-84.)"
28916,CARTESIAN_POINT,"'',(-6.93572895508405,178.,-65.210172124831)"
28917,CARTESIAN_POINT,"'',(0.,178.,-65.210172124831)"
28918,CARTESIAN_POINT,"'',(-7.70972895508405,178.,-65.210172124831)"
28919,CARTESIAN_POINT,"'',(-7.70972895508405,178.,-84.)"
28920,CARTESIAN_POINT,"'',(-7.70972895508405,178.,-65.8521721248311)"
28921,CARTESIAN_POINT,"'',(0.,178.,-65.8521721248311)"
28922,CARTESIAN_POINT,"'',(-6.93572895508405,178.,-65.8521721248311)"
28923,CARTESIAN_POINT,"'',(-6.93572895508405,178.,-84.)"
28924,CARTESIAN_POINT,"'',(-6.93572895508405,178.,-67.220172124831)"
28925,CARTESIAN_POINT,"'',(0.,178.,-67.220172124831)"
28926,CARTESIAN_POINT,"'',(-6.23372895508405,178.,-67.220172124831)"
28927,CARTESIAN_POINT,"'',(-6.23372895508405,178.,-84.)"
28928,CARTESIAN_POINT,"'',(0.,178.,-101.)"
28929,CARTESIAN_POINT,"'',(0.,-178.,-3.)"
28930,CARTESIAN_POINT,"'',(123.,-178.,-3.00000000000002)"
28931,CARTESIAN_POINT,"'',(-123.,-178.,-3.)"
28932,CARTESIAN_POINT,"'',(-123.,-178.,3.99999999999999)"
28933,CARTESIAN_POINT,"'',(-123.,-178.,-6.00000000000001)"
28934,CARTESIAN_POINT,"'',(-148.,-178.,-6.00000000000001)"
28935,CARTESIAN_POINT,"'',(-146.,-178.,-6.00000000000001)"
28936,CARTESIAN_POINT,"'',(-146.,-178.,-101.)"
28937,CARTESIAN_POINT,"'',(-146.,-178.,-89.)"
28938,CARTESIAN_POINT,"'',(0.,-178.,-89.)"
28939,CARTESIAN_POINT,"'',(146.,-178.,-89.)"
28940,CARTESIAN_POINT,"'',(146.,-178.,-101.)"
28941,CARTESIAN_POINT,"'',(146.,-178.,-6.00000000000001)"
28942,CARTESIAN_POINT,"'',(148.,-178.,-6.00000000000001)"
28943,CARTESIAN_POINT,"'',(123.,-178.,-6.00000000000001)"
28944,CARTESIAN_POINT,"'',(123.,-178.,3.99999999999999)"
28945,CARTESIAN_POINT,"'',(60.3966854884855,-178.,-101.)"
28946,CARTESIAN_POINT,"'',(60.3966854884855,-178.,-38.9047934421409)"
28947,CARTESIAN_POINT,"'',(60.3966854884855,-178.,-43.3784055181688)"
28948,CARTESIAN_POINT,"'',(57.9860533291792,-178.,-36.2344118968981)"
28949,CARTESIAN_POINT,"'',(59.7306854884855,-178.,-39.3824055181688)"
28950,CARTESIAN_POINT,"'',(58.99294187703,-178.,-39.7490410743241)"
28951,CARTESIAN_POINT,"'',(59.2478555543016,-178.,-39.6462068147039)"
28952,CARTESIAN_POINT,"'',(59.4946737672332,-178.,-39.5233123247242)"
28953,CARTESIAN_POINT,"'',(59.730362946027,-178.,-39.3818680642846)"
28954,CARTESIAN_POINT,"'',(58.9926854884855,-178.,-39.7484055181688)"
28955,CARTESIAN_POINT,"'',(58.9926854884855,-178.,-101.)"
28956,CARTESIAN_POINT,"'',(58.9926854884855,-178.,-39.0691180988953)"
28957,CARTESIAN_POINT,"'',(57.182748255401,-178.,-35.1473142037312)"
28958,CARTESIAN_POINT,"'',(60.0246854884855,-178.,-38.3984055181688)"
28959,CARTESIAN_POINT,"'',(58.2284708486067,-178.,-36.285761382824)"
28960,CARTESIAN_POINT,"'',(60.6512625633681,-178.,-37.6304055181688)"
28961,CARTESIAN_POINT,"'',(13.,-178.,-37.6304055181688)"
28962,CARTESIAN_POINT,"'',(61.0986854884855,-178.,-37.6304055181688)"
28963,CARTESIAN_POINT,"'',(61.0986854884855,-178.,-101.)"
28964,CARTESIAN_POINT,"'',(61.0986854884855,-178.,-43.3784055181688)"
28965,CARTESIAN_POINT,"'',(13.,-178.,-43.3784055181688)"
28966,CARTESIAN_POINT,"'',(13.,-178.,-37.6544055181688)"
28967,CARTESIAN_POINT,"'',(53.1906854884855,-178.,-37.6544055181688)"
28968,CARTESIAN_POINT,"'',(52.0566854884855,-178.,-37.6544055181688)"
28969,CARTESIAN_POINT,"'',(68.2338459920987,-178.,-82.4525398813514)"
28970,CARTESIAN_POINT,"'',(54.5526854884855,-178.,-41.7104055181688)"
28971,CARTESIAN_POINT,"'',(54.8285733717249,-178.,-42.5564407801883)"
28972,CARTESIAN_POINT,"'',(54.7382581216174,-178.,-42.2738952741231)"
28973,CARTESIAN_POINT,"'',(54.6463160790441,-178.,-41.9918697699374)"
28974,CARTESIAN_POINT,"'',(54.5527533395621,-178.,-41.7103829653084)"
28975,CARTESIAN_POINT,"'',(54.8281563194236,-178.,-42.5551360994035)"
28976,CARTESIAN_POINT,"'',(55.1353191463154,-178.,-41.6386383977525)"
28977,CARTESIAN_POINT,"'',(55.0240364102579,-178.,-41.9414351304255)"
28978,CARTESIAN_POINT,"'',(54.9214893278448,-178.,-42.2474422948281)"
28979,CARTESIAN_POINT,"'',(54.8278484218028,-178.,-42.5561510400517)"
28980,CARTESIAN_POINT,"'',(55.1346854884855,-178.,-41.6384055181688)"
28981,CARTESIAN_POINT,"'',(32.3594392526849,-178.,-107.676674079616)"
28982,CARTESIAN_POINT,"'',(56.5086854884855,-178.,-37.6544055181688)"
28983,CARTESIAN_POINT,"'',(13.,-178.,-37.6544055181688)"
28984,CARTESIAN_POINT,"'',(57.5286854884855,-178.,-37.6544055181688)"
28985,CARTESIAN_POINT,"'',(57.5286854884855,-178.,-101.)"
28986,CARTESIAN_POINT,"'',(57.5286854884855,-178.,-43.3784055181688)"
28987,CARTESIAN_POINT,"'',(13.,-178.,-43.3784055181688)"
28988,CARTESIAN_POINT,"'',(56.7966854884855,-178.,-43.3784055181688)"
28989,CARTESIAN_POINT,"'',(56.7966854884855,-178.,-101.)"
28990,CARTESIAN_POINT,"'',(56.7966854884855,-178.,-38.5904055181688)"
28991,CARTESIAN_POINT,"'',(32.5830203404286,-178.,-107.846695081428)"
28992,CARTESIAN_POINT,"'',(55.1226854884855,-178.,-43.3784055181688)"
28993,CARTESIAN_POINT,"'',(13.,-178.,-43.3784055181688)"
28994,CARTESIAN_POINT,"'',(54.4446854884855,-178.,-43.3784055181688)"
28995,CARTESIAN_POINT,"'',(67.7095870829238,-178.,-82.4041304989076)"
28996,CARTESIAN_POINT,"'',(52.7886854884855,-178.,-38.5064055181688)"
28997,CARTESIAN_POINT,"'',(52.7886854884855,-178.,-101.)"
28998,CARTESIAN_POINT,"'',(52.7886854884855,-178.,-43.3784055181688)"
28999,CARTESIAN_POINT,"'',(13.,-178.,-43.3784055181688)"
29000,CARTESIAN_POINT,"'',(52.0566854884855,-178.,-43.3784055181688)"
29001,CARTESIAN_POINT,"'',(52.0566854884855,-178.,-101.)"
29002,CARTESIAN_POINT,"'',(-51.6679042272113,-178.,-38.7755844830383)"
29003,CARTESIAN_POINT,"'',(-50.5796081411253,-178.,-37.9566110448175)"
29004,CARTESIAN_POINT,"'',(-50.318790868529,-178.,-38.5628554398081)"
29005,CARTESIAN_POINT,"'',(-51.2694021164008,-178.,-38.5977902521578)"
29006,CARTESIAN_POINT,"'',(-51.2816081411253,-178.,-37.6566110448175)"
29007,CARTESIAN_POINT,"'',(-51.2962445609487,-178.,-38.6553658724025)"
29008,CARTESIAN_POINT,"'',(-51.8756081411253,-178.,-37.8426110448175)"
29009,CARTESIAN_POINT,"'',(-50.8783250653856,-178.,-39.1136361971294)"
29010,CARTESIAN_POINT,"'',(-52.3976081411253,-178.,-38.5506110448175)"
29011,CARTESIAN_POINT,"'',(-48.6933058692399,-178.,-39.7505096025805)"
29012,CARTESIAN_POINT,"'',(-52.5910065520855,-178.,-39.8711038244632)"
29013,CARTESIAN_POINT,"'',(-51.1896156207065,-178.,-40.7605901565826)"
29014,CARTESIAN_POINT,"'',(-51.9776081411253,-178.,-39.3006110448175)"
29015,CARTESIAN_POINT,"'',(-51.1904768737393,-178.,-40.8582784613798)"
29016,CARTESIAN_POINT,"'',(-51.2096081411253,-178.,-39.1146110448175)"
29017,CARTESIAN_POINT,"'',(-51.1871888687012,-178.,-40.7123219050787)"
29018,CARTESIAN_POINT,"'',(-50.0096081411253,-178.,-39.6306110448175)"
29019,CARTESIAN_POINT,"'',(-51.3797816206175,-178.,-40.8837403745157)"
29020,CARTESIAN_POINT,"'',(-49.5176081411253,-178.,-40.9686110448175)"
29021,CARTESIAN_POINT,"'',(-51.6971389361984,-178.,-40.9904263601157)"
29022,CARTESIAN_POINT,"'',(-49.7516081411253,-178.,-41.9706110448175)"
29023,CARTESIAN_POINT,"'',(-51.288675489994,-178.,-41.2373111217375)"
29024,CARTESIAN_POINT,"'',(-50.3876081411253,-178.,-42.6786110448175)"
29025,CARTESIAN_POINT,"'',(-51.2814948324156,-178.,-41.1671265299428)"
29026,CARTESIAN_POINT,"'',(-51.3116081411253,-178.,-42.9246110448175)"
29027,CARTESIAN_POINT,"'',(-51.3615701216901,-178.,-41.1197550145048)"
29028,CARTESIAN_POINT,"'',(-52.7456081411253,-178.,-42.2766110448175)"
29029,CARTESIAN_POINT,"'',(-53.2976081411253,-178.,-40.1466110448175)"
29030,CARTESIAN_POINT,"'',(-53.2976081411253,-178.,-41.1366110448175)"
29031,CARTESIAN_POINT,"'',(-53.1116081411253,-178.,-41.8506110448175)"
29032,CARTESIAN_POINT,"'',(-52.7456081411253,-178.,-42.2766110448175)"
29033,CARTESIAN_POINT,"'',(-53.2976081411253,-178.,-40.1466110448175)"
29034,CARTESIAN_POINT,"'',(-52.6856081411253,-178.,-37.7346110448175)"
29035,CARTESIAN_POINT,"'',(-53.0936081411253,-178.,-38.2386110448175)"
29036,CARTESIAN_POINT,"'',(-53.2976081411253,-178.,-39.0426110448175)"
29037,CARTESIAN_POINT,"'',(-53.2976081411253,-178.,-40.1466110448175)"
29038,CARTESIAN_POINT,"'',(-52.6856081411253,-178.,-37.7346110448175)"
29039,CARTESIAN_POINT,"'',(-51.3082318130566,-178.,-38.8657225370172)"
29040,CARTESIAN_POINT,"'',(-51.2369636703589,-178.,-37.0843131721431)"
29041,CARTESIAN_POINT,"'',(-51.1660538555279,-178.,-38.7125663155662)"
29042,CARTESIAN_POINT,"'',(-50.1294331186611,-178.,-37.4549280731421)"
29043,CARTESIAN_POINT,"'',(-51.2549588287724,-178.,-38.6529745102162)"
29044,CARTESIAN_POINT,"'',(-49.6174704252973,-178.,-38.5089081436)"
29045,CARTESIAN_POINT,"'',(-17.9941274385793,-178.,-36.0763432984679)"
29046,CARTESIAN_POINT,"'',(-88.,-178.,-62.0000499947885)"
29047,CARTESIAN_POINT,"'',(-88.,-178.,-67.1720499947885)"
29048,CARTESIAN_POINT,"'',(-78.,-178.,-41.)"
29049,CARTESIAN_POINT,"'',(-78.,-178.,-48.)"
29050,CARTESIAN_POINT,"'',(-78.,-178.,-41.)"
29051,CARTESIAN_POINT,"'',(-86.,-178.,-41.)"
29052,CARTESIAN_POINT,"'',(-78.,-178.,-33.)"
29053,CARTESIAN_POINT,"'',(-8.00000000000005,-178.,-40.9999999999999)"
29054,CARTESIAN_POINT,"'',(-85.9,-178.,-41.)"
29055,CARTESIAN_POINT,"'',(-78.,-178.,-41.)"
29056,CARTESIAN_POINT,"'',(-78.,-178.,-33.1)"
29057,CARTESIAN_POINT,"'',(-78.0000000000001,-178.,-101.)"
29058,CARTESIAN_POINT,"'',(78.,-178.,-41.)"
29059,CARTESIAN_POINT,"'',(78.,-178.,-48.)"
29060,CARTESIAN_POINT,"'',(78.,-178.,-41.)"
29061,CARTESIAN_POINT,"'',(70.,-178.,-41.)"
29062,CARTESIAN_POINT,"'',(78.,-178.,-33.)"
29063,CARTESIAN_POINT,"'',(7.99999999999995,-178.,-41.0000000000001)"
29064,CARTESIAN_POINT,"'',(70.1,-178.,-41.)"
29065,CARTESIAN_POINT,"'',(78.,-178.,-41.)"
29066,CARTESIAN_POINT,"'',(78.,-178.,-33.1)"
29067,CARTESIAN_POINT,"'',(77.9999999999998,-178.,-101.)"
29068,CARTESIAN_POINT,"'',(-94.015,-178.,-62.0000499947885)"
29069,CARTESIAN_POINT,"'',(-94.03,-178.,-62.0000499947885)"
29070,CARTESIAN_POINT,"'',(-94.,-178.,-62.0000499947885)"
29071,CARTESIAN_POINT,"'',(-88.,-178.,-62.0000499947885)"
29072,CARTESIAN_POINT,"'',(-88.,-178.,-68.0300499947885)"
29073,CARTESIAN_POINT,"'',(-88.,-178.,-68.0150499947885)"
29074,CARTESIAN_POINT,"'',(-88.,-178.,-68.0000499947885)"
29075,CARTESIAN_POINT,"'',(-88.,-178.,-62.0000499947885)"
29076,CARTESIAN_POINT,"'',(-13.,-178.,-37.1046110448175)"
29077,CARTESIAN_POINT,"'',(-62.9756081411253,-178.,-37.1046110448175)"
29078,CARTESIAN_POINT,"'',(-64.1096081411253,-178.,-37.1046110448175)"
29079,CARTESIAN_POINT,"'',(-38.629597113004,-178.,-109.606388379663)"
29080,CARTESIAN_POINT,"'',(-61.6136081411253,-178.,-41.1606110448175)"
29081,CARTESIAN_POINT,"'',(-61.3377202578859,-178.,-42.006646306837)"
29082,CARTESIAN_POINT,"'',(-61.4280355079934,-178.,-41.7241008007718)"
29083,CARTESIAN_POINT,"'',(-61.5199775505668,-178.,-41.4420752965861)"
29084,CARTESIAN_POINT,"'',(-61.6135402900487,-178.,-41.1605884919571)"
29085,CARTESIAN_POINT,"'',(-61.3381373101872,-178.,-42.0053416260524)"
29086,CARTESIAN_POINT,"'',(-61.0309744832954,-178.,-41.0888439244011)"
29087,CARTESIAN_POINT,"'',(-61.1422572193528,-178.,-41.3916406570742)"
29088,CARTESIAN_POINT,"'',(-61.2448043017659,-178.,-41.6976478214768)"
29089,CARTESIAN_POINT,"'',(-61.3384452078081,-178.,-42.0063565667004)"
29090,CARTESIAN_POINT,"'',(-61.0316081411253,-178.,-41.0886110448175)"
29091,CARTESIAN_POINT,"'',(-74.3917668084065,-178.,-79.8272370495103)"
29092,CARTESIAN_POINT,"'',(-59.6576081411253,-178.,-37.1046110448175)"
29093,CARTESIAN_POINT,"'',(-13.,-178.,-37.1046110448175)"
29094,CARTESIAN_POINT,"'',(-58.6376081411253,-178.,-37.1046110448175)"
29095,CARTESIAN_POINT,"'',(-58.6376081411253,-178.,-101.)"
29096,CARTESIAN_POINT,"'',(-58.6376081411253,-178.,-42.8286110448175)"
29097,CARTESIAN_POINT,"'',(-13.,-178.,-42.8286110448175)"
29098,CARTESIAN_POINT,"'',(-59.3696081411253,-178.,-42.8286110448175)"
29099,CARTESIAN_POINT,"'',(-59.3696081411253,-178.,-101.)"
29100,CARTESIAN_POINT,"'',(-59.3696081411253,-178.,-38.0406110448175)"
29101,CARTESIAN_POINT,"'',(-73.9334092010171,-178.,-79.696214076336)"
29102,CARTESIAN_POINT,"'',(-61.0436081411253,-178.,-42.8286110448175)"
29103,CARTESIAN_POINT,"'',(-13.,-178.,-42.8286110448175)"
29104,CARTESIAN_POINT,"'',(-61.7216081411253,-178.,-42.8286110448175)"
29105,CARTESIAN_POINT,"'',(-38.9508832889359,-178.,-109.820743580968)"
29106,CARTESIAN_POINT,"'',(-63.3776081411253,-178.,-37.9566110448175)"
29107,CARTESIAN_POINT,"'',(-63.3776081411253,-178.,-101.)"
29108,CARTESIAN_POINT,"'',(-63.3776081411253,-178.,-42.8286110448175)"
29109,CARTESIAN_POINT,"'',(-13.,-178.,-42.8286110448175)"
29110,CARTESIAN_POINT,"'',(-64.1096081411253,-178.,-42.8286110448175)"
29111,CARTESIAN_POINT,"'',(-64.1096081411253,-178.,-101.)"
29112,CARTESIAN_POINT,"'',(-55.7696081411253,-178.,-101.)"
29113,CARTESIAN_POINT,"'',(-55.7696081411253,-178.,-38.3549989687895)"
29114,CARTESIAN_POINT,"'',(-55.7696081411253,-178.,-42.8286110448175)"
29115,CARTESIAN_POINT,"'',(-58.1802403004506,-178.,-35.6846174235239)"
29116,CARTESIAN_POINT,"'',(-56.4356081411253,-178.,-38.8326110448175)"
29117,CARTESIAN_POINT,"'',(-57.1733517525982,-178.,-39.1992466009307)"
29118,CARTESIAN_POINT,"'',(-56.9184380752721,-178.,-39.0964123414425)"
29119,CARTESIAN_POINT,"'',(-56.6716198623308,-178.,-38.9735178514537)"
29120,CARTESIAN_POINT,"'',(-56.4359306836134,-178.,-38.8320735908846)"
29121,CARTESIAN_POINT,"'',(-57.1736081411253,-178.,-39.1986110448175)"
29122,CARTESIAN_POINT,"'',(-57.1736081411253,-178.,-101.)"
29123,CARTESIAN_POINT,"'',(-57.1736081411253,-178.,-38.519323625544)"
29124,CARTESIAN_POINT,"'',(-58.9835453742095,-178.,-34.5975197303804)"
29125,CARTESIAN_POINT,"'',(-56.1416081411253,-178.,-37.8486110448175)"
29126,CARTESIAN_POINT,"'',(-57.9378227810039,-178.,-35.7359669094729)"
29127,CARTESIAN_POINT,"'',(-55.5150310662428,-178.,-37.0806110448175)"
29128,CARTESIAN_POINT,"'',(-13.,-178.,-37.0806110448175)"
29129,CARTESIAN_POINT,"'',(-55.0676081411253,-178.,-37.0806110448175)"
29130,CARTESIAN_POINT,"'',(-55.0676081411253,-178.,-101.)"
29131,CARTESIAN_POINT,"'',(-55.0676081411253,-178.,-42.8286110448175)"
29132,CARTESIAN_POINT,"'',(-13.,-178.,-42.8286110448175)"
29133,CARTESIAN_POINT,"'',(64.4983894023994,-178.,-39.3253789563897)"
29134,CARTESIAN_POINT,"'',(65.5866854884855,-178.,-38.5064055181688)"
29135,CARTESIAN_POINT,"'',(65.8475027610818,-178.,-39.1126499131594)"
29136,CARTESIAN_POINT,"'',(64.8968915132099,-178.,-39.1475847255091)"
29137,CARTESIAN_POINT,"'',(64.8846854884855,-178.,-38.2064055181688)"
29138,CARTESIAN_POINT,"'',(64.8700490686621,-178.,-39.2051603457538)"
29139,CARTESIAN_POINT,"'',(64.2906854884855,-178.,-38.3924055181688)"
29140,CARTESIAN_POINT,"'',(65.287968564225,-178.,-39.6634306704805)"
29141,CARTESIAN_POINT,"'',(63.7686854884855,-178.,-39.1004055181688)"
29142,CARTESIAN_POINT,"'',(67.4729877603706,-178.,-40.3003040759318)"
29143,CARTESIAN_POINT,"'',(63.5752870775254,-178.,-40.4208982978145)"
29144,CARTESIAN_POINT,"'',(64.9766780089045,-178.,-41.3103846299341)"
29145,CARTESIAN_POINT,"'',(64.1886854884855,-178.,-39.8504055181688)"
29146,CARTESIAN_POINT,"'',(64.9758167558714,-178.,-41.4080729347311)"
29147,CARTESIAN_POINT,"'',(64.9566854884855,-178.,-39.6644055181688)"
29148,CARTESIAN_POINT,"'',(64.9791047609035,-178.,-41.2621163784462)"
29149,CARTESIAN_POINT,"'',(66.1566854884855,-178.,-40.1804055181688)"
29150,CARTESIAN_POINT,"'',(64.7865120089932,-178.,-41.433534847867)"
29151,CARTESIAN_POINT,"'',(66.6486854884855,-178.,-41.5184055181688)"
29152,CARTESIAN_POINT,"'',(64.4691546990967,-178.,-41.5402208348157)"
29153,CARTESIAN_POINT,"'',(66.4146854884855,-178.,-42.5204055181688)"
29154,CARTESIAN_POINT,"'',(64.877618139616,-178.,-41.7871055950904)"
29155,CARTESIAN_POINT,"'',(65.7786854884855,-178.,-43.2284055181688)"
29156,CARTESIAN_POINT,"'',(64.8847987971952,-178.,-41.7169210032943)"
29157,CARTESIAN_POINT,"'',(64.8546854884855,-178.,-43.4744055181688)"
29158,CARTESIAN_POINT,"'',(64.8047235079064,-178.,-41.6695494878834)"
29159,CARTESIAN_POINT,"'',(63.4206854884855,-178.,-42.8264055181688)"
29160,CARTESIAN_POINT,"'',(62.8686854884855,-178.,-40.6964055181688)"
29161,CARTESIAN_POINT,"'',(62.8686854884855,-178.,-41.6864055181688)"
29162,CARTESIAN_POINT,"'',(63.0546854884855,-178.,-42.4004055181688)"
29163,CARTESIAN_POINT,"'',(63.4206854884855,-178.,-42.8264055181688)"
29164,CARTESIAN_POINT,"'',(62.8686854884855,-178.,-40.6964055181688)"
29165,CARTESIAN_POINT,"'',(63.4806854884855,-178.,-38.2844055181688)"
29166,CARTESIAN_POINT,"'',(63.0726854884855,-178.,-38.7884055181688)"
29167,CARTESIAN_POINT,"'',(62.8686854884855,-178.,-39.5924055181688)"
29168,CARTESIAN_POINT,"'',(62.8686854884855,-178.,-40.6964055181688)"
29169,CARTESIAN_POINT,"'',(63.4806854884855,-178.,-38.2844055181688)"
29170,CARTESIAN_POINT,"'',(64.8580618165543,-178.,-39.4155170103685)"
29171,CARTESIAN_POINT,"'',(64.9293299592517,-178.,-37.6341076454944)"
29172,CARTESIAN_POINT,"'',(65.0002397740829,-178.,-39.2623607889175)"
29173,CARTESIAN_POINT,"'',(66.0368605109496,-178.,-38.0047225464933)"
29174,CARTESIAN_POINT,"'',(64.9113348008383,-178.,-39.2027689835675)"
29175,CARTESIAN_POINT,"'',(66.5488232043135,-178.,-39.0587026169513)"
29176,CARTESIAN_POINT,"'',(8.57830563073301,-178.,-43.5179731995348)"
29177,CARTESIAN_POINT,"'',(0.,-178.,-101.)"
29178,CARTESIAN_POINT,"'',(120.,150.,-85.)"
29179,CARTESIAN_POINT,"'',(104.75,150.,-85.)"
29180,CARTESIAN_POINT,"'',(120.,150.,-85.)"
29181,CARTESIAN_POINT,"'',(138.,150.,-85.)"
29182,CARTESIAN_POINT,"'',(120.,150.,-85.)"
29183,CARTESIAN_POINT,"'',(120.,150.,-45.)"
29184,CARTESIAN_POINT,"'',(105.,150.,-45.)"
29185,CARTESIAN_POINT,"'',(120.,150.,-2.)"
29186,CARTESIAN_POINT,"'',(135.,150.,-2.)"
29187,CARTESIAN_POINT,"'',(120.,150.,110.)"
29188,CARTESIAN_POINT,"'',(120.,-150.,-85.)"
29189,CARTESIAN_POINT,"'',(104.75,-150.,-85.)"
29190,CARTESIAN_POINT,"'',(120.,-150.,-85.)"
29191,CARTESIAN_POINT,"'',(138.,-150.,-85.)"
29192,CARTESIAN_POINT,"'',(120.,-150.,-85.)"
29193,CARTESIAN_POINT,"'',(120.,-150.,-45.)"
29194,CARTESIAN_POINT,"'',(105.,-150.,-45.)"
29195,CARTESIAN_POINT,"'',(120.,-150.,-2.)"
29196,CARTESIAN_POINT,"'',(135.,-150.,-2.)"
29197,CARTESIAN_POINT,"'',(120.,-150.,110.)"
29198,CARTESIAN_POINT,"'',(-120.,-150.,-85.)"
29199,CARTESIAN_POINT,"'',(-135.25,-150.,-85.)"
29200,CARTESIAN_POINT,"'',(-120.,-150.,-85.)"
29201,CARTESIAN_POINT,"'',(-102.,-150.,-85.)"
29202,CARTESIAN_POINT,"'',(-120.,-150.,-85.)"
29203,CARTESIAN_POINT,"'',(-120.,-150.,-45.)"
29204,CARTESIAN_POINT,"'',(-135.,-150.,-45.)"
29205,CARTESIAN_POINT,"'',(-120.,-150.,-2.)"
29206,CARTESIAN_POINT,"'',(-105.,-150.,-2.)"
29207,CARTESIAN_POINT,"'',(-120.,-150.,110.)"
29208,CARTESIAN_POINT,"'',(-120.,150.,-85.)"
29209,CARTESIAN_POINT,"'',(-135.25,150.,-85.)"
29210,CARTESIAN_POINT,"'',(-120.,150.,-85.)"
29211,CARTESIAN_POINT,"'',(-102.,150.,-85.)"
29212,CARTESIAN_POINT,"'',(-120.,150.,-85.)"
29213,CARTESIAN_POINT,"'',(-120.,150.,-45.)"
29214,CARTESIAN_POINT,"'',(-135.,150.,-45.)"
29215,CARTESIAN_POINT,"'',(-120.,150.,-2.)"
29216,CARTESIAN_POINT,"'',(-105.,150.,-2.)"
29217,CARTESIAN_POINT,"'',(-120.,150.,110.)"
29218,CARTESIAN_POINT,"'',(118.,21.,-62.0000499947885)"
29219,CARTESIAN_POINT,"'',(118.,21.,-58.0000499947885)"
29220,CARTESIAN_POINT,"'',(118.,21.,-62.0000499947885)"
29221,CARTESIAN_POINT,"'',(118.,21.,-56.1000499947885)"
29222,CARTESIAN_POINT,"'',(118.,21.,-62.0000499947885)"
29223,CARTESIAN_POINT,"'',(118.,-51.,-62.0000499947885)"
29224,CARTESIAN_POINT,"'',(118.,-51.,-58.0000499947885)"
29225,CARTESIAN_POINT,"'',(118.,-51.,-62.0000499947885)"
29226,CARTESIAN_POINT,"'',(118.,-51.,-56.1000499947885)"
29227,CARTESIAN_POINT,"'',(118.,-51.,-62.0000499947885)"
29228,CARTESIAN_POINT,"'',(147.,21.,-62.0000499947885)"
29229,CARTESIAN_POINT,"'',(147.,21.,-77.0000499947885)"
29230,CARTESIAN_POINT,"'',(130.,21.,-62.0000499947885)"
29231,CARTESIAN_POINT,"'',(130.,21.,-47.0000499947885)"
29232,CARTESIAN_POINT,"'',(148.,21.,-62.0000499947885)"
29233,CARTESIAN_POINT,"'',(-86.3333333333333,-214.666666666667,-39.6666666666667)"
29234,CARTESIAN_POINT,"'',(86.3333333333333,-214.666666666667,-39.6666666666667)"
29235,CARTESIAN_POINT,"'',(0.,-178.,-3.)"
29236,CARTESIAN_POINT,"'',(86.3333333333333,214.666666666667,-39.6666666666667)"
29237,CARTESIAN_POINT,"'',(-86.3333333333333,214.666666666667,-39.6666666666667)"
29238,CARTESIAN_POINT,"'',(0.,178.,-3.)"
29239,CARTESIAN_POINT,"'',(146.,-178.,-89.)"
29240,CARTESIAN_POINT,"'',(-146.,-176.,-91.)"
29241,CARTESIAN_POINT,"'',(0.,-178.,-89.)"
29242,CARTESIAN_POINT,"'',(-146.,176.,-91.)"
29243,CARTESIAN_POINT,"'',(146.,176.,-91.)"
29244,CARTESIAN_POINT,"'',(0.,178.,-89.)"
29245,CARTESIAN_POINT,"'',(140.625,-160.375,-1.1)"
29246,CARTESIAN_POINT,"'',(140.625,-160.375,-1.1)"
29247,CARTESIAN_POINT,"'',(139.75,-160.375,-1.1)"
29248,CARTESIAN_POINT,"'',(139.75,-160.375,-1.1)"
29249,CARTESIAN_POINT,"'',(142.875,-160.375,-1.1)"
29250,CARTESIAN_POINT,"'',(142.875,-160.375,-1.1)"
29251,CARTESIAN_POINT,"'',(139.75,-161.25,-1.1)"
29252,CARTESIAN_POINT,"'',(139.75,-161.25,-1.1)"
29253,CARTESIAN_POINT,"'',(139.75,-160.375,-1.1)"
29254,CARTESIAN_POINT,"'',(139.75,-160.375,-1.1)"
29255,CARTESIAN_POINT,"'',(131.25,-169.75,-1.1)"
29256,CARTESIAN_POINT,"'',(131.25,-169.75,-1.1)"
29257,CARTESIAN_POINT,"'',(130.375,-169.75,-1.1)"
29258,CARTESIAN_POINT,"'',(130.375,-169.75,-1.1)"
29259,CARTESIAN_POINT,"'',(139.75,-169.75,-1.1)"
29260,CARTESIAN_POINT,"'',(139.75,-169.75,-1.1)"
29261,CARTESIAN_POINT,"'',(130.375,-170.625,-1.1)"
29262,CARTESIAN_POINT,"'',(130.375,-170.625,-1.1)"
29263,CARTESIAN_POINT,"'',(130.375,-169.75,-1.1)"
29264,CARTESIAN_POINT,"'',(130.375,-169.75,-1.1)"
29265,CARTESIAN_POINT,"'',(168.,-133.,-1.1)"
29266,CARTESIAN_POINT,"'',(13.,22.,-1.1)"
29267,CARTESIAN_POINT,"'',(168.,-133.,-1.1)"
29268,CARTESIAN_POINT,"'',(13.,22.,-1.1)"
29269,CARTESIAN_POINT,"'',(-148.,-176.,-6.00000000000001)"
29270,CARTESIAN_POINT,"'',(-147.,-177.,-89.)"
29271,CARTESIAN_POINT,"'',(-148.,-176.,-101.)"
29272,CARTESIAN_POINT,"'',(148.,176.,-6.00000000000001)"
29273,CARTESIAN_POINT,"'',(147.,177.,-89.)"
29274,CARTESIAN_POINT,"'',(148.,176.,-101.)"
29275,CARTESIAN_POINT,"'',(-146.,178.,-6.00000000000001)"
29276,CARTESIAN_POINT,"'',(-147.,177.,-89.)"
29277,CARTESIAN_POINT,"'',(-146.,178.,-101.)"
29278,CARTESIAN_POINT,"'',(-146.,176.,-91.)"
29279,CARTESIAN_POINT,"'',(-146.,176.,-91.)"
29280,CARTESIAN_POINT,"'',(146.,176.,-91.)"
29281,CARTESIAN_POINT,"'',(146.,176.,-91.)"
29282,CARTESIAN_POINT,"'',(-146.,-176.,-91.)"
29283,CARTESIAN_POINT,"'',(-148.,0.,-89.)"
29284,CARTESIAN_POINT,"'',(146.,-178.,-6.00000000000001)"
29285,CARTESIAN_POINT,"'',(146.,-178.,-89.)"
29286,CARTESIAN_POINT,"'',(146.,-178.,-101.)"
29287,CARTESIAN_POINT,"'',(147.,-176.,-90.)"
29288,CARTESIAN_POINT,"'',(148.,0.,-89.)"
29289,CARTESIAN_POINT,"'',(-146.,-176.,-91.)"
29290,CARTESIAN_POINT,"'',(146.,-178.,-89.)"
29291,CARTESIAN_POINT,"'',(-37.,-148.,-31.00005)"
29292,CARTESIAN_POINT,"'',(-26.9,-148.,-31.00005)"
29293,CARTESIAN_POINT,"'',(-37.,-148.,-2.)"
29294,CARTESIAN_POINT,"'',(-26.9,-148.,-2.)"
29295,CARTESIAN_POINT,"'',(-37.,-148.,-176.)"
29296,CARTESIAN_POINT,"'',(37.,-148.,-31.00005)"
29297,CARTESIAN_POINT,"'',(47.1,-148.,-31.00005)"
29298,CARTESIAN_POINT,"'',(37.,-148.,-2.)"
29299,CARTESIAN_POINT,"'',(47.1,-148.,-2.)"
29300,CARTESIAN_POINT,"'',(37.,-148.,-176.)"
29301,CARTESIAN_POINT,"'',(37.,148.,-31.00005)"
29302,CARTESIAN_POINT,"'',(47.1,148.,-31.00005)"
29303,CARTESIAN_POINT,"'',(37.,148.,-2.)"
29304,CARTESIAN_POINT,"'',(47.1,148.,-2.)"
29305,CARTESIAN_POINT,"'',(37.,148.,-176.)"
29306,CARTESIAN_POINT,"'',(-37.,148.,-31.00005)"
29307,CARTESIAN_POINT,"'',(-26.9,148.,-31.00005)"
29308,CARTESIAN_POINT,"'',(-37.,148.,-2.)"
29309,CARTESIAN_POINT,"'',(-26.9,148.,-2.)"
29310,CARTESIAN_POINT,"'',(-37.,148.,-176.)"
29311,CARTESIAN_POINT,"'',(120.,-150.,-71.)"
29312,CARTESIAN_POINT,"'',(-120.,-150.,-71.)"
29313,CARTESIAN_POINT,"'',(120.,150.,-71.)"
29314,CARTESIAN_POINT,"'',(-120.,150.,-71.)"
29315,CARTESIAN_POINT,"'',(-57.,-116.,-74.732050807569)"
29316,CARTESIAN_POINT,"'',(-66.,-116.,-74.732050807569)"
29317,CARTESIAN_POINT,"'',(-57.,-116.,-211.)"
29318,CARTESIAN_POINT,"'',(-57.,-116.,-69.5358983848623)"
29319,CARTESIAN_POINT,"'',(-57.,-116.,-73.)"
29320,CARTESIAN_POINT,"'',(-57.,116.,-74.732050807569)"
29321,CARTESIAN_POINT,"'',(-66.,116.,-74.732050807569)"
29322,CARTESIAN_POINT,"'',(-57.,116.,-211.)"
29323,CARTESIAN_POINT,"'',(-57.,116.,-69.5358983848623)"
29324,CARTESIAN_POINT,"'',(-57.,116.,-73.)"
29325,CARTESIAN_POINT,"'',(57.,116.,-74.732050807569)"
29326,CARTESIAN_POINT,"'',(48.,116.,-74.732050807569)"
29327,CARTESIAN_POINT,"'',(57.,116.,-211.)"
29328,CARTESIAN_POINT,"'',(57.,116.,-69.5358983848623)"
29329,CARTESIAN_POINT,"'',(57.,116.,-73.)"
29330,CARTESIAN_POINT,"'',(57.,-116.,-74.732050807569)"
29331,CARTESIAN_POINT,"'',(48.,-116.,-74.732050807569)"
29332,CARTESIAN_POINT,"'',(57.,-116.,-211.)"
29333,CARTESIAN_POINT,"'',(57.,-116.,-69.5358983848623)"
29334,CARTESIAN_POINT,"'',(57.,-116.,-73.)"
29335,CARTESIAN_POINT,"'',(148.,153.,-6.00000000000001)"
29336,CARTESIAN_POINT,"'',(148.,153.,3.99999999999999)"
29337,CARTESIAN_POINT,"'',(13.,-22.,-6.00000000000001)"
29338,CARTESIAN_POINT,"'',(-148.,153.,-6.00000000000001)"
29339,CARTESIAN_POINT,"'',(-148.,153.,3.99999999999999)"
29340,CARTESIAN_POINT,"'',(-13.,-22.,-6.00000000000001)"
29341,CARTESIAN_POINT,"'',(-148.,-153.,-6.00000000000001)"
29342,CARTESIAN_POINT,"'',(-148.,-153.,3.99999999999999)"
29343,CARTESIAN_POINT,"'',(-13.,22.,-6.00000000000001)"
29344,CARTESIAN_POINT,"'',(148.,-153.,-6.00000000000001)"
29345,CARTESIAN_POINT,"'',(148.,-153.,3.99999999999999)"
29346,CARTESIAN_POINT,"'',(13.,-174.425,-6.00000000000001)"
29347,CARTESIAN_POINT,"'',(144.425,-174.425,-6.00000000000001)"
29348,CARTESIAN_POINT,"'',(134.425,-174.425,-6.00000000000001)"
29349,CARTESIAN_POINT,"'',(134.425,22.,-6.00000000000001)"
29350,CARTESIAN_POINT,"'',(134.425,-171.425,-6.00000000000001)"
29351,CARTESIAN_POINT,"'',(13.,-171.425,-6.00000000000001)"
29352,CARTESIAN_POINT,"'',(141.425,-171.425,-6.00000000000001)"
29353,CARTESIAN_POINT,"'',(141.425,22.,-6.00000000000001)"
29354,CARTESIAN_POINT,"'',(141.425,-164.425,-6.00000000000001)"
29355,CARTESIAN_POINT,"'',(13.,-164.425,-6.00000000000001)"
29356,CARTESIAN_POINT,"'',(144.425,-164.425,-6.00000000000001)"
29357,CARTESIAN_POINT,"'',(144.425,22.,-6.00000000000001)"
29358,CARTESIAN_POINT,"'',(13.,22.,-6.00000000000001)"
29359,CARTESIAN_POINT,"'',(-37.,-148.,-31.00005)"
29360,CARTESIAN_POINT,"'',(-16.,-148.,-31.00005)"
29361,CARTESIAN_POINT,"'',(-37.,-148.,-31.00005)"
29362,CARTESIAN_POINT,"'',(-37.,-148.,-90.)"
29363,CARTESIAN_POINT,"'',(-58.,-148.,-90.)"
29364,CARTESIAN_POINT,"'',(-37.,-148.,-46.00005)"
29365,CARTESIAN_POINT,"'',(-37.,148.,-31.00005)"
29366,CARTESIAN_POINT,"'',(-16.,148.,-31.00005)"
29367,CARTESIAN_POINT,"'',(-37.,148.,-31.00005)"
29368,CARTESIAN_POINT,"'',(-37.,148.,-90.)"
29369,CARTESIAN_POINT,"'',(-58.,148.,-90.)"
29370,CARTESIAN_POINT,"'',(-37.,148.,-46.00005)"
29371,CARTESIAN_POINT,"'',(37.,-148.,-31.00005)"
29372,CARTESIAN_POINT,"'',(58.,-148.,-31.00005)"
29373,CARTESIAN_POINT,"'',(37.,-148.,-31.00005)"
29374,CARTESIAN_POINT,"'',(37.,-148.,-90.)"
29375,CARTESIAN_POINT,"'',(16.,-148.,-90.)"
29376,CARTESIAN_POINT,"'',(37.,-148.,-46.00005)"
29377,CARTESIAN_POINT,"'',(37.,148.,-31.00005)"
29378,CARTESIAN_POINT,"'',(58.,148.,-31.00005)"
29379,CARTESIAN_POINT,"'',(37.,148.,-31.00005)"
29380,CARTESIAN_POINT,"'',(37.,148.,-90.)"
29381,CARTESIAN_POINT,"'',(16.,148.,-90.)"
29382,CARTESIAN_POINT,"'',(37.,148.,-46.00005)"
29383,CARTESIAN_POINT,"'',(130.,21.,-62.0000499947885)"
29384,CARTESIAN_POINT,"'',(130.,21.,-67.9000499947885)"
29385,CARTESIAN_POINT,"'',(130.,23.,-62.0000499947885)"
29386,CARTESIAN_POINT,"'',(147.,-51.,-62.0000499947885)"
29387,CARTESIAN_POINT,"'',(147.,-51.,-77.0000499947885)"
29388,CARTESIAN_POINT,"'',(148.,-51.,-62.0000499947885)"
29389,CARTESIAN_POINT,"'',(150.,21.,-62.0000499947885)"
29390,CARTESIAN_POINT,"'',(150.,-51.,-62.0000499947885)"
29391,CARTESIAN_POINT,"'',(78.,145.999986385164,-41.)"
29392,CARTESIAN_POINT,"'',(85.,145.999986385164,-41.)"
29393,CARTESIAN_POINT,"'',(78.,146.893782217351,-41.)"
29394,CARTESIAN_POINT,"'',(78.,146.893782217351,-34.)"
29395,CARTESIAN_POINT,"'',(85.,146.893782217351,-41.)"
29396,CARTESIAN_POINT,"'',(78.,178.5,-34.)"
29397,CARTESIAN_POINT,"'',(78.,147.009252271189,-34.)"
29398,CARTESIAN_POINT,"'',(78.,147.009252271189,-41.)"
29399,CARTESIAN_POINT,"'',(85.,147.009252271189,-41.)"
29400,CARTESIAN_POINT,"'',(85.,178.5,-41.)"
29401,CARTESIAN_POINT,"'',(78.,178.5,-41.)"
29402,CARTESIAN_POINT,"'',(78.,141.793976,-41.)"
29403,CARTESIAN_POINT,"'',(78.,141.793976,-41.)"
29404,CARTESIAN_POINT,"'',(86.,178.5,-41.)"
29405,CARTESIAN_POINT,"'',(86.,147.471132486541,-41.)"
29406,CARTESIAN_POINT,"'',(85.975,147.456698729811,-41.)"
29407,CARTESIAN_POINT,"'',(85.925,147.543301270189,-41.)"
29408,CARTESIAN_POINT,"'',(85.9,147.528867513459,-41.)"
29409,CARTESIAN_POINT,"'',(85.9,178.5,-41.)"
29410,CARTESIAN_POINT,"'',(85.95,163.,-41.)"
29411,CARTESIAN_POINT,"'',(78.,178.5,-33.1)"
29412,CARTESIAN_POINT,"'',(78.,147.528867513459,-33.1)"
29413,CARTESIAN_POINT,"'',(78.,147.543301270189,-33.075)"
29414,CARTESIAN_POINT,"'',(78.,147.456698729811,-33.025)"
29415,CARTESIAN_POINT,"'',(78.,147.471132486541,-33.)"
29416,CARTESIAN_POINT,"'',(78.,178.5,-33.)"
29417,CARTESIAN_POINT,"'',(78.,147.5,-33.05)"
29418,CARTESIAN_POINT,"'',(78.,147.471132486541,-41.)"
29419,CARTESIAN_POINT,"'',(78.,178.5,-41.)"
29420,CARTESIAN_POINT,"'',(78.,147.456698729811,-41.)"
29421,CARTESIAN_POINT,"'',(78.,147.528867513459,-41.)"
29422,CARTESIAN_POINT,"'',(78.,178.5,-41.)"
29423,CARTESIAN_POINT,"'',(78.,147.543301270189,-41.)"
29424,CARTESIAN_POINT,"'',(-78.,145.999986385164,-41.)"
29425,CARTESIAN_POINT,"'',(-71.,145.999986385164,-41.)"
29426,CARTESIAN_POINT,"'',(-78.,146.893782217351,-41.)"
29427,CARTESIAN_POINT,"'',(-78.,146.893782217351,-34.)"
29428,CARTESIAN_POINT,"'',(-71.,146.893782217351,-41.)"
29429,CARTESIAN_POINT,"'',(-78.,178.5,-34.)"
29430,CARTESIAN_POINT,"'',(-78.,147.009252271189,-34.)"
29431,CARTESIAN_POINT,"'',(-78.,147.009252271189,-41.)"
29432,CARTESIAN_POINT,"'',(-71.,147.009252271189,-41.)"
29433,CARTESIAN_POINT,"'',(-71.,178.5,-41.)"
29434,CARTESIAN_POINT,"'',(-78.,178.5,-41.)"
29435,CARTESIAN_POINT,"'',(-78.,141.793976,-41.)"
29436,CARTESIAN_POINT,"'',(-78.,141.793976,-41.)"
29437,CARTESIAN_POINT,"'',(-70.,178.5,-41.)"
29438,CARTESIAN_POINT,"'',(-70.,147.471132486541,-41.)"
29439,CARTESIAN_POINT,"'',(-70.025,147.456698729811,-41.)"
29440,CARTESIAN_POINT,"'',(-70.075,147.543301270189,-41.)"
29441,CARTESIAN_POINT,"'',(-70.1,147.528867513459,-41.)"
29442,CARTESIAN_POINT,"'',(-70.1,178.5,-41.)"
29443,CARTESIAN_POINT,"'',(-70.05,163.,-41.)"
29444,CARTESIAN_POINT,"'',(-78.,178.5,-33.1)"
29445,CARTESIAN_POINT,"'',(-78.,147.528867513459,-33.1)"
29446,CARTESIAN_POINT,"'',(-78.,147.543301270189,-33.075)"
29447,CARTESIAN_POINT,"'',(-78.,147.456698729811,-33.025)"
29448,CARTESIAN_POINT,"'',(-78.,147.471132486541,-33.)"
29449,CARTESIAN_POINT,"'',(-78.,178.5,-33.)"
29450,CARTESIAN_POINT,"'',(-78.,147.5,-33.05)"
29451,CARTESIAN_POINT,"'',(-78.,147.471132486541,-41.)"
29452,CARTESIAN_POINT,"'',(-78.,178.5,-41.)"
29453,CARTESIAN_POINT,"'',(-78.,147.456698729811,-41.)"
29454,CARTESIAN_POINT,"'',(-78.,147.528867513459,-41.)"
29455,CARTESIAN_POINT,"'',(-78.,178.5,-41.)"
29456,CARTESIAN_POINT,"'',(-78.,147.543301270189,-41.)"
29457,CARTESIAN_POINT,"'',(78.,-145.999986385164,-41.)"
29458,CARTESIAN_POINT,"'',(71.,-145.999986385164,-41.)"
29459,CARTESIAN_POINT,"'',(78.,-146.893782217351,-41.)"
29460,CARTESIAN_POINT,"'',(78.,-146.893782217351,-34.)"
29461,CARTESIAN_POINT,"'',(71.,-146.893782217351,-41.)"
29462,CARTESIAN_POINT,"'',(78.,-178.5,-34.)"
29463,CARTESIAN_POINT,"'',(78.,-147.009252271189,-34.)"
29464,CARTESIAN_POINT,"'',(78.,-147.009252271189,-41.)"
29465,CARTESIAN_POINT,"'',(71.,-147.009252271189,-41.)"
29466,CARTESIAN_POINT,"'',(71.,-178.5,-41.)"
29467,CARTESIAN_POINT,"'',(78.,-178.5,-41.)"
29468,CARTESIAN_POINT,"'',(78.,-141.793976,-41.)"
29469,CARTESIAN_POINT,"'',(78.,-141.793976,-41.)"
29470,CARTESIAN_POINT,"'',(70.,-178.5,-41.)"
29471,CARTESIAN_POINT,"'',(70.,-147.471132486541,-41.)"
29472,CARTESIAN_POINT,"'',(70.025,-147.456698729811,-41.)"
29473,CARTESIAN_POINT,"'',(70.075,-147.543301270189,-41.)"
29474,CARTESIAN_POINT,"'',(70.1,-147.528867513459,-41.)"
29475,CARTESIAN_POINT,"'',(70.1,-178.5,-41.)"
29476,CARTESIAN_POINT,"'',(70.05,-163.,-41.)"
29477,CARTESIAN_POINT,"'',(78.,-178.5,-33.1)"
29478,CARTESIAN_POINT,"'',(78.,-147.528867513459,-33.1)"
29479,CARTESIAN_POINT,"'',(78.,-147.543301270189,-33.075)"
29480,CARTESIAN_POINT,"'',(78.,-147.456698729811,-33.025)"
29481,CARTESIAN_POINT,"'',(78.,-147.471132486541,-33.)"
29482,CARTESIAN_POINT,"'',(78.,-178.5,-33.)"
29483,CARTESIAN_POINT,"'',(78.,-147.5,-33.05)"
29484,CARTESIAN_POINT,"'',(78.,-147.471132486541,-41.)"
29485,CARTESIAN_POINT,"'',(78.,-178.5,-41.)"
29486,CARTESIAN_POINT,"'',(78.,-147.456698729811,-41.)"
29487,CARTESIAN_POINT,"'',(78.,-147.528867513459,-41.)"
29488,CARTESIAN_POINT,"'',(78.,-178.5,-41.)"
29489,CARTESIAN_POINT,"'',(78.,-147.543301270189,-41.)"
29490,CARTESIAN_POINT,"'',(-78.,-145.999986385164,-41.)"
29491,CARTESIAN_POINT,"'',(-85.,-145.999986385164,-41.)"
29492,CARTESIAN_POINT,"'',(-78.,-146.893782217351,-41.)"
29493,CARTESIAN_POINT,"'',(-78.,-146.893782217351,-34.)"
29494,CARTESIAN_POINT,"'',(-85.,-146.893782217351,-41.)"
29495,CARTESIAN_POINT,"'',(-78.,-178.5,-34.)"
29496,CARTESIAN_POINT,"'',(-78.,-147.009252271189,-34.)"
29497,CARTESIAN_POINT,"'',(-78.,-147.009252271189,-41.)"
29498,CARTESIAN_POINT,"'',(-85.,-147.009252271189,-41.)"
29499,CARTESIAN_POINT,"'',(-85.,-178.5,-41.)"
29500,CARTESIAN_POINT,"'',(-78.,-178.5,-41.)"
29501,CARTESIAN_POINT,"'',(-78.,-141.793976,-41.)"
29502,CARTESIAN_POINT,"'',(-78.,-141.793976,-41.)"
29503,CARTESIAN_POINT,"'',(-86.,-178.5,-41.)"
29504,CARTESIAN_POINT,"'',(-86.,-147.471132486541,-41.)"
29505,CARTESIAN_POINT,"'',(-85.975,-147.456698729811,-41.)"
29506,CARTESIAN_POINT,"'',(-85.925,-147.543301270189,-41.)"
29507,CARTESIAN_POINT,"'',(-85.9,-147.528867513459,-41.)"
29508,CARTESIAN_POINT,"'',(-85.9,-178.5,-41.)"
29509,CARTESIAN_POINT,"'',(-85.95,-163.,-41.)"
29510,CARTESIAN_POINT,"'',(-78.,-178.5,-33.1)"
29511,CARTESIAN_POINT,"'',(-78.,-147.528867513459,-33.1)"
29512,CARTESIAN_POINT,"'',(-78.,-147.543301270189,-33.075)"
29513,CARTESIAN_POINT,"'',(-78.,-147.456698729811,-33.025)"
29514,CARTESIAN_POINT,"'',(-78.,-147.471132486541,-33.)"
29515,CARTESIAN_POINT,"'',(-78.,-178.5,-33.)"
29516,CARTESIAN_POINT,"'',(-78.,-147.5,-33.05)"
29517,CARTESIAN_POINT,"'',(-78.,-147.471132486541,-41.)"
29518,CARTESIAN_POINT,"'',(-78.,-178.5,-41.)"
29519,CARTESIAN_POINT,"'',(-78.,-147.456698729811,-41.)"
29520,CARTESIAN_POINT,"'',(-78.,-147.528867513459,-41.)"
29521,CARTESIAN_POINT,"'',(-78.,-178.5,-41.)"
29522,CARTESIAN_POINT,"'',(-78.,-147.543301270189,-41.)"
29523,CARTESIAN_POINT,"'',(0.,134.499979577746,-44.0000000000001)"
29524,CARTESIAN_POINT,"'',(10.5,134.499979577746,-44.0000000000001)"
29525,CARTESIAN_POINT,"'',(0.,135.105107082756,-44.0000000000001)"
29526,CARTESIAN_POINT,"'',(-2.7977620220554E-14,135.105107082756,-33.5000000000001)"
29527,CARTESIAN_POINT,"'',(10.5,135.105107082756,-44.0000000000001)"
29528,CARTESIAN_POINT,"'',(-2.40363903811983E-14,183.,-33.5000000000001)"
29529,CARTESIAN_POINT,"'',(-2.7977620220554E-14,135.220577136594,-33.5000000000001)"
29530,CARTESIAN_POINT,"'',(0.,135.220577136594,-44.0000000000001)"
29531,CARTESIAN_POINT,"'',(10.5,135.220577136594,-44.0000000000001)"
29532,CARTESIAN_POINT,"'',(10.5,183.,-44.0000000000001)"
29533,CARTESIAN_POINT,"'',(0.,183.,-44.0000000000001)"
29534,CARTESIAN_POINT,"'',(0.,128.190964,-44.0000000000001)"
29535,CARTESIAN_POINT,"'',(0.,128.190964,-44.0000000000001)"
29536,CARTESIAN_POINT,"'',(12.,183.,-44.0000000000001)"
29537,CARTESIAN_POINT,"'',(12.,135.971132486541,-44.0000000000001)"
29538,CARTESIAN_POINT,"'',(11.975,135.956698729811,-44.0000000000001)"
29539,CARTESIAN_POINT,"'',(11.925,136.043301270189,-44.0000000000001)"
29540,CARTESIAN_POINT,"'',(11.9,136.028867513459,-44.0000000000001)"
29541,CARTESIAN_POINT,"'',(11.9,183.,-44.0000000000001)"
29542,CARTESIAN_POINT,"'',(11.95,159.5,-44.0000000000001)"
29543,CARTESIAN_POINT,"'',(-3.17079695832945E-14,183.,-32.1000000000001)"
29544,CARTESIAN_POINT,"'',(-3.17079695832945E-14,136.028867513459,-32.1000000000001)"
29545,CARTESIAN_POINT,"'',(-3.1774582964772E-14,136.043301270189,-32.0750000000001)"
29546,CARTESIAN_POINT,"'',(-3.1907809727727E-14,135.956698729811,-32.0250000000001)"
29547,CARTESIAN_POINT,"'',(-3.19744231092045E-14,135.971132486541,-32.0000000000001)"
29548,CARTESIAN_POINT,"'',(-3.19744231092045E-14,183.,-32.0000000000001)"
29549,CARTESIAN_POINT,"'',(-2.77555756156289E-14,136.,-32.0500000000001)"
29550,CARTESIAN_POINT,"'',(0.,135.971132486541,-44.0000000000001)"
29551,CARTESIAN_POINT,"'',(0.,183.,-44.0000000000001)"
29552,CARTESIAN_POINT,"'',(0.,135.956698729811,-44.0000000000001)"
29553,CARTESIAN_POINT,"'',(0.,136.028867513459,-44.0000000000001)"
29554,CARTESIAN_POINT,"'',(0.,183.,-44.0000000000001)"
29555,CARTESIAN_POINT,"'',(0.,136.043301270189,-44.0000000000001)"
29556,CARTESIAN_POINT,"'',(-122.109826238829,177.599999999999,-23.6958161406539)"
29557,CARTESIAN_POINT,"'',(-122.109826238829,177.733333333333,-23.6958161406539)"
29558,CARTESIAN_POINT,"'',(-122.109826238829,177.866666666666,-23.6958161406539)"
29559,CARTESIAN_POINT,"'',(-122.109826238829,178.,-23.6958161406539)"
29560,CARTESIAN_POINT,"'',(-122.114415719518,177.599999999999,-23.6971160258415)"
29561,CARTESIAN_POINT,"'',(-124.075767268717,177.599999999999,-24.2787358792777)"
29562,CARTESIAN_POINT,"'',(-122.732415719518,177.599999999999,-22.7431160258415)"
29563,CARTESIAN_POINT,"'',(-122.730674262085,177.599999999999,-22.7411253208693)"
29564,CARTESIAN_POINT,"'',(-122.730674262085,177.733333333333,-22.7411253208693)"
29565,CARTESIAN_POINT,"'',(-122.730674262085,177.866666666666,-22.7411253208693)"
29566,CARTESIAN_POINT,"'',(-122.730674262085,178.,-22.7411253208693)"
29567,CARTESIAN_POINT,"'',(-124.075767268717,178.40000000472,-24.2787358792777)"
29568,CARTESIAN_POINT,"'',(-123.710966098462,177.599999999999,-24.0192975737859)"
29569,CARTESIAN_POINT,"'',(-123.770415719518,177.599999999999,-22.4071160258415)"
29570,CARTESIAN_POINT,"'',(-123.770309682499,177.599999999999,-22.4099915853861)"
29571,CARTESIAN_POINT,"'',(-123.770309682499,177.733333333333,-22.4099915853861)"
29572,CARTESIAN_POINT,"'',(-123.770309682499,177.866666666666,-22.4099915853861)"
29573,CARTESIAN_POINT,"'',(-123.770309682499,178.,-22.4099915853861)"
29574,CARTESIAN_POINT,"'',(-123.710966098462,178.40000000472,-24.0192975737859)"
29575,CARTESIAN_POINT,"'',(-123.81632492712,177.599999999999,-24.0921911037856)"
29576,CARTESIAN_POINT,"'',(-124.343559886051,177.599999999999,-22.4928032947311)"
29577,CARTESIAN_POINT,"'',(-124.343559886048,178.40000000472,-22.49280329473)"
29578,CARTESIAN_POINT,"'',(-123.81632492712,178.40000000472,-24.0921911037856)"
29579,CARTESIAN_POINT,"'',(-123.86394333669,177.599999999999,-23.9477388013307)"
29580,CARTESIAN_POINT,"'',(-125.193649041413,177.599999999999,-23.1869812173281)"
29581,CARTESIAN_POINT,"'',(-125.193649041414,177.599999999999,-23.1869812173274)"
29582,CARTESIAN_POINT,"'',(-123.86394333669,178.40000000472,-23.9477388013307)"
29583,CARTESIAN_POINT,"'',(-122.564760284748,177.599999999999,-24.6910336193208)"
29584,CARTESIAN_POINT,"'',(-125.510415719518,177.599999999999,-23.9791160258415)"
29585,CARTESIAN_POINT,"'',(-125.508734059655,177.599999999999,-23.9795224560128)"
29586,CARTESIAN_POINT,"'',(-125.508734059655,177.733333333333,-23.9795224560128)"
29587,CARTESIAN_POINT,"'',(-125.508734059655,177.866666666666,-23.9795224560128)"
29588,CARTESIAN_POINT,"'',(-125.508734059655,178.,-23.9795224560128)"
29589,CARTESIAN_POINT,"'',(-122.564760284748,178.40000000472,-24.6910336193208)"
29590,CARTESIAN_POINT,"'',(-119.707971893313,177.599999999999,-25.1733681236934)"
29591,CARTESIAN_POINT,"'',(-125.636415719518,177.599999999999,-25.3291160258415)"
29592,CARTESIAN_POINT,"'',(-125.63349389854,177.599999999999,-25.329039265818)"
29593,CARTESIAN_POINT,"'',(-125.63349389854,177.733333333333,-25.329039265818)"
29594,CARTESIAN_POINT,"'',(-125.63349389854,177.866666666666,-25.329039265818)"
29595,CARTESIAN_POINT,"'',(-125.63349389854,178.,-25.329039265818)"
29596,CARTESIAN_POINT,"'',(-119.707971893313,178.40000000472,-25.1733681236934)"
29597,CARTESIAN_POINT,"'',(-120.21436732993,177.599999999999,-25.5127898622858)"
29598,CARTESIAN_POINT,"'',(-125.432415719518,177.599999999999,-26.9611160258415)"
29599,CARTESIAN_POINT,"'',(-125.437527862779,177.599999999999,-26.9625349568831)"
29600,CARTESIAN_POINT,"'',(-125.437527862779,177.733333333333,-26.9625349568831)"
29601,CARTESIAN_POINT,"'',(-125.437527862779,177.866666666666,-26.9625349568831)"
29602,CARTESIAN_POINT,"'',(-125.437527862779,178.,-26.9625349568831)"
29603,CARTESIAN_POINT,"'',(-120.21436732993,178.40000000472,-25.5127898622858)"
29604,CARTESIAN_POINT,"'',(-123.50510304437,177.599999999999,-26.3936382862357)"
29605,CARTESIAN_POINT,"'',(-124.809365058093,177.599999999999,-27.9179027374538)"
29606,CARTESIAN_POINT,"'',(-124.809365058093,177.599999999999,-27.9179027374538)"
29607,CARTESIAN_POINT,"'',(-123.50510304437,178.40000000472,-26.3936382862357)"
29608,CARTESIAN_POINT,"'',(-123.83818150643,177.599999999999,-26.659875082623)"
29609,CARTESIAN_POINT,"'',(-123.762147222944,177.599999999999,-28.2473415733194)"
29610,CARTESIAN_POINT,"'',(-123.762147222944,177.599999999999,-28.2473415733226)"
29611,CARTESIAN_POINT,"'',(-123.83818150643,178.40000000472,-26.659875082623)"
29612,CARTESIAN_POINT,"'',(-123.697117929883,177.599999999999,-26.6633409966768)"
29613,CARTESIAN_POINT,"'',(-122.468415719518,177.599999999999,-27.6631160258415)"
29614,CARTESIAN_POINT,"'',(-122.467430070562,177.599999999999,-27.663918032386)"
29615,CARTESIAN_POINT,"'',(-122.467430070562,177.733333333333,-27.663918032386)"
29616,CARTESIAN_POINT,"'',(-122.467430070562,177.866666666666,-27.663918032386)"
29617,CARTESIAN_POINT,"'',(-122.467430070562,178.,-27.663918032386)"
29618,CARTESIAN_POINT,"'',(-123.697117929883,178.40000000472,-26.6633409966768)"
29619,CARTESIAN_POINT,"'',(-121.904415719518,177.599999999999,-25.3291160258415)"
29620,CARTESIAN_POINT,"'',(-121.904415719518,177.599999999999,-26.4091160258415)"
29621,CARTESIAN_POINT,"'',(-122.090415719518,177.599999999999,-27.1831160258415)"
29622,CARTESIAN_POINT,"'',(-122.468415719518,177.599999999999,-27.6631160258415)"
29623,CARTESIAN_POINT,"'',(-121.904415719518,177.599999999999,-25.3291160258415)"
29624,CARTESIAN_POINT,"'',(-121.904415719518,177.599999999999,-25.3291160258415)"
29625,CARTESIAN_POINT,"'',(-121.904415719518,178.,-25.3291160258415)"
29626,CARTESIAN_POINT,"'',(-122.479755719518,178.399999999999,-27.6775160258415)"
29627,CARTESIAN_POINT,"'',(-122.475975719518,178.399999999999,-27.6727160258415)"
29628,CARTESIAN_POINT,"'',(-122.472195719518,178.399999999999,-27.6679160258415)"
29629,CARTESIAN_POINT,"'',(-122.468415719518,178.399999999999,-27.6631160258415)"
29630,CARTESIAN_POINT,"'',(-122.211248924856,178.399999999999,-27.3365550167478)"
29631,CARTESIAN_POINT,"'',(-122.042950540745,178.399999999999,-26.873914253999)"
29632,CARTESIAN_POINT,"'',(-121.923422210191,178.399999999999,-25.9883227422009)"
29633,CARTESIAN_POINT,"'',(-121.904415719518,178.399999999999,-25.6743537553818)"
29634,CARTESIAN_POINT,"'',(-121.904415719518,178.399999999999,-25.3291160258415)"
29635,CARTESIAN_POINT,"'',(-127.292065103969,177.599999999999,-25.163589075278)"
29636,CARTESIAN_POINT,"'',(-127.292065103969,178.40000000472,-25.163589075278)"
29637,CARTESIAN_POINT,"'',(-122.954415719518,177.599999999999,-27.2131160258415)"
29638,CARTESIAN_POINT,"'',(-122.732415719518,177.599999999999,-26.9011160258415)"
29639,CARTESIAN_POINT,"'',(-122.624415719518,177.599999999999,-26.2771160258415)"
29640,CARTESIAN_POINT,"'',(-122.624415719518,177.599999999999,-25.3351160258415)"
29641,CARTESIAN_POINT,"'',(-122.954415719518,177.599999999999,-27.2131160258415)"
29642,CARTESIAN_POINT,"'',(-122.624415719518,177.599999999999,-25.3351160258415)"
29643,CARTESIAN_POINT,"'',(-122.624415719518,177.599999999999,-25.3351160258415)"
29644,CARTESIAN_POINT,"'',(-122.624415719518,177.599999999999,-24.3931160258415)"
29645,CARTESIAN_POINT,"'',(-122.744415719518,177.599999999999,-23.7511160258415)"
29646,CARTESIAN_POINT,"'',(-122.984415719518,177.599999999999,-23.3971160258415)"
29647,CARTESIAN_POINT,"'',(-122.984415719518,177.599999999999,-23.3971160258415)"
29648,CARTESIAN_POINT,"'',(-123.751454834634,177.599999999999,-23.9087461369807)"
29649,CARTESIAN_POINT,"'',(-123.764415719518,177.599999999999,-22.9891160258415)"
29650,CARTESIAN_POINT,"'',(-123.744870216111,177.599999999999,-23.9627607108548)"
29651,CARTESIAN_POINT,"'',(-124.586415719518,177.599999999999,-23.4571160258415)"
29652,CARTESIAN_POINT,"'',(-124.586415719518,177.599999999999,-23.4571160258415)"
29653,CARTESIAN_POINT,"'',(-124.808415719518,177.599999999999,-23.7631160258415)"
29654,CARTESIAN_POINT,"'',(-124.916415719518,177.599999999999,-24.3931160258415)"
29655,CARTESIAN_POINT,"'',(-124.916415719518,177.599999999999,-25.3351160258415)"
29656,CARTESIAN_POINT,"'',(-124.916415719518,177.599999999999,-25.3351160258415)"
29657,CARTESIAN_POINT,"'',(-124.916415719518,177.599999999999,-25.3351160258415)"
29658,CARTESIAN_POINT,"'',(-124.916415719518,177.599999999999,-26.2711160258415)"
29659,CARTESIAN_POINT,"'',(-124.808415719518,177.599999999999,-26.8951160258415)"
29660,CARTESIAN_POINT,"'',(-124.586415719518,177.599999999999,-27.2071160258415)"
29661,CARTESIAN_POINT,"'',(-124.586415719518,177.599999999999,-27.2071160258415)"
29662,CARTESIAN_POINT,"'',(-123.745129454503,177.599999999999,-26.7032367039903)"
29663,CARTESIAN_POINT,"'',(-123.771608340675,177.599999999999,-27.6782161787824)"
29664,CARTESIAN_POINT,"'',(-123.796011851794,177.599999999999,-26.6957236034305)"
29665,CARTESIAN_POINT,"'',(-122.373915719518,177.599999999999,-23.1481160258415)"
29666,CARTESIAN_POINT,"'',(-123.796011851794,178.,-26.6957236034305)"
29667,CARTESIAN_POINT,"'',(-123.771608340675,178.,-27.6782161787824)"
29668,CARTESIAN_POINT,"'',(-122.954415719518,178.,-27.2131160258415)"
29669,CARTESIAN_POINT,"'',(-122.95877814432,178.,-27.210434115304)"
29670,CARTESIAN_POINT,"'',(-122.95877814432,177.866666666666,-27.210434115304)"
29671,CARTESIAN_POINT,"'',(-122.95877814432,177.733333333333,-27.210434115304)"
29672,CARTESIAN_POINT,"'',(-122.95877814432,177.599999999999,-27.210434115304)"
29673,CARTESIAN_POINT,"'',(-123.771608340676,178.,-27.6782161787886)"
29674,CARTESIAN_POINT,"'',(-123.796011851794,178.40000000472,-26.6957236034305)"
29675,CARTESIAN_POINT,"'',(-123.745129454503,178.,-26.7032367039903)"
29676,CARTESIAN_POINT,"'',(-124.586415719518,178.,-27.2071160258415)"
29677,CARTESIAN_POINT,"'',(-124.586415719518,178.,-27.2071160258415)"
29678,CARTESIAN_POINT,"'',(-124.586415719518,177.599999999999,-27.2071160258415)"
29679,CARTESIAN_POINT,"'',(-123.745129454503,178.40000000472,-26.7032367039903)"
29680,CARTESIAN_POINT,"'',(-124.916415719518,178.,-25.3351160258415)"
29681,CARTESIAN_POINT,"'',(-124.916415719518,178.,-26.2711160258415)"
29682,CARTESIAN_POINT,"'',(-124.808415719518,178.,-26.8951160258415)"
29683,CARTESIAN_POINT,"'',(-124.586415719518,178.,-27.2071160258415)"
29684,CARTESIAN_POINT,"'',(-124.916415719518,178.,-25.3351160258415)"
29685,CARTESIAN_POINT,"'',(-124.916415719518,178.399999999999,-25.3351160258415)"
29686,CARTESIAN_POINT,"'',(-124.586415719518,178.399999999999,-27.2071160258415)"
29687,CARTESIAN_POINT,"'',(-124.600553788054,178.399999999999,-27.1872463078991)"
29688,CARTESIAN_POINT,"'',(-124.614229497854,178.399999999999,-27.1661111871006)"
29689,CARTESIAN_POINT,"'',(-124.715304775854,178.399999999999,-26.9947789019002)"
29690,CARTESIAN_POINT,"'',(-124.782795705647,178.399999999999,-26.7899116923053)"
29691,CARTESIAN_POINT,"'',(-124.888004549121,178.399999999999,-26.2131880795326)"
29692,CARTESIAN_POINT,"'',(-124.916415719518,178.399999999999,-25.8151904099261)"
29693,CARTESIAN_POINT,"'',(-124.916415719518,178.399999999999,-25.3351160258415)"
29694,CARTESIAN_POINT,"'',(-124.586415719518,178.,-23.4571160258415)"
29695,CARTESIAN_POINT,"'',(-124.808415719518,178.,-23.7631160258415)"
29696,CARTESIAN_POINT,"'',(-124.916415719518,178.,-24.3931160258415)"
29697,CARTESIAN_POINT,"'',(-124.916415719518,178.,-25.3351160258415)"
29698,CARTESIAN_POINT,"'',(-124.586415719518,178.,-23.4571160258415)"
29699,CARTESIAN_POINT,"'',(-124.582004603316,178.,-23.459766455858)"
29700,CARTESIAN_POINT,"'',(-124.582004603316,177.866666666666,-23.459766455858)"
29701,CARTESIAN_POINT,"'',(-124.582004603316,177.733333333333,-23.459766455858)"
29702,CARTESIAN_POINT,"'',(-124.582004603316,177.599999999999,-23.459766455858)"
29703,CARTESIAN_POINT,"'',(-124.916415719518,178.399999999999,-25.3351160258415)"
29704,CARTESIAN_POINT,"'',(-124.916415719518,178.399999999999,-24.8510482923141)"
29705,CARTESIAN_POINT,"'',(-124.887896724348,178.399999999999,-24.4493687670534)"
29706,CARTESIAN_POINT,"'',(-124.784124041945,178.399999999999,-23.8795588181654)"
29707,CARTESIAN_POINT,"'',(-124.719722188633,178.399999999999,-23.6803463892158)"
29708,CARTESIAN_POINT,"'',(-124.620455696292,178.399999999999,-23.5069811319963)"
29709,CARTESIAN_POINT,"'',(-124.603784617937,178.399999999999,-23.4810569398792)"
29710,CARTESIAN_POINT,"'',(-124.586415719518,178.399999999999,-23.4571160258415)"
29711,CARTESIAN_POINT,"'',(-124.584195719518,178.399999999999,-23.4540560258415)"
29712,CARTESIAN_POINT,"'',(-124.581975719518,178.399999999999,-23.4509960258415)"
29713,CARTESIAN_POINT,"'',(-124.579755719518,178.399999999999,-23.4479360258415)"
29714,CARTESIAN_POINT,"'',(-123.744870216111,178.,-23.9627607108548)"
29715,CARTESIAN_POINT,"'',(-123.764415719518,178.,-22.9891160258415)"
29716,CARTESIAN_POINT,"'',(-123.764416379061,178.,-22.9890692284542)"
29717,CARTESIAN_POINT,"'',(-123.764416379061,177.866666666666,-22.9890692284542)"
29718,CARTESIAN_POINT,"'',(-123.764416379061,177.733333333333,-22.9890692284542)"
29719,CARTESIAN_POINT,"'',(-123.764416379061,177.599999999999,-22.9890692284542)"
29720,CARTESIAN_POINT,"'',(-123.744870216111,178.40000000472,-23.9627607108548)"
29721,CARTESIAN_POINT,"'',(-123.751454834634,178.,-23.9087461369807)"
29722,CARTESIAN_POINT,"'',(-122.984415719518,178.,-23.3971160258415)"
29723,CARTESIAN_POINT,"'',(-122.984415719518,178.,-23.3971160258415)"
29724,CARTESIAN_POINT,"'',(-122.984415719518,177.599999999999,-23.3971160258415)"
29725,CARTESIAN_POINT,"'',(-123.751454834634,178.40000000472,-23.9087461369807)"
29726,CARTESIAN_POINT,"'',(-122.624415719518,178.,-25.3351160258415)"
29727,CARTESIAN_POINT,"'',(-122.624415719518,178.,-24.3931160258415)"
29728,CARTESIAN_POINT,"'',(-122.744415719518,178.,-23.7511160258415)"
29729,CARTESIAN_POINT,"'',(-122.984415719518,178.,-23.3971160258415)"
29730,CARTESIAN_POINT,"'',(-122.624415719518,178.,-25.3351160258415)"
29731,CARTESIAN_POINT,"'',(-122.624415719518,178.399999999999,-25.3351160258415)"
29732,CARTESIAN_POINT,"'',(-122.984415719518,178.399999999999,-23.3971160258415)"
29733,CARTESIAN_POINT,"'',(-122.869417641684,178.399999999999,-23.5667381906463)"
29734,CARTESIAN_POINT,"'',(-122.781970726153,178.399999999999,-23.8024831449784)"
29735,CARTESIAN_POINT,"'',(-122.656968803987,178.399999999999,-24.4352336480098)"
29736,CARTESIAN_POINT,"'',(-122.624415719518,178.399999999999,-24.8444834813391)"
29737,CARTESIAN_POINT,"'',(-122.624415719518,178.399999999999,-25.3351160258415)"
29738,CARTESIAN_POINT,"'',(-122.954415719518,178.,-27.2131160258415)"
29739,CARTESIAN_POINT,"'',(-122.732415719518,178.,-26.9011160258415)"
29740,CARTESIAN_POINT,"'',(-122.624415719518,178.,-26.2771160258415)"
29741,CARTESIAN_POINT,"'',(-122.624415719518,178.,-25.3351160258415)"
29742,CARTESIAN_POINT,"'',(-122.624415719518,178.399999999999,-25.3351160258415)"
29743,CARTESIAN_POINT,"'',(-122.624415719518,178.399999999999,-25.8070276325712)"
29744,CARTESIAN_POINT,"'',(-122.651520336082,178.399999999999,-26.1991312016392)"
29745,CARTESIAN_POINT,"'',(-122.753953728128,178.399999999999,-26.7825494039554)"
29746,CARTESIAN_POINT,"'',(-122.822203720298,178.399999999999,-26.9939510552858)"
29747,CARTESIAN_POINT,"'',(-122.925450870615,178.399999999999,-27.1703287538022)"
29748,CARTESIAN_POINT,"'',(-122.939682233677,178.399999999999,-27.1924095052013)"
29749,CARTESIAN_POINT,"'',(-122.954415719518,178.399999999999,-27.2131160258415)"
29750,CARTESIAN_POINT,"'',(-122.956635719518,178.399999999999,-27.2162360258416)"
29751,CARTESIAN_POINT,"'',(-122.958855719518,178.399999999999,-27.2193560258417)"
29752,CARTESIAN_POINT,"'',(-122.961075719519,178.399999999999,-27.2224760258418)"
29753,CARTESIAN_POINT,"'',(-13.,178.,-71.)"
29754,CARTESIAN_POINT,"'',(-126.555826238828,177.599999999999,-23.6958161406535)"
29755,CARTESIAN_POINT,"'',(-126.555826238828,177.733333333333,-23.6958161406535)"
29756,CARTESIAN_POINT,"'',(-126.555826238828,177.866666666666,-23.6958161406535)"
29757,CARTESIAN_POINT,"'',(-126.555826238828,178.,-23.6958161406535)"
29758,CARTESIAN_POINT,"'',(-126.560415719518,177.599999999999,-23.6971160258415)"
29759,CARTESIAN_POINT,"'',(-128.521767268696,177.599999999999,-24.2787358792672)"
29760,CARTESIAN_POINT,"'',(-127.178415719518,177.599999999999,-22.7431160258415)"
29761,CARTESIAN_POINT,"'',(-127.176674262086,177.599999999999,-22.7411253208698)"
29762,CARTESIAN_POINT,"'',(-127.176674262086,177.733333333333,-22.7411253208698)"
29763,CARTESIAN_POINT,"'',(-127.176674262086,177.866666666666,-22.7411253208698)"
29764,CARTESIAN_POINT,"'',(-127.176674262086,178.,-22.7411253208698)"
29765,CARTESIAN_POINT,"'',(-128.521767268696,178.40000000472,-24.2787358792672)"
29766,CARTESIAN_POINT,"'',(-128.156972668665,177.599999999999,-24.0193156803037)"
29767,CARTESIAN_POINT,"'',(-128.216415719518,177.599999999999,-22.4071160258415)"
29768,CARTESIAN_POINT,"'',(-128.216309718068,177.599999999999,-22.4099909708331)"
29769,CARTESIAN_POINT,"'',(-128.216309718068,177.733333333333,-22.4099909708331)"
29770,CARTESIAN_POINT,"'',(-128.216309718068,177.866666666666,-22.4099909708331)"
29771,CARTESIAN_POINT,"'',(-128.216309718068,178.,-22.4099909708331)"
29772,CARTESIAN_POINT,"'',(-128.156972668665,178.40000000472,-24.0193156803037)"
29773,CARTESIAN_POINT,"'',(-128.262324106532,177.599999999999,-24.0921933914432)"
29774,CARTESIAN_POINT,"'',(-128.789630999649,177.599999999999,-22.492826871372)"
29775,CARTESIAN_POINT,"'',(-128.78963099965,178.40000000472,-22.4928268713724)"
29776,CARTESIAN_POINT,"'',(-128.262324106532,178.40000000472,-24.0921933914432)"
29777,CARTESIAN_POINT,"'',(-128.309955031157,177.599999999999,-23.9477247581675)"
29778,CARTESIAN_POINT,"'',(-129.639642628659,177.599999999999,-23.1869700087206)"
29779,CARTESIAN_POINT,"'',(-129.63964262866,177.599999999999,-23.18697000872)"
29780,CARTESIAN_POINT,"'',(-128.309955031157,178.40000000472,-23.9477247581675)"
29781,CARTESIAN_POINT,"'',(-127.010760284739,177.599999999999,-24.691033619325)"
29782,CARTESIAN_POINT,"'',(-129.956415719518,177.599999999999,-23.9791160258415)"
29783,CARTESIAN_POINT,"'',(-129.954734059654,177.599999999999,-23.9795224560127)"
29784,CARTESIAN_POINT,"'',(-129.954734059654,177.733333333333,-23.9795224560127)"
29785,CARTESIAN_POINT,"'',(-129.954734059654,177.866666666666,-23.9795224560127)"
29786,CARTESIAN_POINT,"'',(-129.954734059654,178.,-23.9795224560127)"
29787,CARTESIAN_POINT,"'',(-127.010760284739,178.40000000472,-24.691033619325)"
29788,CARTESIAN_POINT,"'',(-124.153980678977,177.599999999999,-25.1733681075605)"
29789,CARTESIAN_POINT,"'',(-130.082415719518,177.599999999999,-25.3291160258415)"
29790,CARTESIAN_POINT,"'',(-130.079493904115,177.599999999999,-25.3290392658427)"
29791,CARTESIAN_POINT,"'',(-130.079493904115,177.733333333333,-25.3290392658427)"
29792,CARTESIAN_POINT,"'',(-130.079493904115,177.866666666666,-25.3290392658427)"
29793,CARTESIAN_POINT,"'',(-130.079493904115,178.,-25.3290392658427)"
29794,CARTESIAN_POINT,"'',(-124.153980678977,178.40000000472,-25.1733681075605)"
29795,CARTESIAN_POINT,"'',(-124.660367329601,177.599999999999,-25.5127898622192)"
29796,CARTESIAN_POINT,"'',(-129.878415719518,177.599999999999,-26.9611160258415)"
29797,CARTESIAN_POINT,"'',(-129.883527862778,177.599999999999,-26.9625349568829)"
29798,CARTESIAN_POINT,"'',(-129.883527862778,177.733333333333,-26.9625349568829)"
29799,CARTESIAN_POINT,"'',(-129.883527862778,177.866666666666,-26.9625349568829)"
29800,CARTESIAN_POINT,"'',(-129.883527862778,178.,-26.9625349568829)"
29801,CARTESIAN_POINT,"'',(-124.660367329601,178.40000000472,-25.5127898622192)"
29802,CARTESIAN_POINT,"'',(-127.95110304437,177.599999999999,-26.3936382862356)"
29803,CARTESIAN_POINT,"'',(-129.255364361332,177.599999999999,-27.9179033336478)"
29804,CARTESIAN_POINT,"'',(-129.255364361332,177.599999999999,-27.9179033336478)"
29805,CARTESIAN_POINT,"'',(-127.95110304437,178.40000000472,-26.3936382862356)"
29806,CARTESIAN_POINT,"'',(-128.284182065359,177.599999999999,-26.6598762575565)"
29807,CARTESIAN_POINT,"'',(-128.208147925505,177.599999999999,-28.2473415282878)"
29808,CARTESIAN_POINT,"'',(-128.208147925506,177.599999999999,-28.247341528291)"
29809,CARTESIAN_POINT,"'',(-128.284182065359,178.40000000472,-26.6598762575565)"
29810,CARTESIAN_POINT,"'',(-128.143117583328,177.599999999999,-26.663341507496)"
29811,CARTESIAN_POINT,"'',(-126.914415719518,177.599999999999,-27.6631160258415)"
29812,CARTESIAN_POINT,"'',(-126.913430009301,177.599999999999,-27.6639180820495)"
29813,CARTESIAN_POINT,"'',(-126.913430009301,177.733333333333,-27.6639180820495)"
29814,CARTESIAN_POINT,"'',(-126.913430009301,177.866666666666,-27.6639180820495)"
29815,CARTESIAN_POINT,"'',(-126.913430009301,178.,-27.6639180820495)"
29816,CARTESIAN_POINT,"'',(-128.143117583328,178.40000000472,-26.663341507496)"
29817,CARTESIAN_POINT,"'',(-126.350415719518,177.599999999999,-25.3291160258415)"
29818,CARTESIAN_POINT,"'',(-126.350415719518,177.599999999999,-26.4091160258415)"
29819,CARTESIAN_POINT,"'',(-126.536415719518,177.599999999999,-27.1831160258415)"
29820,CARTESIAN_POINT,"'',(-126.914415719518,177.599999999999,-27.6631160258415)"
29821,CARTESIAN_POINT,"'',(-126.350415719518,177.599999999999,-25.3291160258415)"
29822,CARTESIAN_POINT,"'',(-126.350415719518,177.599999999999,-25.3291160258415)"
29823,CARTESIAN_POINT,"'',(-126.350415719518,178.,-25.3291160258415)"
29824,CARTESIAN_POINT,"'',(-126.925755719518,178.399999999999,-27.6775160258415)"
29825,CARTESIAN_POINT,"'',(-126.921975719518,178.399999999999,-27.6727160258415)"
29826,CARTESIAN_POINT,"'',(-126.918195719518,178.399999999999,-27.6679160258415)"
29827,CARTESIAN_POINT,"'',(-126.914415719518,178.399999999999,-27.6631160258415)"
29828,CARTESIAN_POINT,"'',(-126.657248924856,178.399999999999,-27.3365550167478)"
29829,CARTESIAN_POINT,"'',(-126.488950540745,178.399999999999,-26.8739142539993)"
29830,CARTESIAN_POINT,"'',(-126.369422210191,178.399999999999,-25.9883227422005)"
29831,CARTESIAN_POINT,"'',(-126.350415719518,178.399999999999,-25.6743537553813)"
29832,CARTESIAN_POINT,"'',(-126.350415719518,178.399999999999,-25.3291160258415)"
29833,CARTESIAN_POINT,"'',(-131.738065103742,177.599999999999,-25.1635890752328)"
29834,CARTESIAN_POINT,"'',(-131.738065103742,178.40000000472,-25.1635890752328)"
29835,CARTESIAN_POINT,"'',(-127.400415719518,177.599999999999,-27.2131160258415)"
29836,CARTESIAN_POINT,"'',(-127.178415719518,177.599999999999,-26.9011160258415)"
29837,CARTESIAN_POINT,"'',(-127.070415719518,177.599999999999,-26.2771160258415)"
29838,CARTESIAN_POINT,"'',(-127.070415719518,177.599999999999,-25.3351160258415)"
29839,CARTESIAN_POINT,"'',(-127.400415719518,177.599999999999,-27.2131160258415)"
29840,CARTESIAN_POINT,"'',(-127.070415719518,177.599999999999,-25.3351160258415)"
29841,CARTESIAN_POINT,"'',(-127.070415719518,177.599999999999,-25.3351160258415)"
29842,CARTESIAN_POINT,"'',(-127.070415719518,177.599999999999,-24.3931160258415)"
29843,CARTESIAN_POINT,"'',(-127.190415719518,177.599999999999,-23.7511160258415)"
29844,CARTESIAN_POINT,"'',(-127.430415719518,177.599999999999,-23.3971160258415)"
29845,CARTESIAN_POINT,"'',(-127.430415719518,177.599999999999,-23.3971160258415)"
29846,CARTESIAN_POINT,"'',(-128.197455192088,177.599999999999,-23.908748029942)"
29847,CARTESIAN_POINT,"'',(-128.210415719518,177.599999999999,-22.9891160258415)"
29848,CARTESIAN_POINT,"'',(-128.190871766285,177.599999999999,-23.9627578548921)"
29849,CARTESIAN_POINT,"'',(-129.032415719518,177.599999999999,-23.4571160258415)"
29850,CARTESIAN_POINT,"'',(-129.032415719518,177.599999999999,-23.4571160258415)"
29851,CARTESIAN_POINT,"'',(-129.254415719518,177.599999999999,-23.7631160258415)"
29852,CARTESIAN_POINT,"'',(-129.362415719518,177.599999999999,-24.3931160258415)"
29853,CARTESIAN_POINT,"'',(-129.362415719518,177.599999999999,-25.3351160258415)"
29854,CARTESIAN_POINT,"'',(-129.362415719518,177.599999999999,-25.3351160258415)"
29855,CARTESIAN_POINT,"'',(-129.362415719518,177.599999999999,-25.3351160258415)"
29856,CARTESIAN_POINT,"'',(-129.362415719518,177.599999999999,-26.2711160258415)"
29857,CARTESIAN_POINT,"'',(-129.254415719518,177.599999999999,-26.8951160258415)"
29858,CARTESIAN_POINT,"'',(-129.032415719518,177.599999999999,-27.2071160258415)"
29859,CARTESIAN_POINT,"'',(-129.032415719518,177.599999999999,-27.2071160258415)"
29860,CARTESIAN_POINT,"'',(-128.191130473574,177.599999999999,-26.7032381898918)"
29861,CARTESIAN_POINT,"'',(-128.217604725663,177.599999999999,-27.6782160398321)"
29862,CARTESIAN_POINT,"'',(-128.242011321197,177.599999999999,-26.6957242889074)"
29863,CARTESIAN_POINT,"'',(-126.819915719518,177.599999999999,-23.1481160258415)"
29864,CARTESIAN_POINT,"'',(-128.242011321197,178.,-26.6957242889074)"
29865,CARTESIAN_POINT,"'',(-128.217604725663,178.,-27.6782160398321)"
29866,CARTESIAN_POINT,"'',(-127.400415719518,178.,-27.2131160258415)"
29867,CARTESIAN_POINT,"'',(-127.404778091116,178.,-27.2104341498743)"
29868,CARTESIAN_POINT,"'',(-127.404778091116,177.866666666666,-27.2104341498743)"
29869,CARTESIAN_POINT,"'',(-127.404778091116,177.733333333333,-27.2104341498743)"
29870,CARTESIAN_POINT,"'',(-127.404778091116,177.599999999999,-27.2104341498743)"
29871,CARTESIAN_POINT,"'',(-128.217604725664,178.,-27.6782160398383)"
29872,CARTESIAN_POINT,"'',(-128.242011321197,178.40000000472,-26.6957242889074)"
29873,CARTESIAN_POINT,"'',(-128.191130473574,178.,-26.7032381898918)"
29874,CARTESIAN_POINT,"'',(-129.032415719518,178.,-27.2071160258415)"
29875,CARTESIAN_POINT,"'',(-129.032415719518,178.,-27.2071160258415)"
29876,CARTESIAN_POINT,"'',(-129.032415719518,177.599999999999,-27.2071160258415)"
29877,CARTESIAN_POINT,"'',(-128.191130473574,178.40000000472,-26.7032381898918)"
29878,CARTESIAN_POINT,"'',(-129.362415719518,178.,-25.3351160258415)"
29879,CARTESIAN_POINT,"'',(-129.362415719518,178.,-26.2711160258415)"
29880,CARTESIAN_POINT,"'',(-129.254415719518,178.,-26.8951160258415)"
29881,CARTESIAN_POINT,"'',(-129.032415719518,178.,-27.2071160258415)"
29882,CARTESIAN_POINT,"'',(-129.362415719518,178.,-25.3351160258415)"
29883,CARTESIAN_POINT,"'',(-129.362415719518,178.399999999999,-25.3351160258415)"
29884,CARTESIAN_POINT,"'',(-129.032415719518,178.399999999999,-27.2071160258415)"
29885,CARTESIAN_POINT,"'',(-129.046553788051,178.399999999999,-27.187246307903)"
29886,CARTESIAN_POINT,"'',(-129.060229497851,178.399999999999,-27.1661111871048)"
29887,CARTESIAN_POINT,"'',(-129.07344185787,178.399999999999,-27.1437149703458)"
29888,CARTESIAN_POINT,"'',(-129.161304775854,178.399999999999,-26.9947789019002)"
29889,CARTESIAN_POINT,"'',(-129.228795705647,178.399999999999,-26.7899116923052)"
29890,CARTESIAN_POINT,"'',(-129.334004549121,178.399999999999,-26.2131880795325)"
29891,CARTESIAN_POINT,"'',(-129.362415719518,178.399999999999,-25.8151904099259)"
29892,CARTESIAN_POINT,"'',(-129.362415719518,178.399999999999,-25.3351160258415)"
29893,CARTESIAN_POINT,"'',(-129.032415719518,178.,-23.4571160258415)"
29894,CARTESIAN_POINT,"'',(-129.254415719518,178.,-23.7631160258415)"
29895,CARTESIAN_POINT,"'',(-129.362415719518,178.,-24.3931160258415)"
29896,CARTESIAN_POINT,"'',(-129.362415719518,178.,-25.3351160258415)"
29897,CARTESIAN_POINT,"'',(-129.032415719518,178.,-23.4571160258415)"
29898,CARTESIAN_POINT,"'',(-129.028004477193,178.,-23.4597665215512)"
29899,CARTESIAN_POINT,"'',(-129.028004477193,177.866666666666,-23.4597665215512)"
29900,CARTESIAN_POINT,"'',(-129.028004477193,177.733333333333,-23.4597665215512)"
29901,CARTESIAN_POINT,"'',(-129.028004477193,177.599999999999,-23.4597665215512)"
29902,CARTESIAN_POINT,"'',(-129.362415719518,178.399999999999,-25.3351160258415)"
29903,CARTESIAN_POINT,"'',(-129.362415719518,178.399999999999,-24.8510482923143)"
29904,CARTESIAN_POINT,"'',(-129.333896724348,178.399999999999,-24.4493687670536)"
29905,CARTESIAN_POINT,"'',(-129.230124041945,178.399999999999,-23.8795588181655)"
29906,CARTESIAN_POINT,"'',(-129.165722188633,178.399999999999,-23.6803463892152)"
29907,CARTESIAN_POINT,"'',(-129.066455696292,178.399999999999,-23.5069811319966)"
29908,CARTESIAN_POINT,"'',(-129.049784617937,178.399999999999,-23.4810569398794)"
29909,CARTESIAN_POINT,"'',(-129.032415719518,178.399999999999,-23.4571160258415)"
29910,CARTESIAN_POINT,"'',(-129.030195719518,178.399999999999,-23.4540560258415)"
29911,CARTESIAN_POINT,"'',(-129.027975719518,178.399999999999,-23.4509960258414)"
29912,CARTESIAN_POINT,"'',(-129.025755719518,178.399999999999,-23.4479360258414)"
29913,CARTESIAN_POINT,"'',(-128.190871766285,178.,-23.9627578548921)"
29914,CARTESIAN_POINT,"'',(-128.210415719518,178.,-22.9891160258415)"
29915,CARTESIAN_POINT,"'',(-128.210416375003,178.,-22.9890695149747)"
29916,CARTESIAN_POINT,"'',(-128.210416375003,177.866666666666,-22.9890695149747)"
29917,CARTESIAN_POINT,"'',(-128.210416375003,177.733333333333,-22.9890695149747)"
29918,CARTESIAN_POINT,"'',(-128.210416375003,177.599999999999,-22.9890695149747)"
29919,CARTESIAN_POINT,"'',(-128.190871766285,178.40000000472,-23.9627578548921)"
29920,CARTESIAN_POINT,"'',(-128.197455192088,178.,-23.908748029942)"
29921,CARTESIAN_POINT,"'',(-127.430415719518,178.,-23.3971160258415)"
29922,CARTESIAN_POINT,"'',(-127.430415719518,178.,-23.3971160258415)"
29923,CARTESIAN_POINT,"'',(-127.430415719518,177.599999999999,-23.3971160258415)"
29924,CARTESIAN_POINT,"'',(-128.197455192088,178.40000000472,-23.908748029942)"
29925,CARTESIAN_POINT,"'',(-127.070415719518,178.,-25.3351160258415)"
29926,CARTESIAN_POINT,"'',(-127.070415719518,178.,-24.3931160258415)"
29927,CARTESIAN_POINT,"'',(-127.190415719518,178.,-23.7511160258415)"
29928,CARTESIAN_POINT,"'',(-127.430415719518,178.,-23.3971160258415)"
29929,CARTESIAN_POINT,"'',(-127.070415719518,178.,-25.3351160258415)"
29930,CARTESIAN_POINT,"'',(-127.070415719518,178.399999999999,-25.3351160258415)"
29931,CARTESIAN_POINT,"'',(-127.430415719518,178.399999999999,-23.3971160258415)"
29932,CARTESIAN_POINT,"'',(-127.315417641684,178.399999999999,-23.5667381906463)"
29933,CARTESIAN_POINT,"'',(-127.227970726153,178.399999999999,-23.8024831449785)"
29934,CARTESIAN_POINT,"'',(-127.102968803987,178.399999999999,-24.43523364801)"
29935,CARTESIAN_POINT,"'',(-127.070415719518,178.399999999999,-24.8444834813392)"
29936,CARTESIAN_POINT,"'',(-127.070415719518,178.399999999999,-25.3351160258415)"
29937,CARTESIAN_POINT,"'',(-127.400415719518,178.,-27.2131160258415)"
29938,CARTESIAN_POINT,"'',(-127.178415719518,178.,-26.9011160258415)"
29939,CARTESIAN_POINT,"'',(-127.070415719518,178.,-26.2771160258415)"
29940,CARTESIAN_POINT,"'',(-127.070415719518,178.,-25.3351160258415)"
29941,CARTESIAN_POINT,"'',(-127.070415719518,178.399999999999,-25.3351160258415)"
29942,CARTESIAN_POINT,"'',(-127.070415719518,178.399999999999,-25.8070276325714)"
29943,CARTESIAN_POINT,"'',(-127.097520336082,178.399999999999,-26.1991312016389)"
29944,CARTESIAN_POINT,"'',(-127.199953728127,178.399999999999,-26.7825494039544)"
29945,CARTESIAN_POINT,"'',(-127.268203720297,178.399999999999,-26.993951055284)"
29946,CARTESIAN_POINT,"'',(-127.371450870616,178.399999999999,-27.1703287538038)"
29947,CARTESIAN_POINT,"'',(-127.385682233679,178.399999999999,-27.1924095052029)"
29948,CARTESIAN_POINT,"'',(-127.400415719518,178.399999999999,-27.2131160258415)"
29949,CARTESIAN_POINT,"'',(-127.402635719518,178.399999999999,-27.2162360258414)"
29950,CARTESIAN_POINT,"'',(-127.404855719518,178.399999999999,-27.2193560258412)"
29951,CARTESIAN_POINT,"'',(-127.407075719518,178.399999999999,-27.2224760258411)"
29952,CARTESIAN_POINT,"'',(-13.,178.,-71.)"
29953,CARTESIAN_POINT,"'',(-131.510007349124,177.599999999999,-26.5403488392212)"
29954,CARTESIAN_POINT,"'',(-131.504415719518,177.599999999999,-26.5411160258415)"
29955,CARTESIAN_POINT,"'',(-133.066835997157,177.599999999999,-26.3531199937376)"
29956,CARTESIAN_POINT,"'',(-131.912415719518,177.599999999999,-27.4051160258415)"
29957,CARTESIAN_POINT,"'',(-131.907838967529,177.599999999999,-27.4092867122254)"
29958,CARTESIAN_POINT,"'',(-131.907838967529,177.733333333333,-27.4092867122254)"
29959,CARTESIAN_POINT,"'',(-131.907838967529,177.866666666666,-27.4092867122254)"
29960,CARTESIAN_POINT,"'',(-131.907838967529,178.,-27.4092867122254)"
29961,CARTESIAN_POINT,"'',(-133.066835997157,178.40000000472,-26.3531199937376)"
29962,CARTESIAN_POINT,"'',(-132.598284119647,177.599999999999,-26.6399721698748)"
29963,CARTESIAN_POINT,"'',(-132.628029783324,177.599999999999,-27.6677373673516)"
29964,CARTESIAN_POINT,"'',(-132.628029783325,177.599999999999,-27.6677373673517)"
29965,CARTESIAN_POINT,"'',(-132.598284119647,178.40000000472,-26.6399721698748)"
29966,CARTESIAN_POINT,"'',(-132.656297060323,177.599999999999,-26.5483621632085)"
29967,CARTESIAN_POINT,"'',(-133.461688493956,177.599999999999,-27.3262725213021)"
29968,CARTESIAN_POINT,"'',(-133.461688493956,177.599999999999,-27.3262725213021)"
29969,CARTESIAN_POINT,"'',(-132.656297060323,178.40000000472,-26.5483621632085)"
29970,CARTESIAN_POINT,"'',(-132.651009794393,177.599999999999,-26.5101838626311)"
29971,CARTESIAN_POINT,"'',(-133.800825324887,177.599999999999,-26.4766443550036)"
29972,CARTESIAN_POINT,"'',(-133.800825324887,177.599999999999,-26.4766443550038)"
29973,CARTESIAN_POINT,"'',(-132.651009794393,178.40000000472,-26.5101838626311)"
29974,CARTESIAN_POINT,"'',(-132.712981573474,177.599999999999,-26.4439166158538)"
29975,CARTESIAN_POINT,"'',(-133.48365546,177.599999999999,-25.6754526329469)"
29976,CARTESIAN_POINT,"'',(-133.48365546,177.599999999999,-25.6754526329469)"
29977,CARTESIAN_POINT,"'',(-132.712981573474,178.40000000472,-26.4439166158538)"
29978,CARTESIAN_POINT,"'',(-132.718260890576,177.599999999999,-26.4683969178694)"
29979,CARTESIAN_POINT,"'',(-132.680415719518,177.599999999999,-25.3651160258415)"
29980,CARTESIAN_POINT,"'',(-132.680478992014,177.599999999999,-25.3669605765243)"
29981,CARTESIAN_POINT,"'',(-132.680478992014,177.733333333333,-25.3669605765243)"
29982,CARTESIAN_POINT,"'',(-132.680478992014,177.866666666666,-25.3669605765243)"
29983,CARTESIAN_POINT,"'',(-132.680478992014,178.,-25.3669605765243)"
29984,CARTESIAN_POINT,"'',(-132.718260890576,178.40000000472,-26.4683969178694)"
29985,CARTESIAN_POINT,"'',(-132.743356670833,177.599999999999,-27.3032950100876)"
29986,CARTESIAN_POINT,"'',(-132.188415719518,177.599999999999,-25.4431160258415)"
29987,CARTESIAN_POINT,"'',(-132.188286732916,177.599999999999,-25.4441379966114)"
29988,CARTESIAN_POINT,"'',(-132.743356670833,178.40000000472,-27.3032950100876)"
29989,CARTESIAN_POINT,"'',(-132.188415719518,177.599999999999,-25.4431160258415)"
29990,CARTESIAN_POINT,"'',(-132.266408272455,177.599999999999,-24.8251750315963)"
29991,CARTESIAN_POINT,"'',(-132.266408272683,177.599999999999,-24.8251750318885)"
29992,CARTESIAN_POINT,"'',(-132.188415719518,178.399999999999,-25.4431160258415)"
29993,CARTESIAN_POINT,"'',(-132.366013447219,177.599999999999,-23.995516940088)"
29994,CARTESIAN_POINT,"'',(-132.380415719518,177.599999999999,-24.8311160258415)"
29995,CARTESIAN_POINT,"'',(-132.38041386849,177.599999999999,-24.8310086318915)"
29996,CARTESIAN_POINT,"'',(-132.38041386849,177.733333333333,-24.8310086318915)"
29997,CARTESIAN_POINT,"'',(-132.38041386849,177.866666666666,-24.8310086318915)"
29998,CARTESIAN_POINT,"'',(-132.38041386849,178.,-24.8310086318915)"
29999,CARTESIAN_POINT,"'',(-132.366013447219,178.40000000472,-23.995516940088)"
30000,CARTESIAN_POINT,"'',(-132.400892852071,177.599999999999,-23.3985830105131)"
30001,CARTESIAN_POINT,"'',(-133.184415719518,177.599999999999,-24.5971160258415)"
30002,CARTESIAN_POINT,"'',(-133.184467897039,177.599999999999,-24.5971958403357)"
30003,CARTESIAN_POINT,"'',(-133.184467897039,177.733333333333,-24.5971958403357)"
30004,CARTESIAN_POINT,"'',(-133.184467897039,177.866666666666,-24.5971958403357)"
30005,CARTESIAN_POINT,"'',(-133.184467897039,178.,-24.5971958403357)"
30006,CARTESIAN_POINT,"'',(-132.400892852071,178.40000000472,-23.3985830105131)"
30007,CARTESIAN_POINT,"'',(-132.745997168428,177.599999999999,-23.9340253013443)"
30008,CARTESIAN_POINT,"'',(-133.544415719518,177.599999999999,-23.8771160258415)"
30009,CARTESIAN_POINT,"'',(-133.540553245056,177.599999999999,-23.8773913333515)"
30010,CARTESIAN_POINT,"'',(-133.540553245056,177.733333333333,-23.8773913333515)"
30011,CARTESIAN_POINT,"'',(-133.540553245056,177.866666666666,-23.8773913333515)"
30012,CARTESIAN_POINT,"'',(-133.540553245056,178.,-23.8773913333515)"
30013,CARTESIAN_POINT,"'',(-132.745997168428,178.40000000472,-23.9340253013443)"
30014,CARTESIAN_POINT,"'',(-132.682425648148,177.599999999999,-23.8487739090323)"
30015,CARTESIAN_POINT,"'',(-133.286415719518,177.599999999999,-23.2351160258415)"
30016,CARTESIAN_POINT,"'',(-133.286501642881,177.599999999999,-23.2350287271394)"
30017,CARTESIAN_POINT,"'',(-133.286501642881,177.733333333333,-23.2350287271394)"
30018,CARTESIAN_POINT,"'',(-133.286501642881,177.866666666666,-23.2350287271394)"
30019,CARTESIAN_POINT,"'',(-133.286501642881,178.,-23.2350287271394)"
30020,CARTESIAN_POINT,"'',(-132.682425648148,178.40000000472,-23.8487739090323)"
30021,CARTESIAN_POINT,"'',(-132.650190227508,177.599999999999,-23.9229935805502)"
30022,CARTESIAN_POINT,"'',(-132.608415719518,177.599999999999,-22.9831160258415)"
30023,CARTESIAN_POINT,"'',(-132.608515989111,177.599999999999,-22.9853719743745)"
30024,CARTESIAN_POINT,"'',(-132.608515989111,177.733333333333,-22.9853719743745)"
30025,CARTESIAN_POINT,"'',(-132.608515989111,177.866666666666,-22.9853719743745)"
30026,CARTESIAN_POINT,"'',(-132.608515989111,178.,-22.9853719743745)"
30027,CARTESIAN_POINT,"'',(-132.650190227508,178.40000000472,-23.9229935805502)"
30028,CARTESIAN_POINT,"'',(-132.577097208552,177.599999999999,-23.9436940253684)"
30029,CARTESIAN_POINT,"'',(-131.924415719518,177.599999999999,-23.2411160258415)"
30030,CARTESIAN_POINT,"'',(-131.923991428368,177.599999999999,-23.2406592982771)"
30031,CARTESIAN_POINT,"'',(-131.923991428368,177.733333333333,-23.2406592982771)"
30032,CARTESIAN_POINT,"'',(-131.923991428368,177.866666666666,-23.2406592982771)"
30033,CARTESIAN_POINT,"'',(-131.923991428368,178.,-23.2406592982771)"
30034,CARTESIAN_POINT,"'',(-132.577097208552,178.40000000472,-23.9436940253684)"
30035,CARTESIAN_POINT,"'',(-132.921230771788,177.599999999999,-24.1395311552677)"
30036,CARTESIAN_POINT,"'',(-131.576415719518,177.599999999999,-24.0151160258415)"
30037,CARTESIAN_POINT,"'',(-131.580679362731,177.599999999999,-24.0158812951362)"
30038,CARTESIAN_POINT,"'',(-132.921230771788,178.40000000472,-24.1395311552677)"
30039,CARTESIAN_POINT,"'',(-131.576415719518,177.599999999999,-24.0151160258415)"
30040,CARTESIAN_POINT,"'',(-130.877999398591,177.599999999999,-23.8897596945258)"
30041,CARTESIAN_POINT,"'',(-130.877998908004,177.599999999999,-23.8897600507072)"
30042,CARTESIAN_POINT,"'',(-131.576415719518,178.399999999999,-24.0151160258415)"
30043,CARTESIAN_POINT,"'',(-132.678226771127,177.599999999999,-24.1383707753608)"
30044,CARTESIAN_POINT,"'',(-131.456415719518,177.599999999999,-22.7971160258415)"
30045,CARTESIAN_POINT,"'',(-131.454406018436,177.599999999999,-22.7949098572869)"
30046,CARTESIAN_POINT,"'',(-131.454406018436,177.733333333333,-22.7949098572869)"
30047,CARTESIAN_POINT,"'',(-131.454406018436,177.866666666666,-22.7949098572869)"
30048,CARTESIAN_POINT,"'',(-131.454406018436,178.,-22.7949098572869)"
30049,CARTESIAN_POINT,"'',(-132.678226771127,178.40000000472,-24.1383707753608)"
30050,CARTESIAN_POINT,"'',(-132.535371357354,177.599999999999,-24.1091384062412)"
30051,CARTESIAN_POINT,"'',(-132.590415719518,177.599999999999,-22.4071160258415)"
30052,CARTESIAN_POINT,"'',(-132.590331260066,177.599999999999,-22.4097275898814)"
30053,CARTESIAN_POINT,"'',(-132.590331260066,177.733333333333,-22.4097275898814)"
30054,CARTESIAN_POINT,"'',(-132.590331260066,177.866666666666,-22.4097275898814)"
30055,CARTESIAN_POINT,"'',(-132.590331260066,178.,-22.4097275898814)"
30056,CARTESIAN_POINT,"'',(-132.535371357354,178.40000000472,-24.1091384062412)"
30057,CARTESIAN_POINT,"'',(-132.616439270101,177.599999999999,-24.2412416040102)"
30058,CARTESIAN_POINT,"'',(-133.454415719518,177.599999999999,-22.6111160258415)"
30059,CARTESIAN_POINT,"'',(-133.454678829712,177.599999999999,-22.6106041944432)"
30060,CARTESIAN_POINT,"'',(-133.454678829712,177.733333333333,-22.6106041944432)"
30061,CARTESIAN_POINT,"'',(-133.454678829712,177.866666666666,-22.6106041944432)"
30062,CARTESIAN_POINT,"'',(-133.454678829712,178.,-22.6106041944432)"
30063,CARTESIAN_POINT,"'',(-132.616439270101,178.40000000472,-24.2412416040102)"
30064,CARTESIAN_POINT,"'',(-132.856727238592,177.599999999999,-23.8753043256121)"
30065,CARTESIAN_POINT,"'',(-134.054415719518,177.599999999999,-23.1571160258415)"
30066,CARTESIAN_POINT,"'',(-134.054997661597,177.599999999999,-23.1567670669932)"
30067,CARTESIAN_POINT,"'',(-134.054997661597,177.733333333333,-23.1567670669932)"
30068,CARTESIAN_POINT,"'',(-134.054997661597,177.866666666666,-23.1567670669932)"
30069,CARTESIAN_POINT,"'',(-134.054997661597,178.,-23.1567670669932)"
30070,CARTESIAN_POINT,"'',(-132.856727238592,178.40000000472,-23.8753043256121)"
30071,CARTESIAN_POINT,"'',(-132.831249226835,177.599999999999,-23.9069278557265)"
30072,CARTESIAN_POINT,"'',(-134.265024304186,177.599999999999,-23.9181690947665)"
30073,CARTESIAN_POINT,"'',(-134.265024304186,178.40000000472,-23.9181690947665)"
30074,CARTESIAN_POINT,"'',(-132.831249226835,178.40000000472,-23.9069278557265)"
30075,CARTESIAN_POINT,"'',(-133.072698584433,177.599999999999,-23.9088208931963)"
30076,CARTESIAN_POINT,"'',(-133.974404659758,177.599999999999,-24.6889838021962)"
30077,CARTESIAN_POINT,"'',(-133.974404659758,178.40000000472,-24.6889838021962)"
30078,CARTESIAN_POINT,"'',(-133.072698584433,178.40000000472,-23.9088208931963)"
30079,CARTESIAN_POINT,"'',(-132.941817440482,177.599999999999,-23.7955815386081)"
30080,CARTESIAN_POINT,"'',(-133.478416228527,177.599999999999,-25.0531159729057)"
30081,CARTESIAN_POINT,"'',(-133.477708135023,177.599999999999,-25.0514577799236)"
30082,CARTESIAN_POINT,"'',(-133.477708135023,177.733333333333,-25.0514577799236)"
30083,CARTESIAN_POINT,"'',(-133.477708135023,177.866666666666,-25.0514577799236)"
30084,CARTESIAN_POINT,"'',(-133.477708135023,178.,-25.0514577799236)"
30085,CARTESIAN_POINT,"'',(-132.941817440482,178.40000000472,-23.7955815386081)"
30086,CARTESIAN_POINT,"'',(-133.223450460676,177.599999999999,-26.3542675347224)"
30087,CARTESIAN_POINT,"'',(-134.264415719518,177.599999999999,-25.5391160258415)"
30088,CARTESIAN_POINT,"'',(-134.265621892396,177.599999999999,-25.5381715047511)"
30089,CARTESIAN_POINT,"'',(-134.265621892396,177.733333333333,-25.5381715047511)"
30090,CARTESIAN_POINT,"'',(-134.265621892396,177.866666666666,-25.5381715047511)"
30091,CARTESIAN_POINT,"'',(-134.265621892396,178.,-25.5381715047511)"
30092,CARTESIAN_POINT,"'',(-133.223450460676,178.40000000472,-26.3542675347224)"
30093,CARTESIAN_POINT,"'',(-133.056380668884,177.599999999999,-26.4050248230597)"
30094,CARTESIAN_POINT,"'',(-134.546415719518,177.599999999999,-26.4631160258415)"
30095,CARTESIAN_POINT,"'',(-134.543705982809,177.599999999999,-26.4630103827799)"
30096,CARTESIAN_POINT,"'',(-134.543705982809,177.733333333333,-26.4630103827799)"
30097,CARTESIAN_POINT,"'',(-134.543705982809,177.866666666666,-26.4630103827799)"
30098,CARTESIAN_POINT,"'',(-134.543705982809,178.,-26.4630103827799)"
30099,CARTESIAN_POINT,"'',(-133.056380668884,178.40000000472,-26.4050248230597)"
30100,CARTESIAN_POINT,"'',(-132.874718071647,177.599999999999,-26.4922251305044)"
30101,CARTESIAN_POINT,"'',(-134.000415719518,177.599999999999,-27.7291160258415)"
30102,CARTESIAN_POINT,"'',(-133.999490410782,177.599999999999,-27.7280993177119)"
30103,CARTESIAN_POINT,"'',(-133.999490410782,177.733333333333,-27.7280993177119)"
30104,CARTESIAN_POINT,"'',(-133.999490410782,177.866666666666,-27.7280993177119)"
30105,CARTESIAN_POINT,"'',(-133.999490410782,178.,-27.7280993177119)"
30106,CARTESIAN_POINT,"'',(-132.874718071647,178.40000000472,-26.4922251305044)"
30107,CARTESIAN_POINT,"'',(-132.691616576335,177.599999999999,-26.3351957211458)"
30108,CARTESIAN_POINT,"'',(-132.620150492934,177.599999999999,-28.2475612750474)"
30109,CARTESIAN_POINT,"'',(-132.620150492935,177.599999999999,-28.247561275049)"
30110,CARTESIAN_POINT,"'',(-132.691616576335,178.40000000472,-26.3351957211458)"
30111,CARTESIAN_POINT,"'',(-132.54978648988,177.599999999999,-26.4688722779258)"
30112,CARTESIAN_POINT,"'',(-131.372415719518,177.599999999999,-27.8011160258415)"
30113,CARTESIAN_POINT,"'',(-131.370999308136,177.599999999999,-27.8027187539332)"
30114,CARTESIAN_POINT,"'',(-131.370999308136,177.733333333333,-27.8027187539332)"
30115,CARTESIAN_POINT,"'',(-131.370999308136,177.866666666666,-27.8027187539332)"
30116,CARTESIAN_POINT,"'',(-131.370999308136,178.,-27.8027187539332)"
30117,CARTESIAN_POINT,"'',(-132.54978648988,178.40000000472,-26.4688722779258)"
30118,CARTESIAN_POINT,"'',(-132.51808561566,177.599999999999,-26.5241495061722)"
30119,CARTESIAN_POINT,"'',(-130.805147406801,177.599999999999,-26.6367424617687)"
30120,CARTESIAN_POINT,"'',(-130.805147406801,177.599999999999,-26.6367424617687)"
30121,CARTESIAN_POINT,"'',(-132.51808561566,178.40000000472,-26.5241495061722)"
30122,CARTESIAN_POINT,"'',(-130.802415719518,177.599999999999,-26.6371160258415)"
30123,CARTESIAN_POINT,"'',(-130.802415719518,178.399999999999,-26.6371160258415)"
30124,CARTESIAN_POINT,"'',(-131.665665719518,177.599999999999,-27.0586160258415)"
30125,CARTESIAN_POINT,"'',(95.,-51.,-62.0000499947885)"
30126,CARTESIAN_POINT,"'',(-16.0000000000001,-51.,-68.0000499947886)"
30127,CARTESIAN_POINT,"'',(64.,21.,-62.0000499947885)"
30128,CARTESIAN_POINT,"'',(64.,17.,-62.0000499947885)"
30129,CARTESIAN_POINT,"'',(64.,25.,-62.0000499947885)"
30130,CARTESIAN_POINT,"'',(64.,21.,-62.0000499947885)"
30131,CARTESIAN_POINT,"'',(95.,21.,-62.0000499947885)"
30132,CARTESIAN_POINT,"'',(64.,21.,-68.0000499947886)"
30133,CARTESIAN_POINT,"'',(60.,21.,-68.0000499947886)"
30134,CARTESIAN_POINT,"'',(64.,21.,-46.)"
30135,CARTESIAN_POINT,"'',(68.,21.,-46.)"
30136,CARTESIAN_POINT,"'',(64.,21.,-95.0000499947885)"
30137,CARTESIAN_POINT,"'',(-16.0000000000001,21.,-68.0000499947886)"
30138,CARTESIAN_POINT,"'',(-88.,-168.5,-62.0000499947885)"
30139,CARTESIAN_POINT,"'',(-88.,-168.5,-67.1720499947885)"
30140,CARTESIAN_POINT,"'',(-93.172,-168.5,-62.0000499947885)"
30141,CARTESIAN_POINT,"'',(-88.,-168.5,-62.0000499947885)"
30142,CARTESIAN_POINT,"'',(-88.,-174.5,-62.0000499947885)"
30143,CARTESIAN_POINT,"'',(-88.,-168.47,-68.0150499947885)"
30144,CARTESIAN_POINT,"'',(-88.,-168.47,-62.0000499947885)"
30145,CARTESIAN_POINT,"'',(-88.,-168.47,-68.0300499947885)"
30146,CARTESIAN_POINT,"'',(-88.,-168.485,-62.0000499947885)"
30147,CARTESIAN_POINT,"'',(-88.,-168.5,-62.0000499947885)"
30148,CARTESIAN_POINT,"'',(-88.,-168.5,-68.0150499947885)"
30149,CARTESIAN_POINT,"'',(-88.,-168.5,-68.0150499947885)"
30150,CARTESIAN_POINT,"'',(-88.,-168.5,-68.0000499947885)"
30151,CARTESIAN_POINT,"'',(-88.,-178.,-68.0000499947885)"
30152,CARTESIAN_POINT,"'',(-88.,-178.,-68.0300499947885)"
30153,CARTESIAN_POINT,"'',(-88.,-178.2425,-68.0150499947885)"
30154,CARTESIAN_POINT,"'',(-88.,-168.47,-62.0000499947885)"
30155,CARTESIAN_POINT,"'',(-94.03,-168.47,-62.0000499947885)"
30156,CARTESIAN_POINT,"'',(-94.03,-178.,-62.0000499947885)"
30157,CARTESIAN_POINT,"'',(-94.,-178.,-62.0000499947885)"
30158,CARTESIAN_POINT,"'',(-94.,-168.5,-62.0000499947885)"
30159,CARTESIAN_POINT,"'',(-88.,-168.5,-62.0000499947885)"
30160,CARTESIAN_POINT,"'',(-88.,-168.5,-62.0000499947885)"
30161,CARTESIAN_POINT,"'',(-94.015,-168.485,-62.0000499947885)"
30162,CARTESIAN_POINT,"'',(-88.,-168.47,-62.0000499947885)"
30163,CARTESIAN_POINT,"'',(-88.,-178.,-62.0000499947885)"
30164,CARTESIAN_POINT,"'',(-88.,-168.5,-62.0000499947885)"
30165,CARTESIAN_POINT,"'',(-88.,-178.,-62.0000499947885)"
30166,CARTESIAN_POINT,"'',(-88.,-168.5,-62.0000499947885)"
30167,CARTESIAN_POINT,"'',(-88.,-168.47,-68.0150499947885)"
30168,CARTESIAN_POINT,"'',(-88.,-168.5,-68.0150499947885)"
30169,CARTESIAN_POINT,"'',(-148.5,116.,-56.)"
30170,CARTESIAN_POINT,"'',(-117.009252271189,116.,-56.)"
30171,CARTESIAN_POINT,"'',(-116.893782217351,116.,-56.)"
30172,CARTESIAN_POINT,"'',(-116.893782217351,123.,-56.)"
30173,CARTESIAN_POINT,"'',(-116.893782217351,123.,-63.)"
30174,CARTESIAN_POINT,"'',(-148.5,123.,-63.)"
30175,CARTESIAN_POINT,"'',(-117.009252271189,123.,-63.)"
30176,CARTESIAN_POINT,"'',(-117.009252271189,123.,-56.)"
30177,CARTESIAN_POINT,"'',(-115.999986385164,123.,-56.)"
30178,CARTESIAN_POINT,"'',(-115.999986385164,123.,-63.)"
30179,CARTESIAN_POINT,"'',(-148.5,123.,-56.)"
30180,CARTESIAN_POINT,"'',(-111.793976,123.,-56.)"
30181,CARTESIAN_POINT,"'',(-111.793976,123.,-56.)"
30182,CARTESIAN_POINT,"'',(-148.5,115.,-56.)"
30183,CARTESIAN_POINT,"'',(-117.471132486541,115.,-56.)"
30184,CARTESIAN_POINT,"'',(-117.456698729811,115.025,-56.)"
30185,CARTESIAN_POINT,"'',(-117.543301270189,115.075,-56.)"
30186,CARTESIAN_POINT,"'',(-117.528867513459,115.1,-56.)"
30187,CARTESIAN_POINT,"'',(-148.5,115.1,-56.)"
30188,CARTESIAN_POINT,"'',(-117.5,115.05,-56.)"
30189,CARTESIAN_POINT,"'',(-148.5,123.,-63.9)"
30190,CARTESIAN_POINT,"'',(-117.528867513459,123.,-63.9)"
30191,CARTESIAN_POINT,"'',(-117.543301270189,123.,-63.925)"
30192,CARTESIAN_POINT,"'',(-117.456698729811,123.,-63.975)"
30193,CARTESIAN_POINT,"'',(-117.471132486541,123.,-64.)"
30194,CARTESIAN_POINT,"'',(-148.5,123.,-64.)"
30195,CARTESIAN_POINT,"'',(-133.,123.,-63.95)"
30196,CARTESIAN_POINT,"'',(-117.528867513459,123.,-56.)"
30197,CARTESIAN_POINT,"'',(-148.5,123.,-56.)"
30198,CARTESIAN_POINT,"'',(-117.543301270189,123.,-56.)"
30199,CARTESIAN_POINT,"'',(-117.471132486541,123.,-56.)"
30200,CARTESIAN_POINT,"'',(-148.5,123.,-56.)"
30201,CARTESIAN_POINT,"'',(-117.456698729811,123.,-56.)"
30202,CARTESIAN_POINT,"'',(-148.5,-130.,-56.)"
30203,CARTESIAN_POINT,"'',(-117.009252271189,-130.,-56.)"
30204,CARTESIAN_POINT,"'',(-116.893782217351,-130.,-56.)"
30205,CARTESIAN_POINT,"'',(-116.893782217351,-123.,-56.)"
30206,CARTESIAN_POINT,"'',(-116.893782217351,-123.,-63.)"
30207,CARTESIAN_POINT,"'',(-148.5,-123.,-63.)"
30208,CARTESIAN_POINT,"'',(-117.009252271189,-123.,-63.)"
30209,CARTESIAN_POINT,"'',(-117.009252271189,-123.,-56.)"
30210,CARTESIAN_POINT,"'',(-115.999986385164,-123.,-56.)"
30211,CARTESIAN_POINT,"'',(-115.999986385164,-123.,-63.)"
30212,CARTESIAN_POINT,"'',(-148.5,-123.,-56.)"
30213,CARTESIAN_POINT,"'',(-111.793976,-123.,-56.)"
30214,CARTESIAN_POINT,"'',(-111.793976,-123.,-56.)"
30215,CARTESIAN_POINT,"'',(-148.5,-131.,-56.)"
30216,CARTESIAN_POINT,"'',(-117.471132486541,-131.,-56.)"
30217,CARTESIAN_POINT,"'',(-117.456698729811,-130.975,-56.)"
30218,CARTESIAN_POINT,"'',(-117.543301270189,-130.925,-56.)"
30219,CARTESIAN_POINT,"'',(-117.528867513459,-130.9,-56.)"
30220,CARTESIAN_POINT,"'',(-148.5,-130.9,-56.)"
30221,CARTESIAN_POINT,"'',(-117.5,-130.95,-56.)"
30222,CARTESIAN_POINT,"'',(-148.5,-123.,-63.9)"
30223,CARTESIAN_POINT,"'',(-117.528867513459,-123.,-63.9)"
30224,CARTESIAN_POINT,"'',(-117.543301270189,-123.,-63.925)"
30225,CARTESIAN_POINT,"'',(-117.456698729811,-123.,-63.975)"
30226,CARTESIAN_POINT,"'',(-117.471132486541,-123.,-64.)"
30227,CARTESIAN_POINT,"'',(-148.5,-123.,-64.)"
30228,CARTESIAN_POINT,"'',(-133.,-123.,-63.95)"
30229,CARTESIAN_POINT,"'',(-117.528867513459,-123.,-56.)"
30230,CARTESIAN_POINT,"'',(-148.5,-123.,-56.)"
30231,CARTESIAN_POINT,"'',(-117.543301270189,-123.,-56.)"
30232,CARTESIAN_POINT,"'',(-117.471132486541,-123.,-56.)"
30233,CARTESIAN_POINT,"'',(-148.5,-123.,-56.)"
30234,CARTESIAN_POINT,"'',(-117.456698729811,-123.,-56.)"
30235,CARTESIAN_POINT,"'',(-120.,150.,-45.)"
30236,CARTESIAN_POINT,"'',(-135.25,150.,-45.)"
30237,CARTESIAN_POINT,"'',(-120.,150.,-45.)"
30238,CARTESIAN_POINT,"'',(-120.,150.,-45.)"
30239,CARTESIAN_POINT,"'',(-120.,-150.,-45.)"
30240,CARTESIAN_POINT,"'',(-135.25,-150.,-45.)"
30241,CARTESIAN_POINT,"'',(-120.,-150.,-45.)"
30242,CARTESIAN_POINT,"'',(-120.,-150.,-45.)"
30243,CARTESIAN_POINT,"'',(120.,-150.,-45.)"
30244,CARTESIAN_POINT,"'',(104.75,-150.,-45.)"
30245,CARTESIAN_POINT,"'',(120.,-150.,-45.)"
30246,CARTESIAN_POINT,"'',(120.,-150.,-45.)"
30247,CARTESIAN_POINT,"'',(120.,150.,-45.)"
30248,CARTESIAN_POINT,"'',(104.75,150.,-45.)"
30249,CARTESIAN_POINT,"'',(120.,150.,-45.)"
30250,CARTESIAN_POINT,"'',(120.,150.,-45.)"
30251,CARTESIAN_POINT,"'',(65.596755659456,178.399999999999,-37.3028198271211)"
30252,CARTESIAN_POINT,"'',(65.596755659456,177.599999999999,-37.3028198271211)"
30253,CARTESIAN_POINT,"'',(65.596755659456,177.599999999999,-37.3028198271211)"
30254,CARTESIAN_POINT,"'',(64.462755659456,177.599999999999,-37.3028198271211)"
30255,CARTESIAN_POINT,"'',(64.462755659456,178.399999999999,-37.3028198271211)"
30256,CARTESIAN_POINT,"'',(65.596755659456,178.399999999999,-37.3028198271211)"
30257,CARTESIAN_POINT,"'',(64.462755659456,177.599999999999,-37.3028198271211)"
30258,CARTESIAN_POINT,"'',(63.100755659456,177.599999999999,-41.3588198271212)"
30259,CARTESIAN_POINT,"'',(63.100755659456,177.599999999999,-41.3588198271212)"
30260,CARTESIAN_POINT,"'',(63.100755659456,177.733333333333,-41.3588198271212)"
30261,CARTESIAN_POINT,"'',(63.100755659456,177.866666666666,-41.3588198271212)"
30262,CARTESIAN_POINT,"'',(63.100755659456,178.,-41.3588198271212)"
30263,CARTESIAN_POINT,"'',(64.462755659456,178.399999999999,-37.3028198271211)"
30264,CARTESIAN_POINT,"'',(136.435526935299,177.599999999999,-65.734392632009)"
30265,CARTESIAN_POINT,"'',(62.8252848298804,177.599999999999,-42.2035504083647)"
30266,CARTESIAN_POINT,"'',(62.8252848315305,177.599999999999,-42.203550408377)"
30267,CARTESIAN_POINT,"'',(136.435526935299,178.40000000472,-65.734392632009)"
30268,CARTESIAN_POINT,"'',(46.7703322297554,177.599999999999,-47.0746221999476)"
30269,CARTESIAN_POINT,"'',(62.518755659456,177.599999999999,-41.2868198271211)"
30270,CARTESIAN_POINT,"'',(62.5181220016261,177.599999999999,-41.2870527067048)"
30271,CARTESIAN_POINT,"'',(62.5181220016261,177.733333333333,-41.2870527067048)"
30272,CARTESIAN_POINT,"'',(62.5181220016261,177.866666666666,-41.2870527067048)"
30273,CARTESIAN_POINT,"'',(62.5181220016261,178.,-41.2870527067048)"
30274,CARTESIAN_POINT,"'',(46.7703322297554,178.40000000472,-47.0746221999476)"
30275,CARTESIAN_POINT,"'',(62.518755659456,177.599999999999,-41.2868198271211)"
30276,CARTESIAN_POINT,"'',(61.144755659456,177.599999999999,-37.3028198271211)"
30277,CARTESIAN_POINT,"'',(61.144755659456,178.399999999999,-37.3028198271211)"
30278,CARTESIAN_POINT,"'',(62.518755659456,178.399999999999,-41.2868198271211)"
30279,CARTESIAN_POINT,"'',(61.144755659456,177.599999999999,-37.3028198271211)"
30280,CARTESIAN_POINT,"'',(60.124755659456,177.599999999999,-37.3028198271211)"
30281,CARTESIAN_POINT,"'',(60.124755659456,178.399999999999,-37.3028198271211)"
30282,CARTESIAN_POINT,"'',(61.144755659456,178.399999999999,-37.3028198271211)"
30283,CARTESIAN_POINT,"'',(60.124755659456,177.599999999999,-37.3028198271211)"
30284,CARTESIAN_POINT,"'',(60.124755659456,177.599999999999,-43.0268198271212)"
30285,CARTESIAN_POINT,"'',(60.124755659456,178.399999999999,-43.0268198271212)"
30286,CARTESIAN_POINT,"'',(60.124755659456,178.399999999999,-37.3028198271211)"
30287,CARTESIAN_POINT,"'',(60.124755659456,177.599999999999,-43.0268198271212)"
30288,CARTESIAN_POINT,"'',(60.856755659456,177.599999999999,-43.0268198271212)"
30289,CARTESIAN_POINT,"'',(60.856755659456,178.399999999999,-43.0268198271212)"
30290,CARTESIAN_POINT,"'',(60.124755659456,178.399999999999,-43.0268198271212)"
30291,CARTESIAN_POINT,"'',(60.856755659456,177.599999999999,-43.0268198271212)"
30292,CARTESIAN_POINT,"'',(60.856755659456,177.599999999999,-38.2388198271211)"
30293,CARTESIAN_POINT,"'',(60.856755659456,178.399999999999,-38.2388198271211)"
30294,CARTESIAN_POINT,"'',(60.856755659456,178.399999999999,-43.0268198271212)"
30295,CARTESIAN_POINT,"'',(60.856755659456,177.599999999999,-38.2388198271211)"
30296,CARTESIAN_POINT,"'',(62.530755659456,177.599999999999,-43.0268198271212)"
30297,CARTESIAN_POINT,"'',(62.530755659456,178.399999999999,-43.0268198271212)"
30298,CARTESIAN_POINT,"'',(60.856755659456,178.399999999999,-38.2388198271211)"
30299,CARTESIAN_POINT,"'',(62.530755659456,177.599999999999,-43.0268198271212)"
30300,CARTESIAN_POINT,"'',(63.208755659456,177.599999999999,-43.0268198271212)"
30301,CARTESIAN_POINT,"'',(63.208755659456,178.399999999999,-43.0268198271212)"
30302,CARTESIAN_POINT,"'',(62.530755659456,178.399999999999,-43.0268198271212)"
30303,CARTESIAN_POINT,"'',(63.208755659456,177.599999999999,-43.0268198271212)"
30304,CARTESIAN_POINT,"'',(64.864755659456,177.599999999999,-38.1548198271212)"
30305,CARTESIAN_POINT,"'',(64.864755659456,178.399999999999,-38.1548198271212)"
30306,CARTESIAN_POINT,"'',(63.208755659456,178.399999999999,-43.0268198271212)"
30307,CARTESIAN_POINT,"'',(64.864755659456,177.599999999999,-38.1548198271212)"
30308,CARTESIAN_POINT,"'',(64.864755659456,177.599999999999,-43.0268198271212)"
30309,CARTESIAN_POINT,"'',(64.864755659456,178.399999999999,-43.0268198271212)"
30310,CARTESIAN_POINT,"'',(64.864755659456,178.399999999999,-38.1548198271212)"
30311,CARTESIAN_POINT,"'',(64.864755659456,177.599999999999,-43.0268198271212)"
30312,CARTESIAN_POINT,"'',(65.596755659456,177.599999999999,-43.0268198271212)"
30313,CARTESIAN_POINT,"'',(65.596755659456,178.399999999999,-43.0268198271212)"
30314,CARTESIAN_POINT,"'',(64.864755659456,178.399999999999,-43.0268198271212)"
30315,CARTESIAN_POINT,"'',(65.596755659456,177.599999999999,-43.0268198271212)"
30316,CARTESIAN_POINT,"'',(65.596755659456,178.399999999999,-43.0268198271212)"
30317,CARTESIAN_POINT,"'',(62.938005659456,177.599999999999,-41.8538198271212)"
30318,CARTESIAN_POINT,"'',(57.256755659456,178.399999999999,-43.0268198271212)"
30319,CARTESIAN_POINT,"'',(57.256755659456,177.599999999999,-43.0268198271212)"
30320,CARTESIAN_POINT,"'',(57.256755659456,177.599999999999,-43.0268198271212)"
30321,CARTESIAN_POINT,"'',(57.256755659456,177.599999999999,-38.5532077510933)"
30322,CARTESIAN_POINT,"'',(57.256755659456,177.599999999999,-38.5532077510933)"
30323,CARTESIAN_POINT,"'',(57.256755659456,178.399999999999,-43.0268198271212)"
30324,CARTESIAN_POINT,"'',(59.6673878187618,177.599999999999,-35.8828262058507)"
30325,CARTESIAN_POINT,"'',(57.922755659456,177.599999999999,-39.0308198271211)"
30326,CARTESIAN_POINT,"'',(57.9235316207613,177.599999999999,-39.0294196917251)"
30327,CARTESIAN_POINT,"'',(57.9235316207613,177.733333333333,-39.0294196917251)"
30328,CARTESIAN_POINT,"'',(57.9235316207613,177.866666666666,-39.0294196917251)"
30329,CARTESIAN_POINT,"'',(57.9235316207613,178.,-39.0294196917251)"
30330,CARTESIAN_POINT,"'',(59.6673878187618,178.40000000472,-35.8828262058507)"
30331,CARTESIAN_POINT,"'',(60.6245538535949,177.599999999999,-34.5288018952948)"
30332,CARTESIAN_POINT,"'',(58.660755659456,177.599999999999,-39.3968198271211)"
30333,CARTESIAN_POINT,"'',(58.660755659456,177.599999999999,-39.3975588046109)"
30334,CARTESIAN_POINT,"'',(60.6245538535949,178.40000000472,-34.5288018952948)"
30335,CARTESIAN_POINT,"'',(58.660755659456,177.599999999999,-39.3968198271211)"
30336,CARTESIAN_POINT,"'',(58.660755659456,177.599999999999,-38.7175324079007)"
30337,CARTESIAN_POINT,"'',(58.660755659456,177.599999999999,-38.7175324079007)"
30338,CARTESIAN_POINT,"'',(58.660755659456,178.399999999999,-39.3968198271211)"
30339,CARTESIAN_POINT,"'',(60.4706928952575,177.599999999999,-34.7957285087251)"
30340,CARTESIAN_POINT,"'',(57.628755659456,177.599999999999,-38.0468198271211)"
30341,CARTESIAN_POINT,"'',(57.6279771903729,177.599999999999,-38.0477103725018)"
30342,CARTESIAN_POINT,"'',(57.6279771903729,177.733333333333,-38.0477103725018)"
30343,CARTESIAN_POINT,"'',(57.6279771903729,177.866666666666,-38.0477103725018)"
30344,CARTESIAN_POINT,"'',(57.6279771903729,178.,-38.0477103725018)"
30345,CARTESIAN_POINT,"'',(60.4706928952575,178.40000000472,-34.7957285087251)"
30346,CARTESIAN_POINT,"'',(59.4249702993538,177.599999999999,-35.9341756917641)"
30347,CARTESIAN_POINT,"'',(57.0021785845737,177.599999999999,-37.2788198271212)"
30348,CARTESIAN_POINT,"'',(57.0021785845737,177.599999999999,-37.2788198271212)"
30349,CARTESIAN_POINT,"'',(59.4249702993538,178.40000000472,-35.9341756917641)"
30350,CARTESIAN_POINT,"'',(57.004755659456,177.599999999999,-37.2788198271212)"
30351,CARTESIAN_POINT,"'',(56.554755659456,177.599999999999,-37.2788198271212)"
30352,CARTESIAN_POINT,"'',(56.554755659456,178.399999999999,-37.2788198271212)"
30353,CARTESIAN_POINT,"'',(57.004755659456,178.399999999999,-37.2788198271212)"
30354,CARTESIAN_POINT,"'',(56.554755659456,177.599999999999,-37.2788198271212)"
30355,CARTESIAN_POINT,"'',(56.554755659456,177.599999999999,-43.0268198271212)"
30356,CARTESIAN_POINT,"'',(56.554755659456,178.399999999999,-43.0268198271212)"
30357,CARTESIAN_POINT,"'',(56.554755659456,178.399999999999,-37.2788198271212)"
30358,CARTESIAN_POINT,"'',(56.554755659456,177.599999999999,-43.0268198271212)"
30359,CARTESIAN_POINT,"'',(56.554755659456,178.399999999999,-43.0268198271212)"
30360,CARTESIAN_POINT,"'',(57.549255659456,177.599999999999,-38.7908198271211)"
30361,CARTESIAN_POINT,"'',(52.3172093637201,177.599999999999,-41.1652566697136)"
30362,CARTESIAN_POINT,"'',(53.818755659456,177.599999999999,-41.8688198271212)"
30363,CARTESIAN_POINT,"'',(53.974755659456,177.599999999999,-41.1728198271212)"
30364,CARTESIAN_POINT,"'',(52.7386256331183,177.599999999999,-41.1069638941716)"
30365,CARTESIAN_POINT,"'',(53.644755659456,177.599999999999,-40.2728198271212)"
30366,CARTESIAN_POINT,"'',(52.8536368205281,177.599999999999,-41.0162314496354)"
30367,CARTESIAN_POINT,"'',(52.834755659456,177.599999999999,-39.9308198271211)"
30368,CARTESIAN_POINT,"'',(52.8072910684098,177.599999999999,-40.9729685020963)"
30369,CARTESIAN_POINT,"'',(52.036755659456,177.599999999999,-40.2728198271212)"
30370,CARTESIAN_POINT,"'',(53.0615295122178,177.599999999999,-41.121252334269)"
30371,CARTESIAN_POINT,"'',(51.724755659456,177.599999999999,-41.2088198271212)"
30372,CARTESIAN_POINT,"'',(53.1658134156884,177.599999999999,-41.2935070435831)"
30373,CARTESIAN_POINT,"'',(52.042755659456,177.599999999999,-42.1868198271211)"
30374,CARTESIAN_POINT,"'',(52.8058751583965,177.599999999999,-41.5635793550397)"
30375,CARTESIAN_POINT,"'',(52.810755659456,177.599999999999,-42.5468198271211)"
30376,CARTESIAN_POINT,"'',(52.7971517179472,177.599999999999,-41.4517317951905)"
30377,CARTESIAN_POINT,"'',(53.392755659456,177.599999999999,-42.3728198271211)"
30378,CARTESIAN_POINT,"'',(52.7650299182934,177.599999999999,-41.4146951214109)"
30379,CARTESIAN_POINT,"'',(53.1550517455417,177.599999999999,-38.9737932653419)"
30380,CARTESIAN_POINT,"'',(52.066755659456,177.599999999999,-38.1548198271212)"
30381,CARTESIAN_POINT,"'',(51.8059387488624,177.599999999999,-38.7610646801524)"
30382,CARTESIAN_POINT,"'',(51.100755659456,177.599999999999,-38.7068198271211)"
30383,CARTESIAN_POINT,"'',(51.104617943628,177.599999999999,-38.7071169259036)"
30384,CARTESIAN_POINT,"'',(52.7421063471034,177.599999999999,-38.8511832925199)"
30385,CARTESIAN_POINT,"'',(51.6165806370732,177.599999999999,-37.6531368553692)"
30386,CARTESIAN_POINT,"'',(52.6532013738387,177.599999999999,-38.9107750978768)"
30387,CARTESIAN_POINT,"'',(52.7241111885978,177.599999999999,-37.2825219544505)"
30388,CARTESIAN_POINT,"'',(52.7953793313874,177.599999999999,-39.0639313193209)"
30389,CARTESIAN_POINT,"'',(54.172755659456,177.599999999999,-37.9328198271211)"
30390,CARTESIAN_POINT,"'',(54.172755659456,177.599999999999,-37.9328198271211)"
30391,CARTESIAN_POINT,"'',(54.580755659456,177.599999999999,-38.4368198271211)"
30392,CARTESIAN_POINT,"'',(54.784755659456,177.599999999999,-39.2408198271211)"
30393,CARTESIAN_POINT,"'',(54.784755659456,177.599999999999,-40.3448198271212)"
30394,CARTESIAN_POINT,"'',(54.784755659456,177.599999999999,-40.3448198271212)"
30395,CARTESIAN_POINT,"'',(54.784755659456,177.599999999999,-40.3448198271212)"
30396,CARTESIAN_POINT,"'',(54.784755659456,177.599999999999,-41.3348198271211)"
30397,CARTESIAN_POINT,"'',(54.598755659456,177.599999999999,-42.0488198271212)"
30398,CARTESIAN_POINT,"'',(54.232755659456,177.599999999999,-42.4748198271211)"
30399,CARTESIAN_POINT,"'',(54.232755659456,177.599999999999,-42.4748198271211)"
30400,CARTESIAN_POINT,"'',(52.8487176400208,177.599999999999,-41.3179637968083)"
30401,CARTESIAN_POINT,"'',(52.798755659456,177.599999999999,-43.1228198271211)"
30402,CARTESIAN_POINT,"'',(52.768642350745,177.599999999999,-41.3653353122496)"
30403,CARTESIAN_POINT,"'',(51.874755659456,177.599999999999,-42.8768198271211)"
30404,CARTESIAN_POINT,"'',(52.7758230083255,177.599999999999,-41.4355199040427)"
30405,CARTESIAN_POINT,"'',(51.238755659456,177.599999999999,-42.1688198271211)"
30406,CARTESIAN_POINT,"'',(53.1842864545285,177.599999999999,-41.1886351424195)"
30407,CARTESIAN_POINT,"'',(51.004755659456,177.599999999999,-41.1668198271212)"
30408,CARTESIAN_POINT,"'',(52.8669291389479,177.599999999999,-41.0819491568193)"
30409,CARTESIAN_POINT,"'',(51.496755659456,177.599999999999,-39.8288198271212)"
30410,CARTESIAN_POINT,"'',(52.6743363870378,177.599999999999,-40.9105306873983)"
30411,CARTESIAN_POINT,"'',(52.696755659456,177.599999999999,-39.3128198271212)"
30412,CARTESIAN_POINT,"'',(52.6776243920705,177.599999999999,-41.056487243682)"
30413,CARTESIAN_POINT,"'',(53.464755659456,177.599999999999,-39.4988198271212)"
30414,CARTESIAN_POINT,"'',(52.6767631390375,177.599999999999,-40.9587989388862)"
30415,CARTESIAN_POINT,"'',(54.0781540704161,177.599999999999,-40.0693126067667)"
30416,CARTESIAN_POINT,"'',(50.1804533875715,177.599999999999,-39.9487183848841)"
30417,CARTESIAN_POINT,"'',(53.884755659456,177.599999999999,-38.7488198271212)"
30418,CARTESIAN_POINT,"'',(52.3654725837157,177.599999999999,-39.3118449794334)"
30419,CARTESIAN_POINT,"'',(53.362755659456,177.599999999999,-38.0408198271211)"
30420,CARTESIAN_POINT,"'',(52.7833920792794,177.599999999999,-38.8535746547062)"
30421,CARTESIAN_POINT,"'',(52.768755659456,177.599999999999,-37.8548198271211)"
30422,CARTESIAN_POINT,"'',(52.7565496347315,177.599999999999,-38.7959990344611)"
30423,CARTESIAN_POINT,"'',(51.914505659456,177.599999999999,-38.4015698271211)"
30424,CARTESIAN_POINT,"'',(51.8059387488621,177.599999999999,-38.7610646801523)"
30425,CARTESIAN_POINT,"'',(52.0637522110608,177.599999999999,-38.1525596476625)"
30426,CARTESIAN_POINT,"'',(52.0637522110608,177.733333333333,-38.1525596476625)"
30427,CARTESIAN_POINT,"'',(52.0637522110608,177.866666666666,-38.1525596476625)"
30428,CARTESIAN_POINT,"'',(52.0637522110608,178.,-38.1525596476625)"
30429,CARTESIAN_POINT,"'',(53.1550517455417,178.40000000472,-38.9737932653419)"
30430,CARTESIAN_POINT,"'',(52.7687519851011,177.599999999999,-37.8551031483938)"
30431,CARTESIAN_POINT,"'',(52.7687519851011,177.733333333333,-37.8551031483938)"
30432,CARTESIAN_POINT,"'',(52.7687519851011,177.866666666666,-37.8551031483938)"
30433,CARTESIAN_POINT,"'',(52.7687519851011,178.,-37.8551031483938)"
30434,CARTESIAN_POINT,"'',(52.7565496347315,178.40000000472,-38.7959990344611)"
30435,CARTESIAN_POINT,"'',(53.3628721034177,177.599999999999,-38.040656474789)"
30436,CARTESIAN_POINT,"'',(53.3628721034177,177.733333333333,-38.040656474789)"
30437,CARTESIAN_POINT,"'',(53.3628721034177,177.866666666666,-38.040656474789)"
30438,CARTESIAN_POINT,"'',(53.3628721034177,178.,-38.040656474789)"
30439,CARTESIAN_POINT,"'',(52.7833920792794,178.40000000472,-38.8535746547062)"
30440,CARTESIAN_POINT,"'',(53.8825242717746,177.599999999999,-38.7496467483245)"
30441,CARTESIAN_POINT,"'',(53.8825242717746,177.733333333333,-38.7496467483245)"
30442,CARTESIAN_POINT,"'',(53.8825242717746,177.866666666666,-38.7496467483245)"
30443,CARTESIAN_POINT,"'',(53.8825242717746,178.,-38.7496467483245)"
30444,CARTESIAN_POINT,"'',(52.3654725837157,178.40000000472,-39.3118449794334)"
30445,CARTESIAN_POINT,"'',(54.0781540704164,177.599999999999,-40.069312606766)"
30446,CARTESIAN_POINT,"'',(50.1804533875715,178.40000000472,-39.9487183848841)"
30447,CARTESIAN_POINT,"'',(53.4651293535389,177.599999999999,-39.4981274530934)"
30448,CARTESIAN_POINT,"'',(53.4651293535389,177.733333333333,-39.4981274530934)"
30449,CARTESIAN_POINT,"'',(53.4651293535389,177.866666666666,-39.4981274530934)"
30450,CARTESIAN_POINT,"'',(53.4651293535389,178.,-39.4981274530934)"
30451,CARTESIAN_POINT,"'',(52.6767631390375,178.40000000472,-40.9587989388862)"
30452,CARTESIAN_POINT,"'',(52.6967632350369,177.599999999999,-39.3121293713762)"
30453,CARTESIAN_POINT,"'',(52.6967632350369,177.733333333333,-39.3121293713762)"
30454,CARTESIAN_POINT,"'',(52.6967632350369,177.866666666666,-39.3121293713762)"
30455,CARTESIAN_POINT,"'',(52.6967632350369,178.,-39.3121293713762)"
30456,CARTESIAN_POINT,"'',(52.6776243920705,178.40000000472,-41.056487243682)"
30457,CARTESIAN_POINT,"'',(51.4979423030891,177.599999999999,-39.8299098630526)"
30458,CARTESIAN_POINT,"'',(51.4979423030891,177.733333333333,-39.8299098630526)"
30459,CARTESIAN_POINT,"'',(51.4979423030891,177.866666666666,-39.8299098630526)"
30460,CARTESIAN_POINT,"'',(51.4979423030891,178.,-39.8299098630526)"
30461,CARTESIAN_POINT,"'',(52.6743363870378,178.40000000472,-40.9105306873983)"
30462,CARTESIAN_POINT,"'',(51.0092323352123,177.599999999999,-41.1666157975416)"
30463,CARTESIAN_POINT,"'',(51.0092323352123,177.733333333333,-41.1666157975416)"
30464,CARTESIAN_POINT,"'',(51.0092323352123,177.866666666666,-41.1666157975416)"
30465,CARTESIAN_POINT,"'',(51.0092323352123,178.,-41.1666157975416)"
30466,CARTESIAN_POINT,"'',(52.8669291389479,178.40000000472,-41.0819491568193)"
30467,CARTESIAN_POINT,"'',(51.2383418150613,177.599999999999,-42.1690283275152)"
30468,CARTESIAN_POINT,"'',(51.2383418150613,177.733333333333,-42.1690283275152)"
30469,CARTESIAN_POINT,"'',(51.2383418150613,177.866666666666,-42.1690283275152)"
30470,CARTESIAN_POINT,"'',(51.2383418150613,178.,-42.1690283275152)"
30471,CARTESIAN_POINT,"'',(53.1842864545285,178.40000000472,-41.1886351424195)"
30472,CARTESIAN_POINT,"'',(51.8739802781181,177.599999999999,-42.8780600863138)"
30473,CARTESIAN_POINT,"'',(51.8739802781181,177.733333333333,-42.8780600863138)"
30474,CARTESIAN_POINT,"'',(51.8739802781181,177.866666666666,-42.8780600863138)"
30475,CARTESIAN_POINT,"'',(51.8739802781181,178.,-42.8780600863138)"
30476,CARTESIAN_POINT,"'',(52.7758230083255,178.40000000472,-41.4355199040427)"
30477,CARTESIAN_POINT,"'',(52.7987373313633,177.599999999999,-43.1217501559222)"
30478,CARTESIAN_POINT,"'',(52.7987373313633,177.733333333333,-43.1217501559222)"
30479,CARTESIAN_POINT,"'',(52.7987373313633,177.866666666666,-43.1217501559222)"
30480,CARTESIAN_POINT,"'',(52.7987373313633,178.,-43.1217501559222)"
30481,CARTESIAN_POINT,"'',(52.768642350745,178.40000000472,-41.3653353122496)"
30482,CARTESIAN_POINT,"'',(54.2323364021323,177.599999999999,-42.4744693885087)"
30483,CARTESIAN_POINT,"'',(54.2323364021323,177.733333333333,-42.4744693885087)"
30484,CARTESIAN_POINT,"'',(54.2323364021323,177.866666666666,-42.4744693885087)"
30485,CARTESIAN_POINT,"'',(54.2323364021323,178.,-42.4744693885087)"
30486,CARTESIAN_POINT,"'',(52.8487176400208,178.40000000472,-41.3179637968083)"
30487,CARTESIAN_POINT,"'',(54.784755659456,178.399999999999,-40.3448198271212)"
30488,CARTESIAN_POINT,"'',(54.221775659456,178.399999999999,-42.4875998271211)"
30489,CARTESIAN_POINT,"'',(54.225435659456,178.399999999999,-42.4833398271211)"
30490,CARTESIAN_POINT,"'',(54.229095659456,178.399999999999,-42.4790798271211)"
30491,CARTESIAN_POINT,"'',(54.232755659456,178.399999999999,-42.4748198271211)"
30492,CARTESIAN_POINT,"'',(54.598755659456,178.399999999999,-42.0488198271212)"
30493,CARTESIAN_POINT,"'',(54.784755659456,178.399999999999,-41.3348198271211)"
30494,CARTESIAN_POINT,"'',(54.784755659456,178.399999999999,-40.3448198271212)"
30495,CARTESIAN_POINT,"'',(54.172755659456,177.599999999999,-37.9328198271211)"
30496,CARTESIAN_POINT,"'',(54.172755659456,178.,-37.9328198271211)"
30497,CARTESIAN_POINT,"'',(54.784755659456,178.399999999999,-40.3448198271212)"
30498,CARTESIAN_POINT,"'',(54.784755659456,178.399999999999,-39.2408198271211)"
30499,CARTESIAN_POINT,"'',(54.580755659456,178.399999999999,-38.4368198271211)"
30500,CARTESIAN_POINT,"'',(54.172755659456,178.399999999999,-37.9328198271211)"
30501,CARTESIAN_POINT,"'',(52.7241111885978,177.599999999999,-37.2825219544505)"
30502,CARTESIAN_POINT,"'',(52.7953793313874,178.40000000472,-39.0639313193209)"
30503,CARTESIAN_POINT,"'',(51.6165806370726,177.599999999999,-37.6531368553684)"
30504,CARTESIAN_POINT,"'',(52.6532013738387,178.40000000472,-38.9107750978768)"
30505,CARTESIAN_POINT,"'',(51.1046179436276,177.599999999999,-38.7071169259035)"
30506,CARTESIAN_POINT,"'',(52.7421063471034,178.40000000472,-38.8511832925199)"
30507,CARTESIAN_POINT,"'',(51.100755659456,178.399999999999,-38.7068198271211)"
30508,CARTESIAN_POINT,"'',(52.7650299182934,178.,-41.4146951214109)"
30509,CARTESIAN_POINT,"'',(53.392755659456,178.,-42.3728198271211)"
30510,CARTESIAN_POINT,"'',(53.818755659456,178.,-41.8688198271212)"
30511,CARTESIAN_POINT,"'',(53.8177413068412,178.,-41.8683826710713)"
30512,CARTESIAN_POINT,"'',(53.8177413068412,177.866666666666,-41.8683826710713)"
30513,CARTESIAN_POINT,"'',(53.8177413068412,177.733333333333,-41.8683826710713)"
30514,CARTESIAN_POINT,"'',(53.8177413068412,177.599999999999,-41.8683826710713)"
30515,CARTESIAN_POINT,"'',(53.3922131645125,178.,-42.371980870954)"
30516,CARTESIAN_POINT,"'',(53.3922131645125,177.866666666666,-42.371980870954)"
30517,CARTESIAN_POINT,"'',(53.3922131645125,177.733333333333,-42.371980870954)"
30518,CARTESIAN_POINT,"'',(53.3922131645125,177.599999999999,-42.371980870954)"
30519,CARTESIAN_POINT,"'',(52.7650299182934,178.40000000472,-41.4146951214109)"
30520,CARTESIAN_POINT,"'',(52.7971517179472,178.,-41.4517317951905)"
30521,CARTESIAN_POINT,"'',(52.810755659456,178.,-42.5468198271211)"
30522,CARTESIAN_POINT,"'',(52.8107572615354,178.,-42.5471425868628)"
30523,CARTESIAN_POINT,"'',(52.8107572615354,177.866666666666,-42.5471425868628)"
30524,CARTESIAN_POINT,"'',(52.8107572615354,177.733333333333,-42.5471425868628)"
30525,CARTESIAN_POINT,"'',(52.8107572615354,177.599999999999,-42.5471425868628)"
30526,CARTESIAN_POINT,"'',(52.7971517179472,178.40000000472,-41.4517317951905)"
30527,CARTESIAN_POINT,"'',(52.8058751583965,178.,-41.5635793550397)"
30528,CARTESIAN_POINT,"'',(52.042755659456,178.,-42.1868198271211)"
30529,CARTESIAN_POINT,"'',(52.039658624439,178.,-42.189283298796)"
30530,CARTESIAN_POINT,"'',(52.039658624439,177.866666666666,-42.189283298796)"
30531,CARTESIAN_POINT,"'',(52.039658624439,177.733333333333,-42.189283298796)"
30532,CARTESIAN_POINT,"'',(52.039658624439,177.599999999999,-42.189283298796)"
30533,CARTESIAN_POINT,"'',(52.8058751583965,178.40000000472,-41.5635793550397)"
30534,CARTESIAN_POINT,"'',(53.1658134156884,178.,-41.2935070435831)"
30535,CARTESIAN_POINT,"'',(51.724755659456,178.,-41.2088198271212)"
30536,CARTESIAN_POINT,"'',(51.7296693674745,178.,-41.2084979468788)"
30537,CARTESIAN_POINT,"'',(51.7296693674745,177.866666666666,-41.2084979468788)"
30538,CARTESIAN_POINT,"'',(51.7296693674745,177.733333333333,-41.2084979468788)"
30539,CARTESIAN_POINT,"'',(51.7296693674745,177.599999999999,-41.2084979468788)"
30540,CARTESIAN_POINT,"'',(53.1658134156884,178.40000000472,-41.2935070435831)"
30541,CARTESIAN_POINT,"'',(53.0615295122178,178.,-41.121252334269)"
30542,CARTESIAN_POINT,"'',(52.036755659456,178.,-40.2728198271212)"
30543,CARTESIAN_POINT,"'',(52.0366821057801,178.,-40.2727529924136)"
30544,CARTESIAN_POINT,"'',(52.0366821057801,177.866666666666,-40.2727529924136)"
30545,CARTESIAN_POINT,"'',(52.0366821057801,177.733333333333,-40.2727529924136)"
30546,CARTESIAN_POINT,"'',(52.0366821057801,177.599999999999,-40.2727529924136)"
30547,CARTESIAN_POINT,"'',(53.0615295122178,178.40000000472,-41.121252334269)"
30548,CARTESIAN_POINT,"'',(52.8072910684098,178.,-40.9729685020963)"
30549,CARTESIAN_POINT,"'',(52.834755659456,178.,-39.9308198271211)"
30550,CARTESIAN_POINT,"'',(52.8347665590496,178.,-39.9314464064705)"
30551,CARTESIAN_POINT,"'',(52.8347665590496,177.866666666666,-39.9314464064705)"
30552,CARTESIAN_POINT,"'',(52.8347665590496,177.733333333333,-39.9314464064705)"
30553,CARTESIAN_POINT,"'',(52.8347665590496,177.599999999999,-39.9314464064705)"
30554,CARTESIAN_POINT,"'',(52.8072910684098,178.40000000472,-40.9729685020963)"
30555,CARTESIAN_POINT,"'',(52.8536368205281,178.,-41.0162314496354)"
30556,CARTESIAN_POINT,"'',(53.644755659456,178.,-40.2728198271212)"
30557,CARTESIAN_POINT,"'',(53.6466799893654,178.,-40.2710483723296)"
30558,CARTESIAN_POINT,"'',(53.6466799893654,177.866666666666,-40.2710483723296)"
30559,CARTESIAN_POINT,"'',(53.6466799893654,177.733333333333,-40.2710483723296)"
30560,CARTESIAN_POINT,"'',(53.6466799893654,177.599999999999,-40.2710483723296)"
30561,CARTESIAN_POINT,"'',(52.8536368205281,178.40000000472,-41.0162314496354)"
30562,CARTESIAN_POINT,"'',(52.7386256331183,178.,-41.1069638941716)"
30563,CARTESIAN_POINT,"'',(53.974755659456,178.,-41.1728198271212)"
30564,CARTESIAN_POINT,"'',(53.9750350737999,178.,-41.1728211020507)"
30565,CARTESIAN_POINT,"'',(53.9750350737999,177.866666666666,-41.1728211020507)"
30566,CARTESIAN_POINT,"'',(53.9750350737999,177.733333333333,-41.1728211020507)"
30567,CARTESIAN_POINT,"'',(53.9750350737999,177.599999999999,-41.1728211020507)"
30568,CARTESIAN_POINT,"'',(52.7386256331183,178.40000000472,-41.1069638941716)"
30569,CARTESIAN_POINT,"'',(52.3172093637201,178.,-41.1652566697136)"
30570,CARTESIAN_POINT,"'',(52.3172093637201,178.40000000472,-41.1652566697136)"
30571,CARTESIAN_POINT,"'',(13.,178.,-101.)"
30572,CARTESIAN_POINT,"'',(-50.203008321254,178.399999999999,-37.669349476022)"
30573,CARTESIAN_POINT,"'',(-50.203008321254,177.599999999999,-37.669349476022)"
30574,CARTESIAN_POINT,"'',(-50.203008321254,177.599999999999,-37.669349476022)"
30575,CARTESIAN_POINT,"'',(-51.337008321254,177.599999999999,-37.669349476022)"
30576,CARTESIAN_POINT,"'',(-51.337008321254,178.399999999999,-37.669349476022)"
30577,CARTESIAN_POINT,"'',(-50.203008321254,178.399999999999,-37.669349476022)"
30578,CARTESIAN_POINT,"'',(-51.337008321254,177.599999999999,-37.669349476022)"
30579,CARTESIAN_POINT,"'',(-52.699008321254,177.599999999999,-41.725349476022)"
30580,CARTESIAN_POINT,"'',(-52.699008321254,177.599999999999,-41.725349476022)"
30581,CARTESIAN_POINT,"'',(-52.699008321254,177.733333333333,-41.725349476022)"
30582,CARTESIAN_POINT,"'',(-52.699008321254,177.866666666666,-41.725349476022)"
30583,CARTESIAN_POINT,"'',(-52.699008321254,178.,-41.725349476022)"
30584,CARTESIAN_POINT,"'',(-51.337008321254,178.399999999999,-37.669349476022)"
30585,CARTESIAN_POINT,"'',(20.6357629554425,177.599999999999,-66.1009222811837)"
30586,CARTESIAN_POINT,"'',(-52.9744791508295,177.599999999999,-42.5700800572657)"
30587,CARTESIAN_POINT,"'',(-52.9744791491794,177.599999999999,-42.5700800572779)"
30588,CARTESIAN_POINT,"'',(20.6357629554425,178.40000000472,-66.1009222811837)"
30589,CARTESIAN_POINT,"'',(-69.0294317509031,177.599999999999,-47.4411518488315)"
30590,CARTESIAN_POINT,"'',(-53.281008321254,177.599999999999,-41.653349476022)"
30591,CARTESIAN_POINT,"'',(-53.2816419790838,177.599999999999,-41.6535823556057)"
30592,CARTESIAN_POINT,"'',(-53.2816419790838,177.733333333333,-41.6535823556057)"
30593,CARTESIAN_POINT,"'',(-53.2816419790838,177.866666666666,-41.6535823556057)"
30594,CARTESIAN_POINT,"'',(-53.2816419790838,178.,-41.6535823556057)"
30595,CARTESIAN_POINT,"'',(-69.0294317509031,178.40000000472,-47.4411518488315)"
30596,CARTESIAN_POINT,"'',(-53.281008321254,177.599999999999,-41.653349476022)"
30597,CARTESIAN_POINT,"'',(-54.655008321254,177.599999999999,-37.669349476022)"
30598,CARTESIAN_POINT,"'',(-54.655008321254,178.399999999999,-37.669349476022)"
30599,CARTESIAN_POINT,"'',(-53.281008321254,178.399999999999,-41.653349476022)"
30600,CARTESIAN_POINT,"'',(-54.655008321254,177.599999999999,-37.669349476022)"
30601,CARTESIAN_POINT,"'',(-55.675008321254,177.599999999999,-37.669349476022)"
30602,CARTESIAN_POINT,"'',(-55.675008321254,178.399999999999,-37.669349476022)"
30603,CARTESIAN_POINT,"'',(-54.655008321254,178.399999999999,-37.669349476022)"
30604,CARTESIAN_POINT,"'',(-55.675008321254,177.599999999999,-37.669349476022)"
30605,CARTESIAN_POINT,"'',(-55.675008321254,177.599999999999,-43.393349476022)"
30606,CARTESIAN_POINT,"'',(-55.675008321254,178.399999999999,-43.393349476022)"
30607,CARTESIAN_POINT,"'',(-55.675008321254,178.399999999999,-37.669349476022)"
30608,CARTESIAN_POINT,"'',(-55.675008321254,177.599999999999,-43.393349476022)"
30609,CARTESIAN_POINT,"'',(-54.943008321254,177.599999999999,-43.393349476022)"
30610,CARTESIAN_POINT,"'',(-54.943008321254,178.399999999999,-43.393349476022)"
30611,CARTESIAN_POINT,"'',(-55.675008321254,178.399999999999,-43.393349476022)"
30612,CARTESIAN_POINT,"'',(-54.943008321254,177.599999999999,-43.393349476022)"
30613,CARTESIAN_POINT,"'',(-54.943008321254,177.599999999999,-38.605349476022)"
30614,CARTESIAN_POINT,"'',(-54.943008321254,178.399999999999,-38.605349476022)"
30615,CARTESIAN_POINT,"'',(-54.943008321254,178.399999999999,-43.393349476022)"
30616,CARTESIAN_POINT,"'',(-54.943008321254,177.599999999999,-38.605349476022)"
30617,CARTESIAN_POINT,"'',(-53.269008321254,177.599999999999,-43.393349476022)"
30618,CARTESIAN_POINT,"'',(-53.269008321254,178.399999999999,-43.393349476022)"
30619,CARTESIAN_POINT,"'',(-54.943008321254,178.399999999999,-38.605349476022)"
30620,CARTESIAN_POINT,"'',(-53.269008321254,177.599999999999,-43.393349476022)"
30621,CARTESIAN_POINT,"'',(-52.591008321254,177.599999999999,-43.393349476022)"
30622,CARTESIAN_POINT,"'',(-52.591008321254,178.399999999999,-43.393349476022)"
30623,CARTESIAN_POINT,"'',(-53.269008321254,178.399999999999,-43.393349476022)"
30624,CARTESIAN_POINT,"'',(-52.591008321254,177.599999999999,-43.393349476022)"
30625,CARTESIAN_POINT,"'',(-50.935008321254,177.599999999999,-38.521349476022)"
30626,CARTESIAN_POINT,"'',(-50.935008321254,178.399999999999,-38.521349476022)"
30627,CARTESIAN_POINT,"'',(-52.591008321254,178.399999999999,-43.393349476022)"
30628,CARTESIAN_POINT,"'',(-50.935008321254,177.599999999999,-38.521349476022)"
30629,CARTESIAN_POINT,"'',(-50.935008321254,177.599999999999,-43.393349476022)"
30630,CARTESIAN_POINT,"'',(-50.935008321254,178.399999999999,-43.393349476022)"
30631,CARTESIAN_POINT,"'',(-50.935008321254,178.399999999999,-38.521349476022)"
30632,CARTESIAN_POINT,"'',(-50.935008321254,177.599999999999,-43.393349476022)"
30633,CARTESIAN_POINT,"'',(-50.203008321254,177.599999999999,-43.393349476022)"
30634,CARTESIAN_POINT,"'',(-50.203008321254,178.399999999999,-43.393349476022)"
30635,CARTESIAN_POINT,"'',(-50.935008321254,178.399999999999,-43.393349476022)"
30636,CARTESIAN_POINT,"'',(-50.203008321254,177.599999999999,-43.393349476022)"
30637,CARTESIAN_POINT,"'',(-50.203008321254,178.399999999999,-43.393349476022)"
30638,CARTESIAN_POINT,"'',(-52.861758321254,177.599999999999,-42.220349476022)"
30639,CARTESIAN_POINT,"'',(-58.543008321254,178.399999999999,-43.393349476022)"
30640,CARTESIAN_POINT,"'',(-58.543008321254,177.599999999999,-43.393349476022)"
30641,CARTESIAN_POINT,"'',(-58.543008321254,177.599999999999,-43.393349476022)"
30642,CARTESIAN_POINT,"'',(-58.543008321254,177.599999999999,-38.9197373999941)"
30643,CARTESIAN_POINT,"'',(-58.543008321254,177.599999999999,-38.9197373999941)"
30644,CARTESIAN_POINT,"'',(-58.543008321254,178.399999999999,-43.393349476022)"
30645,CARTESIAN_POINT,"'',(-56.132376161948,177.599999999999,-36.2493558547518)"
30646,CARTESIAN_POINT,"'',(-57.877008321254,177.599999999999,-39.397349476022)"
30647,CARTESIAN_POINT,"'',(-57.8762323599487,177.599999999999,-39.395949340626)"
30648,CARTESIAN_POINT,"'',(-57.8762323599487,177.733333333333,-39.395949340626)"
30649,CARTESIAN_POINT,"'',(-57.8762323599487,177.866666666666,-39.395949340626)"
30650,CARTESIAN_POINT,"'',(-57.8762323599487,178.,-39.395949340626)"
30651,CARTESIAN_POINT,"'',(-56.132376161948,178.40000000472,-36.2493558547518)"
30652,CARTESIAN_POINT,"'',(-55.1752101271045,177.599999999999,-34.8953315441743)"
30653,CARTESIAN_POINT,"'',(-57.139008321254,177.599999999999,-39.763349476022)"
30654,CARTESIAN_POINT,"'',(-57.139008321254,177.599999999999,-39.7640884535118)"
30655,CARTESIAN_POINT,"'',(-55.1752101271045,178.40000000472,-34.8953315441743)"
30656,CARTESIAN_POINT,"'',(-57.139008321254,177.599999999999,-39.763349476022)"
30657,CARTESIAN_POINT,"'',(-57.139008321254,177.599999999999,-39.0840620567485)"
30658,CARTESIAN_POINT,"'',(-57.139008321254,177.599999999999,-39.0840620567485)"
30659,CARTESIAN_POINT,"'',(-57.139008321254,178.399999999999,-39.763349476022)"
30660,CARTESIAN_POINT,"'',(-55.3290710881698,177.599999999999,-35.162258161585)"
30661,CARTESIAN_POINT,"'',(-58.171008321254,177.599999999999,-38.413349476022)"
30662,CARTESIAN_POINT,"'',(-58.171786790329,177.599999999999,-38.4142400213932)"
30663,CARTESIAN_POINT,"'',(-58.171786790329,177.733333333333,-38.4142400213932)"
30664,CARTESIAN_POINT,"'',(-58.171786790329,177.866666666666,-38.4142400213932)"
30665,CARTESIAN_POINT,"'',(-58.171786790329,178.,-38.4142400213932)"
30666,CARTESIAN_POINT,"'',(-55.3290710881698,178.40000000472,-35.162258161585)"
30667,CARTESIAN_POINT,"'',(-56.3747936813754,177.599999999999,-36.3007053406774)"
30668,CARTESIAN_POINT,"'',(-58.7975853961366,177.599999999999,-37.645349476022)"
30669,CARTESIAN_POINT,"'',(-58.7975853961366,177.599999999999,-37.645349476022)"
30670,CARTESIAN_POINT,"'',(-56.3747936813754,178.40000000472,-36.3007053406774)"
30671,CARTESIAN_POINT,"'',(-58.795008321254,177.599999999999,-37.645349476022)"
30672,CARTESIAN_POINT,"'',(-59.245008321254,177.599999999999,-37.645349476022)"
30673,CARTESIAN_POINT,"'',(-59.245008321254,178.399999999999,-37.645349476022)"
30674,CARTESIAN_POINT,"'',(-58.795008321254,178.399999999999,-37.645349476022)"
30675,CARTESIAN_POINT,"'',(-59.245008321254,177.599999999999,-37.645349476022)"
30676,CARTESIAN_POINT,"'',(-59.245008321254,177.599999999999,-43.393349476022)"
30677,CARTESIAN_POINT,"'',(-59.245008321254,178.399999999999,-43.393349476022)"
30678,CARTESIAN_POINT,"'',(-59.245008321254,178.399999999999,-37.645349476022)"
30679,CARTESIAN_POINT,"'',(-59.245008321254,177.599999999999,-43.393349476022)"
30680,CARTESIAN_POINT,"'',(-59.245008321254,178.399999999999,-43.393349476022)"
30681,CARTESIAN_POINT,"'',(-58.250508321254,177.599999999999,-39.157349476022)"
30682,CARTESIAN_POINT,"'',(-63.482554615287,177.599999999999,-41.5317863189988)"
30683,CARTESIAN_POINT,"'',(-61.981008321254,177.599999999999,-42.235349476022)"
30684,CARTESIAN_POINT,"'',(-61.825008321254,177.599999999999,-41.539349476022)"
30685,CARTESIAN_POINT,"'',(-63.0611383475917,177.599999999999,-41.4734935430724)"
30686,CARTESIAN_POINT,"'',(-62.155008321254,177.599999999999,-40.639349476022)"
30687,CARTESIAN_POINT,"'',(-62.946127160182,177.599999999999,-41.3827610985365)"
30688,CARTESIAN_POINT,"'',(-62.965008321254,177.599999999999,-40.297349476022)"
30689,CARTESIAN_POINT,"'',(-62.9924729123001,177.599999999999,-41.3394981509974)"
30690,CARTESIAN_POINT,"'',(-63.763008321254,177.599999999999,-40.639349476022)"
30691,CARTESIAN_POINT,"'',(-62.7382344684921,177.599999999999,-41.4877819831698)"
30692,CARTESIAN_POINT,"'',(-64.075008321254,177.599999999999,-41.575349476022)"
30693,CARTESIAN_POINT,"'',(-62.6339505650213,177.599999999999,-41.6600366924839)"
30694,CARTESIAN_POINT,"'',(-63.757008321254,177.599999999999,-42.553349476022)"
30695,CARTESIAN_POINT,"'',(-62.9938888223251,177.599999999999,-41.930109003974)"
30696,CARTESIAN_POINT,"'',(-62.989008321254,177.599999999999,-42.913349476022)"
30697,CARTESIAN_POINT,"'',(-63.0026122627628,177.599999999999,-41.8182614440914)"
30698,CARTESIAN_POINT,"'',(-62.407008321254,177.599999999999,-42.739349476022)"
30699,CARTESIAN_POINT,"'',(-63.034734062417,177.599999999999,-41.7812247703104)"
30700,CARTESIAN_POINT,"'',(-62.6447122360213,177.599999999999,-39.3403229137566)"
30701,CARTESIAN_POINT,"'',(-63.733008321254,177.599999999999,-38.521349476022)"
30702,CARTESIAN_POINT,"'',(-63.9938252317995,177.599999999999,-39.127594329057)"
30703,CARTESIAN_POINT,"'',(-64.699008321254,177.599999999999,-39.073349476022)"
30704,CARTESIAN_POINT,"'',(-64.695146037082,177.599999999999,-39.0736465748045)"
30705,CARTESIAN_POINT,"'',(-63.0576576336069,177.599999999999,-39.2177129414207)"
30706,CARTESIAN_POINT,"'',(-64.1831833436356,177.599999999999,-38.019666504269)"
30707,CARTESIAN_POINT,"'',(-63.1465626068714,177.599999999999,-39.2773047467772)"
30708,CARTESIAN_POINT,"'',(-63.0756527921127,177.599999999999,-37.6490516033513)"
30709,CARTESIAN_POINT,"'',(-63.0043846493227,177.599999999999,-39.4304609682217)"
30710,CARTESIAN_POINT,"'',(-61.627008321254,177.599999999999,-38.299349476022)"
30711,CARTESIAN_POINT,"'',(-61.627008321254,177.599999999999,-38.299349476022)"
30712,CARTESIAN_POINT,"'',(-61.219008321254,177.599999999999,-38.803349476022)"
30713,CARTESIAN_POINT,"'',(-61.015008321254,177.599999999999,-39.607349476022)"
30714,CARTESIAN_POINT,"'',(-61.015008321254,177.599999999999,-40.711349476022)"
30715,CARTESIAN_POINT,"'',(-61.015008321254,177.599999999999,-40.711349476022)"
30716,CARTESIAN_POINT,"'',(-61.015008321254,177.599999999999,-40.711349476022)"
30717,CARTESIAN_POINT,"'',(-61.015008321254,177.599999999999,-41.701349476022)"
30718,CARTESIAN_POINT,"'',(-61.201008321254,177.599999999999,-42.415349476022)"
30719,CARTESIAN_POINT,"'',(-61.567008321254,177.599999999999,-42.841349476022)"
30720,CARTESIAN_POINT,"'',(-61.567008321254,177.599999999999,-42.841349476022)"
30721,CARTESIAN_POINT,"'',(-62.951046340675,177.599999999999,-41.6844934457366)"
30722,CARTESIAN_POINT,"'',(-63.001008321254,177.599999999999,-43.489349476022)"
30723,CARTESIAN_POINT,"'',(-63.0311216299638,177.599999999999,-41.7318649611475)"
30724,CARTESIAN_POINT,"'',(-63.925008321254,177.599999999999,-43.243349476022)"
30725,CARTESIAN_POINT,"'',(-63.0239409723853,177.599999999999,-41.802049552942)"
30726,CARTESIAN_POINT,"'',(-64.561008321254,177.599999999999,-42.535349476022)"
30727,CARTESIAN_POINT,"'',(-62.6154775261805,177.599999999999,-41.5551647913201)"
30728,CARTESIAN_POINT,"'',(-64.795008321254,177.599999999999,-41.533349476022)"
30729,CARTESIAN_POINT,"'',(-62.9328348416824,177.599999999999,-41.4484788057824)"
30730,CARTESIAN_POINT,"'',(-64.303008321254,177.599999999999,-40.195349476022)"
30731,CARTESIAN_POINT,"'',(-63.125427593672,177.599999999999,-41.2770603362994)"
30732,CARTESIAN_POINT,"'',(-63.103008321254,177.599999999999,-39.679349476022)"
30733,CARTESIAN_POINT,"'',(-63.1221395866875,177.599999999999,-41.4230168850242)"
30734,CARTESIAN_POINT,"'',(-62.335008321254,177.599999999999,-39.865349476022)"
30735,CARTESIAN_POINT,"'',(-63.1230008416729,177.599999999999,-41.3253285877872)"
30736,CARTESIAN_POINT,"'',(-61.7216099103162,177.599999999999,-40.4358422556325)"
30737,CARTESIAN_POINT,"'',(-65.6193105921682,177.599999999999,-40.3152480335683)"
30738,CARTESIAN_POINT,"'',(-61.915008321254,177.599999999999,-39.115349476022)"
30739,CARTESIAN_POINT,"'',(-63.4342913969934,177.599999999999,-39.6783746283337)"
30740,CARTESIAN_POINT,"'',(-62.437008321254,177.599999999999,-38.407349476022)"
30741,CARTESIAN_POINT,"'',(-63.0163719014306,177.599999999999,-39.220104303607)"
30742,CARTESIAN_POINT,"'',(-63.031008321254,177.599999999999,-38.221349476022)"
30743,CARTESIAN_POINT,"'',(-63.0432143459784,177.599999999999,-39.1625286833623)"
30744,CARTESIAN_POINT,"'',(-63.885258321254,177.599999999999,-38.768099476022)"
30745,CARTESIAN_POINT,"'',(-63.9938252317998,177.599999999999,-39.1275943290569)"
30746,CARTESIAN_POINT,"'',(-63.736011769655,177.599999999999,-38.5190892965585)"
30747,CARTESIAN_POINT,"'',(-63.736011769655,177.733333333333,-38.5190892965585)"
30748,CARTESIAN_POINT,"'',(-63.736011769655,177.866666666666,-38.5190892965585)"
30749,CARTESIAN_POINT,"'',(-63.736011769655,178.,-38.5190892965585)"
30750,CARTESIAN_POINT,"'',(-62.6447122360213,178.40000000472,-39.3403229137566)"
30751,CARTESIAN_POINT,"'',(-63.0310119956089,177.599999999999,-38.2216327972948)"
30752,CARTESIAN_POINT,"'',(-63.0310119956089,177.733333333333,-38.2216327972948)"
30753,CARTESIAN_POINT,"'',(-63.0310119956089,177.866666666666,-38.2216327972948)"
30754,CARTESIAN_POINT,"'',(-63.0310119956089,178.,-38.2216327972948)"
30755,CARTESIAN_POINT,"'',(-63.0432143459784,178.40000000472,-39.1625286833623)"
30756,CARTESIAN_POINT,"'',(-62.4368918772924,177.599999999999,-38.4071861236899)"
30757,CARTESIAN_POINT,"'',(-62.4368918772924,177.733333333333,-38.4071861236899)"
30758,CARTESIAN_POINT,"'',(-62.4368918772924,177.866666666666,-38.4071861236899)"
30759,CARTESIAN_POINT,"'',(-62.4368918772924,178.,-38.4071861236899)"
30760,CARTESIAN_POINT,"'',(-63.0163719014306,178.40000000472,-39.220104303607)"
30761,CARTESIAN_POINT,"'',(-61.9172397089354,177.599999999999,-39.1161763972253)"
30762,CARTESIAN_POINT,"'',(-61.9172397089354,177.733333333333,-39.1161763972253)"
30763,CARTESIAN_POINT,"'',(-61.9172397089354,177.866666666666,-39.1161763972253)"
30764,CARTESIAN_POINT,"'',(-61.9172397089354,178.,-39.1161763972253)"
30765,CARTESIAN_POINT,"'',(-63.4342913969934,178.40000000472,-39.6783746283337)"
30766,CARTESIAN_POINT,"'',(-61.721609910316,177.599999999999,-40.4358422556318)"
30767,CARTESIAN_POINT,"'',(-65.6193105921682,178.40000000472,-40.3152480335683)"
30768,CARTESIAN_POINT,"'',(-62.3346346271711,177.599999999999,-39.8646571019942)"
30769,CARTESIAN_POINT,"'',(-62.3346346271711,177.733333333333,-39.8646571019942)"
30770,CARTESIAN_POINT,"'',(-62.3346346271711,177.866666666666,-39.8646571019942)"
30771,CARTESIAN_POINT,"'',(-62.3346346271711,178.,-39.8646571019942)"
30772,CARTESIAN_POINT,"'',(-63.1230008416729,178.40000000472,-41.3253285877872)"
30773,CARTESIAN_POINT,"'',(-63.1030007456756,177.599999999999,-39.678659020431)"
30774,CARTESIAN_POINT,"'',(-63.1030007456756,177.733333333333,-39.678659020431)"
30775,CARTESIAN_POINT,"'',(-63.1030007456756,177.866666666666,-39.678659020431)"
30776,CARTESIAN_POINT,"'',(-63.1030007456756,178.,-39.678659020431)"
30777,CARTESIAN_POINT,"'',(-63.1221395866875,178.40000000472,-41.4230168850242)"
30778,CARTESIAN_POINT,"'',(-64.3018216776209,177.599999999999,-40.1964395119534)"
30779,CARTESIAN_POINT,"'',(-64.3018216776209,177.733333333333,-40.1964395119534)"
30780,CARTESIAN_POINT,"'',(-64.3018216776209,177.866666666666,-40.1964395119534)"
30781,CARTESIAN_POINT,"'',(-64.3018216776209,178.,-40.1964395119534)"
30782,CARTESIAN_POINT,"'',(-63.125427593672,178.40000000472,-41.2770603362994)"
30783,CARTESIAN_POINT,"'',(-64.7905316455147,177.599999999999,-41.5331454464433)"
30784,CARTESIAN_POINT,"'',(-64.7905316455147,177.733333333333,-41.5331454464433)"
30785,CARTESIAN_POINT,"'',(-64.7905316455147,177.866666666666,-41.5331454464433)"
30786,CARTESIAN_POINT,"'',(-64.7905316455147,178.,-41.5331454464433)"
30787,CARTESIAN_POINT,"'',(-62.9328348416824,178.40000000472,-41.4484788057824)"
30788,CARTESIAN_POINT,"'',(-64.5614221656487,177.599999999999,-42.5355579764161)"
30789,CARTESIAN_POINT,"'',(-64.5614221656487,177.733333333333,-42.5355579764161)"
30790,CARTESIAN_POINT,"'',(-64.5614221656487,177.866666666666,-42.5355579764161)"
30791,CARTESIAN_POINT,"'',(-64.5614221656487,178.,-42.5355579764161)"
30792,CARTESIAN_POINT,"'',(-62.6154775261805,178.40000000472,-41.5551647913201)"
30793,CARTESIAN_POINT,"'',(-63.9257837025917,177.599999999999,-43.2445897352143)"
30794,CARTESIAN_POINT,"'',(-63.9257837025917,177.733333333333,-43.2445897352143)"
30795,CARTESIAN_POINT,"'',(-63.9257837025917,177.866666666666,-43.2445897352143)"
30796,CARTESIAN_POINT,"'',(-63.9257837025917,178.,-43.2445897352143)"
30797,CARTESIAN_POINT,"'',(-63.0239409723853,178.40000000472,-41.802049552942)"
30798,CARTESIAN_POINT,"'',(-63.0010266493467,177.599999999999,-43.4882798048232)"
30799,CARTESIAN_POINT,"'',(-63.0010266493467,177.733333333333,-43.4882798048232)"
30800,CARTESIAN_POINT,"'',(-63.0010266493467,177.866666666666,-43.4882798048232)"
30801,CARTESIAN_POINT,"'',(-63.0010266493467,178.,-43.4882798048232)"
30802,CARTESIAN_POINT,"'',(-63.0311216299638,178.40000000472,-41.7318649611475)"
30803,CARTESIAN_POINT,"'',(-61.5674275785786,177.599999999999,-42.8409990374088)"
30804,CARTESIAN_POINT,"'',(-61.5674275785786,177.733333333333,-42.8409990374088)"
30805,CARTESIAN_POINT,"'',(-61.5674275785786,177.866666666666,-42.8409990374088)"
30806,CARTESIAN_POINT,"'',(-61.5674275785786,178.,-42.8409990374088)"
30807,CARTESIAN_POINT,"'',(-62.951046340675,178.40000000472,-41.6844934457366)"
30808,CARTESIAN_POINT,"'',(-61.015008321254,178.399999999999,-40.711349476022)"
30809,CARTESIAN_POINT,"'',(-61.577988321254,178.399999999999,-42.854129476022)"
30810,CARTESIAN_POINT,"'',(-61.574328321254,178.399999999999,-42.849869476022)"
30811,CARTESIAN_POINT,"'',(-61.570668321254,178.399999999999,-42.845609476022)"
30812,CARTESIAN_POINT,"'',(-61.567008321254,178.399999999999,-42.841349476022)"
30813,CARTESIAN_POINT,"'',(-61.201008321254,178.399999999999,-42.415349476022)"
30814,CARTESIAN_POINT,"'',(-61.015008321254,178.399999999999,-41.701349476022)"
30815,CARTESIAN_POINT,"'',(-61.015008321254,178.399999999999,-40.711349476022)"
30816,CARTESIAN_POINT,"'',(-61.627008321254,177.599999999999,-38.299349476022)"
30817,CARTESIAN_POINT,"'',(-61.627008321254,178.,-38.299349476022)"
30818,CARTESIAN_POINT,"'',(-61.015008321254,178.399999999999,-40.711349476022)"
30819,CARTESIAN_POINT,"'',(-61.015008321254,178.399999999999,-39.607349476022)"
30820,CARTESIAN_POINT,"'',(-61.219008321254,178.399999999999,-38.803349476022)"
30821,CARTESIAN_POINT,"'',(-61.627008321254,178.399999999999,-38.299349476022)"
30822,CARTESIAN_POINT,"'',(-63.0756527921127,177.599999999999,-37.6490516033513)"
30823,CARTESIAN_POINT,"'',(-63.0043846493227,178.40000000472,-39.4304609682217)"
30824,CARTESIAN_POINT,"'',(-64.1831833436362,177.599999999999,-38.0196665042682)"
30825,CARTESIAN_POINT,"'',(-63.1465626068714,178.40000000472,-39.2773047467772)"
30826,CARTESIAN_POINT,"'',(-64.6951460370824,177.599999999999,-39.0736465748044)"
30827,CARTESIAN_POINT,"'',(-63.0576576336069,178.40000000472,-39.2177129414207)"
30828,CARTESIAN_POINT,"'',(-64.699008321254,178.399999999999,-39.073349476022)"
30829,CARTESIAN_POINT,"'',(-63.034734062417,178.,-41.7812247703104)"
30830,CARTESIAN_POINT,"'',(-62.407008321254,178.,-42.739349476022)"
30831,CARTESIAN_POINT,"'',(-61.981008321254,178.,-42.235349476022)"
30832,CARTESIAN_POINT,"'',(-61.9820226738685,178.,-42.2349123199722)"
30833,CARTESIAN_POINT,"'',(-61.9820226738685,177.866666666666,-42.2349123199722)"
30834,CARTESIAN_POINT,"'',(-61.9820226738685,177.733333333333,-42.2349123199722)"
30835,CARTESIAN_POINT,"'',(-61.9820226738685,177.599999999999,-42.2349123199722)"
30836,CARTESIAN_POINT,"'',(-62.4075508161975,178.,-42.7385105198549)"
30837,CARTESIAN_POINT,"'',(-62.4075508161975,177.866666666666,-42.7385105198549)"
30838,CARTESIAN_POINT,"'',(-62.4075508161975,177.733333333333,-42.7385105198549)"
30839,CARTESIAN_POINT,"'',(-62.4075508161975,177.599999999999,-42.7385105198549)"
30840,CARTESIAN_POINT,"'',(-63.034734062417,178.40000000472,-41.7812247703104)"
30841,CARTESIAN_POINT,"'',(-63.0026122627628,178.,-41.8182614440914)"
30842,CARTESIAN_POINT,"'',(-62.989008321254,178.,-42.913349476022)"
30843,CARTESIAN_POINT,"'',(-62.9890067191746,178.,-42.9136722357631)"
30844,CARTESIAN_POINT,"'',(-62.9890067191746,177.866666666666,-42.9136722357631)"
30845,CARTESIAN_POINT,"'',(-62.9890067191746,177.733333333333,-42.9136722357631)"
30846,CARTESIAN_POINT,"'',(-62.9890067191746,177.599999999999,-42.9136722357631)"
30847,CARTESIAN_POINT,"'',(-63.0026122627628,178.40000000472,-41.8182614440914)"
30848,CARTESIAN_POINT,"'',(-62.9938888223251,178.,-41.930109003974)"
30849,CARTESIAN_POINT,"'',(-63.757008321254,178.,-42.553349476022)"
30850,CARTESIAN_POINT,"'',(-63.760105356271,178.,-42.5558129476969)"
30851,CARTESIAN_POINT,"'',(-63.760105356271,177.866666666666,-42.5558129476969)"
30852,CARTESIAN_POINT,"'',(-63.760105356271,177.733333333333,-42.5558129476969)"
30853,CARTESIAN_POINT,"'',(-63.760105356271,177.599999999999,-42.5558129476969)"
30854,CARTESIAN_POINT,"'',(-62.9938888223251,178.40000000472,-41.930109003974)"
30855,CARTESIAN_POINT,"'',(-62.6339505650213,178.,-41.6600366924839)"
30856,CARTESIAN_POINT,"'',(-64.075008321254,178.,-41.575349476022)"
30857,CARTESIAN_POINT,"'',(-64.0700946132356,178.,-41.5750275957796)"
30858,CARTESIAN_POINT,"'',(-64.0700946132356,177.866666666666,-41.5750275957796)"
30859,CARTESIAN_POINT,"'',(-64.0700946132356,177.733333333333,-41.5750275957796)"
30860,CARTESIAN_POINT,"'',(-64.0700946132356,177.599999999999,-41.5750275957796)"
30861,CARTESIAN_POINT,"'',(-62.6339505650213,178.40000000472,-41.6600366924839)"
30862,CARTESIAN_POINT,"'',(-62.7382344684921,178.,-41.4877819831698)"
30863,CARTESIAN_POINT,"'',(-63.763008321254,178.,-40.639349476022)"
30864,CARTESIAN_POINT,"'',(-63.7630818749299,178.,-40.6392826413144)"
30865,CARTESIAN_POINT,"'',(-63.7630818749299,177.866666666666,-40.6392826413144)"
30866,CARTESIAN_POINT,"'',(-63.7630818749299,177.733333333333,-40.6392826413144)"
30867,CARTESIAN_POINT,"'',(-63.7630818749299,177.599999999999,-40.6392826413144)"
30868,CARTESIAN_POINT,"'',(-62.7382344684921,178.40000000472,-41.4877819831698)"
30869,CARTESIAN_POINT,"'',(-62.9924729123001,178.,-41.3394981509974)"
30870,CARTESIAN_POINT,"'',(-62.965008321254,178.,-40.297349476022)"
30871,CARTESIAN_POINT,"'',(-62.9649974216604,178.,-40.2979760553713)"
30872,CARTESIAN_POINT,"'',(-62.9649974216604,177.866666666666,-40.2979760553713)"
30873,CARTESIAN_POINT,"'',(-62.9649974216604,177.733333333333,-40.2979760553713)"
30874,CARTESIAN_POINT,"'',(-62.9649974216604,177.599999999999,-40.2979760553713)"
30875,CARTESIAN_POINT,"'',(-62.9924729123001,178.40000000472,-41.3394981509974)"
30876,CARTESIAN_POINT,"'',(-62.946127160182,178.,-41.3827610985365)"
30877,CARTESIAN_POINT,"'',(-62.155008321254,178.,-40.639349476022)"
30878,CARTESIAN_POINT,"'',(-62.1530839913446,178.,-40.6375780212304)"
30879,CARTESIAN_POINT,"'',(-62.1530839913446,177.866666666666,-40.6375780212304)"
30880,CARTESIAN_POINT,"'',(-62.1530839913446,177.733333333333,-40.6375780212304)"
30881,CARTESIAN_POINT,"'',(-62.1530839913446,177.599999999999,-40.6375780212304)"
30882,CARTESIAN_POINT,"'',(-62.946127160182,178.40000000472,-41.3827610985365)"
30883,CARTESIAN_POINT,"'',(-63.0611383475917,178.,-41.4734935430724)"
30884,CARTESIAN_POINT,"'',(-61.825008321254,178.,-41.539349476022)"
30885,CARTESIAN_POINT,"'',(-61.8247289069366,178.,-41.5393507509513)"
30886,CARTESIAN_POINT,"'',(-61.8247289069366,177.866666666666,-41.5393507509513)"
30887,CARTESIAN_POINT,"'',(-61.8247289069366,177.733333333333,-41.5393507509513)"
30888,CARTESIAN_POINT,"'',(-61.8247289069366,177.599999999999,-41.5393507509513)"
30889,CARTESIAN_POINT,"'',(-63.0611383475917,178.40000000472,-41.4734935430724)"
30890,CARTESIAN_POINT,"'',(-63.482554615287,178.,-41.5317863189988)"
30891,CARTESIAN_POINT,"'',(-63.482554615287,178.40000000472,-41.5317863189988)"
30892,CARTESIAN_POINT,"'',(-13.,178.,-101.)"
30893,CARTESIAN_POINT,"'',(-64.1096081411253,-178.399999999999,-37.1046110448175)"
30894,CARTESIAN_POINT,"'',(-64.1096081411253,-177.599999999999,-37.1046110448175)"
30895,CARTESIAN_POINT,"'',(-64.1096081411253,-177.599999999999,-37.1046110448175)"
30896,CARTESIAN_POINT,"'',(-62.9756081411253,-177.599999999999,-37.1046110448175)"
30897,CARTESIAN_POINT,"'',(-62.9756081411253,-178.399999999999,-37.1046110448175)"
30898,CARTESIAN_POINT,"'',(-64.1096081411253,-178.399999999999,-37.1046110448175)"
30899,CARTESIAN_POINT,"'',(-62.9756081411253,-177.599999999999,-37.1046110448175)"
30900,CARTESIAN_POINT,"'',(-61.6136081411253,-177.599999999999,-41.1606110448175)"
30901,CARTESIAN_POINT,"'',(-61.6136081411253,-177.599999999999,-41.1606110448175)"
30902,CARTESIAN_POINT,"'',(-61.6136081411253,-177.733333333333,-41.1606110448175)"
30903,CARTESIAN_POINT,"'',(-61.6136081411253,-177.866666666666,-41.1606110448175)"
30904,CARTESIAN_POINT,"'',(-61.6136081411253,-178.,-41.1606110448175)"
30905,CARTESIAN_POINT,"'',(-62.9756081411253,-178.399999999999,-37.1046110448175)"
30906,CARTESIAN_POINT,"'',(-134.948379417802,-177.599999999999,-65.5361838499737)"
30907,CARTESIAN_POINT,"'',(-61.3381373115499,-177.599999999999,-42.0053416260615)"
30908,CARTESIAN_POINT,"'',(-61.3381373132,-177.599999999999,-42.0053416260738)"
30909,CARTESIAN_POINT,"'',(-134.948379417802,-178.40000000472,-65.5361838499737)"
30910,CARTESIAN_POINT,"'',(-45.2831847112833,-177.599999999999,-46.8764134176913)"
30911,CARTESIAN_POINT,"'',(-61.0316081411253,-177.599999999999,-41.0886110448175)"
30912,CARTESIAN_POINT,"'',(-61.0309744832954,-177.599999999999,-41.0888439244011)"
30913,CARTESIAN_POINT,"'',(-61.0309744832954,-177.733333333333,-41.0888439244011)"
30914,CARTESIAN_POINT,"'',(-61.0309744832954,-177.866666666666,-41.0888439244011)"
30915,CARTESIAN_POINT,"'',(-61.0309744832954,-178.,-41.0888439244011)"
30916,CARTESIAN_POINT,"'',(-45.2831847112833,-178.40000000472,-46.8764134176913)"
30917,CARTESIAN_POINT,"'',(-61.0316081411253,-177.599999999999,-41.0886110448175)"
30918,CARTESIAN_POINT,"'',(-59.6576081411253,-177.599999999999,-37.1046110448175)"
30919,CARTESIAN_POINT,"'',(-59.6576081411253,-178.399999999999,-37.1046110448175)"
30920,CARTESIAN_POINT,"'',(-61.0316081411253,-178.399999999999,-41.0886110448175)"
30921,CARTESIAN_POINT,"'',(-59.6576081411253,-177.599999999999,-37.1046110448175)"
30922,CARTESIAN_POINT,"'',(-58.6376081411253,-177.599999999999,-37.1046110448175)"
30923,CARTESIAN_POINT,"'',(-58.6376081411253,-178.399999999999,-37.1046110448175)"
30924,CARTESIAN_POINT,"'',(-59.6576081411253,-178.399999999999,-37.1046110448175)"
30925,CARTESIAN_POINT,"'',(-58.6376081411253,-177.599999999999,-37.1046110448175)"
30926,CARTESIAN_POINT,"'',(-58.6376081411253,-177.599999999999,-42.8286110448175)"
30927,CARTESIAN_POINT,"'',(-58.6376081411253,-178.399999999999,-42.8286110448175)"
30928,CARTESIAN_POINT,"'',(-58.6376081411253,-178.399999999999,-37.1046110448175)"
30929,CARTESIAN_POINT,"'',(-58.6376081411253,-177.599999999999,-42.8286110448175)"
30930,CARTESIAN_POINT,"'',(-59.3696081411253,-177.599999999999,-42.8286110448175)"
30931,CARTESIAN_POINT,"'',(-59.3696081411253,-178.399999999999,-42.8286110448175)"
30932,CARTESIAN_POINT,"'',(-58.6376081411253,-178.399999999999,-42.8286110448175)"
30933,CARTESIAN_POINT,"'',(-59.3696081411253,-177.599999999999,-42.8286110448175)"
30934,CARTESIAN_POINT,"'',(-59.3696081411253,-177.599999999999,-38.0406110448175)"
30935,CARTESIAN_POINT,"'',(-59.3696081411253,-178.399999999999,-38.0406110448175)"
30936,CARTESIAN_POINT,"'',(-59.3696081411253,-178.399999999999,-42.8286110448175)"
30937,CARTESIAN_POINT,"'',(-59.3696081411253,-177.599999999999,-38.0406110448175)"
30938,CARTESIAN_POINT,"'',(-61.0436081411253,-177.599999999999,-42.8286110448175)"
30939,CARTESIAN_POINT,"'',(-61.0436081411253,-178.399999999999,-42.8286110448175)"
30940,CARTESIAN_POINT,"'',(-59.3696081411253,-178.399999999999,-38.0406110448175)"
30941,CARTESIAN_POINT,"'',(-61.0436081411253,-177.599999999999,-42.8286110448175)"
30942,CARTESIAN_POINT,"'',(-61.7216081411253,-177.599999999999,-42.8286110448175)"
30943,CARTESIAN_POINT,"'',(-61.7216081411253,-178.399999999999,-42.8286110448175)"
30944,CARTESIAN_POINT,"'',(-61.0436081411253,-178.399999999999,-42.8286110448175)"
30945,CARTESIAN_POINT,"'',(-61.7216081411253,-177.599999999999,-42.8286110448175)"
30946,CARTESIAN_POINT,"'',(-63.3776081411253,-177.599999999999,-37.9566110448175)"
30947,CARTESIAN_POINT,"'',(-63.3776081411253,-178.399999999999,-37.9566110448175)"
30948,CARTESIAN_POINT,"'',(-61.7216081411253,-178.399999999999,-42.8286110448175)"
30949,CARTESIAN_POINT,"'',(-63.3776081411253,-177.599999999999,-37.9566110448175)"
30950,CARTESIAN_POINT,"'',(-63.3776081411253,-177.599999999999,-42.8286110448175)"
30951,CARTESIAN_POINT,"'',(-63.3776081411253,-178.399999999999,-42.8286110448175)"
30952,CARTESIAN_POINT,"'',(-63.3776081411253,-178.399999999999,-37.9566110448175)"
30953,CARTESIAN_POINT,"'',(-63.3776081411253,-177.599999999999,-42.8286110448175)"
30954,CARTESIAN_POINT,"'',(-64.1096081411253,-177.599999999999,-42.8286110448175)"
30955,CARTESIAN_POINT,"'',(-64.1096081411253,-178.399999999999,-42.8286110448175)"
30956,CARTESIAN_POINT,"'',(-63.3776081411253,-178.399999999999,-42.8286110448175)"
30957,CARTESIAN_POINT,"'',(-64.1096081411253,-177.599999999999,-42.8286110448175)"
30958,CARTESIAN_POINT,"'',(-64.1096081411253,-178.399999999999,-42.8286110448175)"
30959,CARTESIAN_POINT,"'',(-61.4508581411253,-177.599999999999,-41.6556110448175)"
30960,CARTESIAN_POINT,"'',(-55.7696081411253,-178.399999999999,-42.8286110448175)"
30961,CARTESIAN_POINT,"'',(-55.7696081411253,-177.599999999999,-42.8286110448175)"
30962,CARTESIAN_POINT,"'',(-55.7696081411253,-177.599999999999,-42.8286110448175)"
30963,CARTESIAN_POINT,"'',(-55.7696081411253,-177.599999999999,-38.3549989687895)"
30964,CARTESIAN_POINT,"'',(-55.7696081411253,-177.599999999999,-38.3549989687895)"
30965,CARTESIAN_POINT,"'',(-55.7696081411253,-178.399999999999,-42.8286110448175)"
30966,CARTESIAN_POINT,"'',(-58.1802403004506,-177.599999999999,-35.6846174235239)"
30967,CARTESIAN_POINT,"'',(-56.4356081411253,-177.599999999999,-38.8326110448175)"
30968,CARTESIAN_POINT,"'',(-56.4363841024304,-177.599999999999,-38.8312109094218)"
30969,CARTESIAN_POINT,"'',(-56.4363841024304,-177.733333333333,-38.8312109094218)"
30970,CARTESIAN_POINT,"'',(-56.4363841024304,-177.866666666666,-38.8312109094218)"
30971,CARTESIAN_POINT,"'',(-56.4363841024304,-178.,-38.8312109094218)"
30972,CARTESIAN_POINT,"'',(-58.1802403004506,-178.40000000472,-35.6846174235239)"
30973,CARTESIAN_POINT,"'',(-59.1374063352736,-177.599999999999,-34.330593112972)"
30974,CARTESIAN_POINT,"'',(-57.1736081411253,-177.599999999999,-39.1986110448175)"
30975,CARTESIAN_POINT,"'',(-57.1736081411253,-177.599999999999,-39.1993500223073)"
30976,CARTESIAN_POINT,"'',(-59.1374063352736,-178.40000000472,-34.330593112972)"
30977,CARTESIAN_POINT,"'',(-57.1736081411253,-177.599999999999,-39.1986110448175)"
30978,CARTESIAN_POINT,"'',(-57.1736081411253,-177.599999999999,-38.519323625544)"
30979,CARTESIAN_POINT,"'',(-57.1736081411253,-177.599999999999,-38.519323625544)"
30980,CARTESIAN_POINT,"'',(-57.1736081411253,-178.399999999999,-39.1986110448175)"
30981,CARTESIAN_POINT,"'',(-58.9835453742095,-177.599999999999,-34.5975197303804)"
30982,CARTESIAN_POINT,"'',(-56.1416081411253,-177.599999999999,-37.8486110448175)"
30983,CARTESIAN_POINT,"'',(-56.1408296720503,-177.599999999999,-37.8495015901887)"
30984,CARTESIAN_POINT,"'',(-56.1408296720503,-177.733333333333,-37.8495015901887)"
30985,CARTESIAN_POINT,"'',(-56.1408296720503,-177.866666666666,-37.8495015901887)"
30986,CARTESIAN_POINT,"'',(-56.1408296720503,-178.,-37.8495015901887)"
30987,CARTESIAN_POINT,"'',(-58.9835453742095,-178.40000000472,-34.5975197303804)"
30988,CARTESIAN_POINT,"'',(-57.9378227810039,-177.599999999999,-35.7359669094729)"
30989,CARTESIAN_POINT,"'',(-55.5150310662428,-177.599999999999,-37.0806110448175)"
30990,CARTESIAN_POINT,"'',(-55.5150310662428,-177.599999999999,-37.0806110448175)"
30991,CARTESIAN_POINT,"'',(-57.9378227810039,-178.40000000472,-35.7359669094729)"
30992,CARTESIAN_POINT,"'',(-55.5176081411253,-177.599999999999,-37.0806110448175)"
30993,CARTESIAN_POINT,"'',(-55.0676081411253,-177.599999999999,-37.0806110448175)"
30994,CARTESIAN_POINT,"'',(-55.0676081411253,-178.399999999999,-37.0806110448175)"
30995,CARTESIAN_POINT,"'',(-55.5176081411253,-178.399999999999,-37.0806110448175)"
30996,CARTESIAN_POINT,"'',(-55.0676081411253,-177.599999999999,-37.0806110448175)"
30997,CARTESIAN_POINT,"'',(-55.0676081411253,-177.599999999999,-42.8286110448175)"
30998,CARTESIAN_POINT,"'',(-55.0676081411253,-178.399999999999,-42.8286110448175)"
30999,CARTESIAN_POINT,"'',(-55.0676081411253,-178.399999999999,-37.0806110448175)"
31000,CARTESIAN_POINT,"'',(-55.0676081411253,-177.599999999999,-42.8286110448175)"
31001,CARTESIAN_POINT,"'',(-55.0676081411253,-178.399999999999,-42.8286110448175)"
31002,CARTESIAN_POINT,"'',(-56.0621081411253,-177.599999999999,-38.5926110448175)"
31003,CARTESIAN_POINT,"'',(-50.8300618470923,-177.599999999999,-40.9670478877943)"
31004,CARTESIAN_POINT,"'',(-52.3316081411253,-177.599999999999,-41.6706110448175)"
31005,CARTESIAN_POINT,"'',(-52.4876081411253,-177.599999999999,-40.9746110448175)"
31006,CARTESIAN_POINT,"'',(-51.2514781147876,-177.599999999999,-40.9087551118679)"
31007,CARTESIAN_POINT,"'',(-52.1576081411253,-177.599999999999,-40.0746110448175)"
31008,CARTESIAN_POINT,"'',(-51.3664893021974,-177.599999999999,-40.818022667332)"
31009,CARTESIAN_POINT,"'',(-51.3476081411253,-177.599999999999,-39.7326110448175)"
31010,CARTESIAN_POINT,"'',(-51.3201435500854,-177.599999999999,-40.7747597198046)"
31011,CARTESIAN_POINT,"'',(-50.5496081411253,-177.599999999999,-40.0746110448175)"
31012,CARTESIAN_POINT,"'',(-51.5743819942195,-177.599999999999,-40.9230435520266)"
31013,CARTESIAN_POINT,"'',(-50.2376081411253,-177.599999999999,-41.0106110448175)"
31014,CARTESIAN_POINT,"'',(-51.678665897358,-177.599999999999,-41.0952982612794)"
31015,CARTESIAN_POINT,"'',(-50.5556081411253,-177.599999999999,-41.9886110448175)"
31016,CARTESIAN_POINT,"'',(-51.3187276400657,-177.599999999999,-41.365370572736)"
31017,CARTESIAN_POINT,"'',(-51.3236081411253,-177.599999999999,-42.3486110448175)"
31018,CARTESIAN_POINT,"'',(-51.3100041996164,-177.599999999999,-41.2535230128832)"
31019,CARTESIAN_POINT,"'',(-51.9056081411253,-177.599999999999,-42.1746110448175)"
31020,CARTESIAN_POINT,"'',(-51.2778823999621,-177.599999999999,-41.2164863391058)"
31021,CARTESIAN_POINT,"'',(-51.6679042272113,-177.599999999999,-38.7755844830383)"
31022,CARTESIAN_POINT,"'',(-50.5796081411253,-177.599999999999,-37.9566110448175)"
31023,CARTESIAN_POINT,"'',(-50.318790868529,-177.599999999999,-38.5628554398081)"
31024,CARTESIAN_POINT,"'',(-49.6136081411253,-177.599999999999,-38.5086110448175)"
31025,CARTESIAN_POINT,"'',(-49.6174704252973,-177.599999999999,-38.5089081436)"
31026,CARTESIAN_POINT,"'',(-51.2549588287724,-177.599999999999,-38.6529745102162)"
31027,CARTESIAN_POINT,"'',(-50.1294331186611,-177.599999999999,-37.4549280731421)"
31028,CARTESIAN_POINT,"'',(-51.1660538555279,-177.599999999999,-38.7125663155662)"
31029,CARTESIAN_POINT,"'',(-51.2369636703589,-177.599999999999,-37.0843131721431)"
31030,CARTESIAN_POINT,"'',(-51.3082318130566,-177.599999999999,-38.8657225370172)"
31031,CARTESIAN_POINT,"'',(-52.6856081411253,-177.599999999999,-37.7346110448175)"
31032,CARTESIAN_POINT,"'',(-52.6856081411253,-177.599999999999,-37.7346110448175)"
31033,CARTESIAN_POINT,"'',(-53.0936081411253,-177.599999999999,-38.2386110448175)"
31034,CARTESIAN_POINT,"'',(-53.2976081411253,-177.599999999999,-39.0426110448175)"
31035,CARTESIAN_POINT,"'',(-53.2976081411253,-177.599999999999,-40.1466110448175)"
31036,CARTESIAN_POINT,"'',(-53.2976081411253,-177.599999999999,-40.1466110448175)"
31037,CARTESIAN_POINT,"'',(-53.2976081411253,-177.599999999999,-40.1466110448175)"
31038,CARTESIAN_POINT,"'',(-53.2976081411253,-177.599999999999,-41.1366110448175)"
31039,CARTESIAN_POINT,"'',(-53.1116081411253,-177.599999999999,-41.8506110448175)"
31040,CARTESIAN_POINT,"'',(-52.7456081411253,-177.599999999999,-42.2766110448175)"
31041,CARTESIAN_POINT,"'',(-52.7456081411253,-177.599999999999,-42.2766110448175)"
31042,CARTESIAN_POINT,"'',(-51.3615701216901,-177.599999999999,-41.1197550145048)"
31043,CARTESIAN_POINT,"'',(-51.3116081411253,-177.599999999999,-42.9246110448175)"
31044,CARTESIAN_POINT,"'',(-51.2814948324156,-177.599999999999,-41.1671265299428)"
31045,CARTESIAN_POINT,"'',(-50.3876081411253,-177.599999999999,-42.6786110448175)"
31046,CARTESIAN_POINT,"'',(-51.288675489994,-177.599999999999,-41.2373111217375)"
31047,CARTESIAN_POINT,"'',(-49.7516081411253,-177.599999999999,-41.9706110448175)"
31048,CARTESIAN_POINT,"'',(-51.6971389361984,-177.599999999999,-40.9904263601157)"
31049,CARTESIAN_POINT,"'',(-49.5176081411253,-177.599999999999,-40.9686110448175)"
31050,CARTESIAN_POINT,"'',(-51.3797816206175,-177.599999999999,-40.8837403745157)"
31051,CARTESIAN_POINT,"'',(-50.0096081411253,-177.599999999999,-39.6306110448175)"
31052,CARTESIAN_POINT,"'',(-51.1871888687012,-177.599999999999,-40.7123219050787)"
31053,CARTESIAN_POINT,"'',(-51.2096081411253,-177.599999999999,-39.1146110448175)"
31054,CARTESIAN_POINT,"'',(-51.1904768737393,-177.599999999999,-40.8582784613798)"
31055,CARTESIAN_POINT,"'',(-51.9776081411253,-177.599999999999,-39.3006110448175)"
31056,CARTESIAN_POINT,"'',(-51.1896156207065,-177.599999999999,-40.7605901565826)"
31057,CARTESIAN_POINT,"'',(-52.5910065520855,-177.599999999999,-39.8711038244632)"
31058,CARTESIAN_POINT,"'',(-48.6933058692399,-177.599999999999,-39.7505096025805)"
31059,CARTESIAN_POINT,"'',(-52.3976081411253,-177.599999999999,-38.5506110448175)"
31060,CARTESIAN_POINT,"'',(-50.8783250653856,-177.599999999999,-39.1136361971294)"
31061,CARTESIAN_POINT,"'',(-51.8756081411253,-177.599999999999,-37.8426110448175)"
31062,CARTESIAN_POINT,"'',(-51.2962445609487,-177.599999999999,-38.6553658724025)"
31063,CARTESIAN_POINT,"'',(-51.2816081411253,-177.599999999999,-37.6566110448175)"
31064,CARTESIAN_POINT,"'',(-51.2694021164008,-177.599999999999,-38.5977902521578)"
31065,CARTESIAN_POINT,"'',(-50.4273581411253,-177.599999999999,-38.2033610448175)"
31066,CARTESIAN_POINT,"'',(-50.3187905065261,-177.599999999999,-38.5628549817674)"
31067,CARTESIAN_POINT,"'',(-50.5766046927301,-177.599999999999,-37.9543508653588)"
31068,CARTESIAN_POINT,"'',(-50.5766046927301,-177.733333333333,-37.9543508653588)"
31069,CARTESIAN_POINT,"'',(-50.5766046927301,-177.866666666666,-37.9543508653588)"
31070,CARTESIAN_POINT,"'',(-50.5766046927301,-178.,-37.9543508653588)"
31071,CARTESIAN_POINT,"'',(-51.6679042272113,-178.40000000472,-38.7755844830383)"
31072,CARTESIAN_POINT,"'',(-51.2816044667704,-177.599999999999,-37.6568943660903)"
31073,CARTESIAN_POINT,"'',(-51.2816044667704,-177.733333333333,-37.6568943660903)"
31074,CARTESIAN_POINT,"'',(-51.2816044667704,-177.866666666666,-37.6568943660903)"
31075,CARTESIAN_POINT,"'',(-51.2816044667704,-178.,-37.6568943660903)"
31076,CARTESIAN_POINT,"'',(-51.2694021164008,-178.40000000472,-38.5977902521578)"
31077,CARTESIAN_POINT,"'',(-51.8757245850869,-177.599999999999,-37.8424476924854)"
31078,CARTESIAN_POINT,"'',(-51.8757245850869,-177.733333333333,-37.8424476924854)"
31079,CARTESIAN_POINT,"'',(-51.8757245850869,-177.866666666666,-37.8424476924854)"
31080,CARTESIAN_POINT,"'',(-51.8757245850869,-178.,-37.8424476924854)"
31081,CARTESIAN_POINT,"'',(-51.2962445609487,-178.40000000472,-38.6553658724025)"
31082,CARTESIAN_POINT,"'',(-52.3953767534438,-177.599999999999,-38.5514379660208)"
31083,CARTESIAN_POINT,"'',(-52.3953767534438,-177.733333333333,-38.5514379660208)"
31084,CARTESIAN_POINT,"'',(-52.3953767534438,-177.866666666666,-38.5514379660208)"
31085,CARTESIAN_POINT,"'',(-52.3953767534438,-178.,-38.5514379660208)"
31086,CARTESIAN_POINT,"'',(-50.8783250653856,-178.40000000472,-39.1136361971294)"
31087,CARTESIAN_POINT,"'',(-52.5910065520858,-177.599999999999,-39.8711038244625)"
31088,CARTESIAN_POINT,"'',(-48.6933058692399,-178.40000000472,-39.7505096025805)"
31089,CARTESIAN_POINT,"'',(-51.9779818352082,-177.599999999999,-39.2999186707897)"
31090,CARTESIAN_POINT,"'',(-51.9779818352082,-177.733333333333,-39.2999186707897)"
31091,CARTESIAN_POINT,"'',(-51.9779818352082,-177.866666666666,-39.2999186707897)"
31092,CARTESIAN_POINT,"'',(-51.9779818352082,-178.,-39.2999186707897)"
31093,CARTESIAN_POINT,"'',(-51.1896156207065,-178.40000000472,-40.7605901565826)"
31094,CARTESIAN_POINT,"'',(-51.2096157167061,-177.599999999999,-39.1139205890725)"
31095,CARTESIAN_POINT,"'',(-51.2096157167061,-177.733333333333,-39.1139205890725)"
31096,CARTESIAN_POINT,"'',(-51.2096157167061,-177.866666666666,-39.1139205890725)"
31097,CARTESIAN_POINT,"'',(-51.2096157167061,-178.,-39.1139205890725)"
31098,CARTESIAN_POINT,"'',(-51.1904768737393,-178.40000000472,-40.8582784613798)"
31099,CARTESIAN_POINT,"'',(-50.0107947847594,-177.599999999999,-39.6317010807498)"
31100,CARTESIAN_POINT,"'',(-50.0107947847594,-177.733333333333,-39.6317010807498)"
31101,CARTESIAN_POINT,"'',(-50.0107947847594,-177.866666666666,-39.6317010807498)"
31102,CARTESIAN_POINT,"'',(-50.0107947847594,-178.,-39.6317010807498)"
31103,CARTESIAN_POINT,"'',(-51.1871888687012,-178.40000000472,-40.7123219050787)"
31104,CARTESIAN_POINT,"'',(-49.5220848168816,-177.599999999999,-40.9684070152379)"
31105,CARTESIAN_POINT,"'',(-49.5220848168816,-177.733333333333,-40.9684070152379)"
31106,CARTESIAN_POINT,"'',(-49.5220848168816,-177.866666666666,-40.9684070152379)"
31107,CARTESIAN_POINT,"'',(-49.5220848168816,-178.,-40.9684070152379)"
31108,CARTESIAN_POINT,"'',(-51.3797816206175,-178.40000000472,-40.8837403745157)"
31109,CARTESIAN_POINT,"'',(-49.7511942967306,-177.599999999999,-41.9708195452116)"
31110,CARTESIAN_POINT,"'',(-49.7511942967306,-177.733333333333,-41.9708195452116)"
31111,CARTESIAN_POINT,"'',(-49.7511942967306,-177.866666666666,-41.9708195452116)"
31112,CARTESIAN_POINT,"'',(-49.7511942967306,-178.,-41.9708195452116)"
31113,CARTESIAN_POINT,"'',(-51.6971389361984,-178.40000000472,-40.9904263601157)"
31114,CARTESIAN_POINT,"'',(-50.3868327597877,-177.599999999999,-42.6798513040098)"
31115,CARTESIAN_POINT,"'',(-50.3868327597877,-177.733333333333,-42.6798513040098)"
31116,CARTESIAN_POINT,"'',(-50.3868327597877,-177.866666666666,-42.6798513040098)"
31117,CARTESIAN_POINT,"'',(-50.3868327597877,-178.,-42.6798513040098)"
31118,CARTESIAN_POINT,"'',(-51.288675489994,-178.40000000472,-41.2373111217375)"
31119,CARTESIAN_POINT,"'',(-51.3115898130326,-177.599999999999,-42.9235413736187)"
31120,CARTESIAN_POINT,"'',(-51.3115898130326,-177.733333333333,-42.9235413736187)"
31121,CARTESIAN_POINT,"'',(-51.3115898130326,-177.866666666666,-42.9235413736187)"
31122,CARTESIAN_POINT,"'',(-51.3115898130326,-178.,-42.9235413736187)"
31123,CARTESIAN_POINT,"'',(-51.2814948324156,-178.40000000472,-41.1671265299428)"
31124,CARTESIAN_POINT,"'',(-52.7451888838017,-177.599999999999,-42.276260606205)"
31125,CARTESIAN_POINT,"'',(-52.7451888838017,-177.733333333333,-42.276260606205)"
31126,CARTESIAN_POINT,"'',(-52.7451888838017,-177.866666666666,-42.276260606205)"
31127,CARTESIAN_POINT,"'',(-52.7451888838017,-178.,-42.276260606205)"
31128,CARTESIAN_POINT,"'',(-51.3615701216901,-178.40000000472,-41.1197550145048)"
31129,CARTESIAN_POINT,"'',(-53.2976081411253,-178.399999999999,-40.1466110448175)"
31130,CARTESIAN_POINT,"'',(-52.7346281411253,-178.399999999999,-42.2893910448175)"
31131,CARTESIAN_POINT,"'',(-52.7382881411253,-178.399999999999,-42.2851310448175)"
31132,CARTESIAN_POINT,"'',(-52.7419481411253,-178.399999999999,-42.2808710448175)"
31133,CARTESIAN_POINT,"'',(-52.7456081411253,-178.399999999999,-42.2766110448175)"
31134,CARTESIAN_POINT,"'',(-53.1116081411253,-178.399999999999,-41.8506110448175)"
31135,CARTESIAN_POINT,"'',(-53.2976081411253,-178.399999999999,-41.1366110448175)"
31136,CARTESIAN_POINT,"'',(-53.2976081411253,-178.399999999999,-40.1466110448175)"
31137,CARTESIAN_POINT,"'',(-52.6856081411253,-177.599999999999,-37.7346110448175)"
31138,CARTESIAN_POINT,"'',(-52.6856081411253,-178.,-37.7346110448175)"
31139,CARTESIAN_POINT,"'',(-53.2976081411253,-178.399999999999,-40.1466110448175)"
31140,CARTESIAN_POINT,"'',(-53.2976081411253,-178.399999999999,-39.0426110448175)"
31141,CARTESIAN_POINT,"'',(-53.0936081411253,-178.399999999999,-38.2386110448175)"
31142,CARTESIAN_POINT,"'',(-52.6856081411253,-178.399999999999,-37.7346110448175)"
31143,CARTESIAN_POINT,"'',(-51.2369636703589,-177.599999999999,-37.0843131721431)"
31144,CARTESIAN_POINT,"'',(-51.3082318130566,-178.40000000472,-38.8657225370172)"
31145,CARTESIAN_POINT,"'',(-50.1294331186606,-177.599999999999,-37.4549280731412)"
31146,CARTESIAN_POINT,"'',(-51.1660538555279,-178.40000000472,-38.7125663155662)"
31147,CARTESIAN_POINT,"'',(-49.6174704252969,-177.599999999999,-38.5089081435999)"
31148,CARTESIAN_POINT,"'',(-51.2549588287724,-178.40000000472,-38.6529745102162)"
31149,CARTESIAN_POINT,"'',(-49.6136081411253,-178.399999999999,-38.5086110448175)"
31150,CARTESIAN_POINT,"'',(-51.2778823999621,-178.,-41.2164863391058)"
31151,CARTESIAN_POINT,"'',(-51.9056081411253,-178.,-42.1746110448175)"
31152,CARTESIAN_POINT,"'',(-52.3316081411253,-178.,-41.6706110448175)"
31153,CARTESIAN_POINT,"'',(-52.3305937885108,-178.,-41.6701738887677)"
31154,CARTESIAN_POINT,"'',(-52.3305937885108,-177.866666666666,-41.6701738887677)"
31155,CARTESIAN_POINT,"'',(-52.3305937885108,-177.733333333333,-41.6701738887677)"
31156,CARTESIAN_POINT,"'',(-52.3305937885108,-177.599999999999,-41.6701738887677)"
31157,CARTESIAN_POINT,"'',(-51.905065646182,-178.,-42.1737720886507)"
31158,CARTESIAN_POINT,"'',(-51.905065646182,-177.866666666666,-42.1737720886507)"
31159,CARTESIAN_POINT,"'',(-51.905065646182,-177.733333333333,-42.1737720886507)"
31160,CARTESIAN_POINT,"'',(-51.905065646182,-177.599999999999,-42.1737720886507)"
31161,CARTESIAN_POINT,"'',(-51.2778823999621,-178.40000000472,-41.2164863391058)"
31162,CARTESIAN_POINT,"'',(-51.3100041996164,-178.,-41.2535230128832)"
31163,CARTESIAN_POINT,"'',(-51.3236081411253,-178.,-42.3486110448175)"
31164,CARTESIAN_POINT,"'',(-51.3236097432047,-178.,-42.3489338045591)"
31165,CARTESIAN_POINT,"'',(-51.3236097432047,-177.866666666666,-42.3489338045591)"
31166,CARTESIAN_POINT,"'',(-51.3236097432047,-177.733333333333,-42.3489338045591)"
31167,CARTESIAN_POINT,"'',(-51.3236097432047,-177.599999999999,-42.3489338045591)"
31168,CARTESIAN_POINT,"'',(-51.3100041996164,-178.40000000472,-41.2535230128832)"
31169,CARTESIAN_POINT,"'',(-51.3187276400657,-178.,-41.365370572736)"
31170,CARTESIAN_POINT,"'',(-50.5556081411253,-178.,-41.9886110448175)"
31171,CARTESIAN_POINT,"'',(-50.5525111061083,-178.,-41.9910745164924)"
31172,CARTESIAN_POINT,"'',(-50.5525111061083,-177.866666666666,-41.9910745164924)"
31173,CARTESIAN_POINT,"'',(-50.5525111061083,-177.733333333333,-41.9910745164924)"
31174,CARTESIAN_POINT,"'',(-50.5525111061083,-177.599999999999,-41.9910745164924)"
31175,CARTESIAN_POINT,"'',(-51.3187276400657,-178.40000000472,-41.365370572736)"
31176,CARTESIAN_POINT,"'',(-51.678665897358,-178.,-41.0952982612794)"
31177,CARTESIAN_POINT,"'',(-50.2376081411253,-178.,-41.0106110448175)"
31178,CARTESIAN_POINT,"'',(-50.2425218491458,-178.,-41.0102891645753)"
31179,CARTESIAN_POINT,"'',(-50.2425218491458,-177.866666666666,-41.0102891645753)"
31180,CARTESIAN_POINT,"'',(-50.2425218491458,-177.733333333333,-41.0102891645753)"
31181,CARTESIAN_POINT,"'',(-50.2425218491458,-177.599999999999,-41.0102891645753)"
31182,CARTESIAN_POINT,"'',(-51.678665897358,-178.40000000472,-41.0952982612794)"
31183,CARTESIAN_POINT,"'',(-51.5743819942195,-178.,-40.9230435520266)"
31184,CARTESIAN_POINT,"'',(-50.5496081411253,-178.,-40.0746110448175)"
31185,CARTESIAN_POINT,"'',(-50.5495345874492,-178.,-40.0745442101097)"
31186,CARTESIAN_POINT,"'',(-50.5495345874492,-177.866666666666,-40.0745442101097)"
31187,CARTESIAN_POINT,"'',(-50.5495345874492,-177.733333333333,-40.0745442101097)"
31188,CARTESIAN_POINT,"'',(-50.5495345874492,-177.599999999999,-40.0745442101097)"
31189,CARTESIAN_POINT,"'',(-51.5743819942195,-178.40000000472,-40.9230435520266)"
31190,CARTESIAN_POINT,"'',(-51.3201435500854,-178.,-40.7747597198046)"
31191,CARTESIAN_POINT,"'',(-51.3476081411253,-178.,-39.7326110448175)"
31192,CARTESIAN_POINT,"'',(-51.3476190407189,-178.,-39.7332376241668)"
31193,CARTESIAN_POINT,"'',(-51.3476190407189,-177.866666666666,-39.7332376241668)"
31194,CARTESIAN_POINT,"'',(-51.3476190407189,-177.733333333333,-39.7332376241668)"
31195,CARTESIAN_POINT,"'',(-51.3476190407189,-177.599999999999,-39.7332376241668)"
31196,CARTESIAN_POINT,"'',(-51.3201435500854,-178.40000000472,-40.7747597198046)"
31197,CARTESIAN_POINT,"'',(-51.3664893021974,-178.,-40.818022667332)"
31198,CARTESIAN_POINT,"'',(-52.1576081411253,-178.,-40.0746110448175)"
31199,CARTESIAN_POINT,"'',(-52.1595324710347,-178.,-40.0728395900259)"
31200,CARTESIAN_POINT,"'',(-52.1595324710347,-177.866666666666,-40.0728395900259)"
31201,CARTESIAN_POINT,"'',(-52.1595324710347,-177.733333333333,-40.0728395900259)"
31202,CARTESIAN_POINT,"'',(-52.1595324710347,-177.599999999999,-40.0728395900259)"
31203,CARTESIAN_POINT,"'',(-51.3664893021974,-178.40000000472,-40.818022667332)"
31204,CARTESIAN_POINT,"'',(-51.2514781147876,-178.,-40.9087551118679)"
31205,CARTESIAN_POINT,"'',(-52.4876081411253,-178.,-40.9746110448175)"
31206,CARTESIAN_POINT,"'',(-52.4878875554427,-178.,-40.9746123197468)"
31207,CARTESIAN_POINT,"'',(-52.4878875554427,-177.866666666666,-40.9746123197468)"
31208,CARTESIAN_POINT,"'',(-52.4878875554427,-177.733333333333,-40.9746123197468)"
31209,CARTESIAN_POINT,"'',(-52.4878875554427,-177.599999999999,-40.9746123197468)"
31210,CARTESIAN_POINT,"'',(-51.2514781147876,-178.40000000472,-40.9087551118679)"
31211,CARTESIAN_POINT,"'',(-50.8300618470923,-178.,-40.9670478877943)"
31212,CARTESIAN_POINT,"'',(-50.8300618470923,-178.40000000472,-40.9670478877943)"
31213,CARTESIAN_POINT,"'',(-13.,-178.,-101.)"
31214,CARTESIAN_POINT,"'',(52.0566854884855,-178.399999999999,-37.6544055181688)"
31215,CARTESIAN_POINT,"'',(52.0566854884855,-177.599999999999,-37.6544055181688)"
31216,CARTESIAN_POINT,"'',(52.0566854884855,-177.599999999999,-37.6544055181688)"
31217,CARTESIAN_POINT,"'',(53.1906854884855,-177.599999999999,-37.6544055181688)"
31218,CARTESIAN_POINT,"'',(53.1906854884855,-178.399999999999,-37.6544055181688)"
31219,CARTESIAN_POINT,"'',(52.0566854884855,-178.399999999999,-37.6544055181688)"
31220,CARTESIAN_POINT,"'',(53.1906854884855,-177.599999999999,-37.6544055181688)"
31221,CARTESIAN_POINT,"'',(54.5526854884855,-177.599999999999,-41.7104055181688)"
31222,CARTESIAN_POINT,"'',(54.5526854884855,-177.599999999999,-41.7104055181688)"
31223,CARTESIAN_POINT,"'',(54.5526854884855,-177.733333333333,-41.7104055181688)"
31224,CARTESIAN_POINT,"'',(54.5526854884855,-177.866666666666,-41.7104055181688)"
31225,CARTESIAN_POINT,"'',(54.5526854884855,-178.,-41.7104055181688)"
31226,CARTESIAN_POINT,"'',(53.1906854884855,-178.399999999999,-37.6544055181688)"
31227,CARTESIAN_POINT,"'',(-18.7820857882267,-177.599999999999,-66.0859783233362)"
31228,CARTESIAN_POINT,"'',(54.8281563180611,-177.599999999999,-42.5551360994126)"
31229,CARTESIAN_POINT,"'',(54.828156316411,-177.599999999999,-42.5551360994248)"
31230,CARTESIAN_POINT,"'',(-18.7820857882267,-178.40000000472,-66.0859783233362)"
31231,CARTESIAN_POINT,"'',(70.8831089181182,-177.599999999999,-47.4262078909728)"
31232,CARTESIAN_POINT,"'',(55.1346854884855,-177.599999999999,-41.6384055181688)"
31233,CARTESIAN_POINT,"'',(55.1353191463154,-177.599999999999,-41.6386383977525)"
31234,CARTESIAN_POINT,"'',(55.1353191463154,-177.733333333333,-41.6386383977525)"
31235,CARTESIAN_POINT,"'',(55.1353191463154,-177.866666666666,-41.6386383977525)"
31236,CARTESIAN_POINT,"'',(55.1353191463154,-178.,-41.6386383977525)"
31237,CARTESIAN_POINT,"'',(70.8831089181182,-178.40000000472,-47.4262078909728)"
31238,CARTESIAN_POINT,"'',(55.1346854884855,-177.599999999999,-41.6384055181688)"
31239,CARTESIAN_POINT,"'',(56.5086854884855,-177.599999999999,-37.6544055181688)"
31240,CARTESIAN_POINT,"'',(56.5086854884855,-178.399999999999,-37.6544055181688)"
31241,CARTESIAN_POINT,"'',(55.1346854884855,-178.399999999999,-41.6384055181688)"
31242,CARTESIAN_POINT,"'',(56.5086854884855,-177.599999999999,-37.6544055181688)"
31243,CARTESIAN_POINT,"'',(57.5286854884855,-177.599999999999,-37.6544055181688)"
31244,CARTESIAN_POINT,"'',(57.5286854884855,-178.399999999999,-37.6544055181688)"
31245,CARTESIAN_POINT,"'',(56.5086854884855,-178.399999999999,-37.6544055181688)"
31246,CARTESIAN_POINT,"'',(57.5286854884855,-177.599999999999,-37.6544055181688)"
31247,CARTESIAN_POINT,"'',(57.5286854884855,-177.599999999999,-43.3784055181688)"
31248,CARTESIAN_POINT,"'',(57.5286854884855,-178.399999999999,-43.3784055181688)"
31249,CARTESIAN_POINT,"'',(57.5286854884855,-178.399999999999,-37.6544055181688)"
31250,CARTESIAN_POINT,"'',(57.5286854884855,-177.599999999999,-43.3784055181688)"
31251,CARTESIAN_POINT,"'',(56.7966854884855,-177.599999999999,-43.3784055181688)"
31252,CARTESIAN_POINT,"'',(56.7966854884855,-178.399999999999,-43.3784055181688)"
31253,CARTESIAN_POINT,"'',(57.5286854884855,-178.399999999999,-43.3784055181688)"
31254,CARTESIAN_POINT,"'',(56.7966854884855,-177.599999999999,-43.3784055181688)"
31255,CARTESIAN_POINT,"'',(56.7966854884855,-177.599999999999,-38.5904055181688)"
31256,CARTESIAN_POINT,"'',(56.7966854884855,-178.399999999999,-38.5904055181688)"
31257,CARTESIAN_POINT,"'',(56.7966854884855,-178.399999999999,-43.3784055181688)"
31258,CARTESIAN_POINT,"'',(56.7966854884855,-177.599999999999,-38.5904055181688)"
31259,CARTESIAN_POINT,"'',(55.1226854884855,-177.599999999999,-43.3784055181688)"
31260,CARTESIAN_POINT,"'',(55.1226854884855,-178.399999999999,-43.3784055181688)"
31261,CARTESIAN_POINT,"'',(56.7966854884855,-178.399999999999,-38.5904055181688)"
31262,CARTESIAN_POINT,"'',(55.1226854884855,-177.599999999999,-43.3784055181688)"
31263,CARTESIAN_POINT,"'',(54.4446854884855,-177.599999999999,-43.3784055181688)"
31264,CARTESIAN_POINT,"'',(54.4446854884855,-178.399999999999,-43.3784055181688)"
31265,CARTESIAN_POINT,"'',(55.1226854884855,-178.399999999999,-43.3784055181688)"
31266,CARTESIAN_POINT,"'',(54.4446854884855,-177.599999999999,-43.3784055181688)"
31267,CARTESIAN_POINT,"'',(52.7886854884855,-177.599999999999,-38.5064055181688)"
31268,CARTESIAN_POINT,"'',(52.7886854884855,-178.399999999999,-38.5064055181688)"
31269,CARTESIAN_POINT,"'',(54.4446854884855,-178.399999999999,-43.3784055181688)"
31270,CARTESIAN_POINT,"'',(52.7886854884855,-177.599999999999,-38.5064055181688)"
31271,CARTESIAN_POINT,"'',(52.7886854884855,-177.599999999999,-43.3784055181688)"
31272,CARTESIAN_POINT,"'',(52.7886854884855,-178.399999999999,-43.3784055181688)"
31273,CARTESIAN_POINT,"'',(52.7886854884855,-178.399999999999,-38.5064055181688)"
31274,CARTESIAN_POINT,"'',(52.7886854884855,-177.599999999999,-43.3784055181688)"
31275,CARTESIAN_POINT,"'',(52.0566854884855,-177.599999999999,-43.3784055181688)"
31276,CARTESIAN_POINT,"'',(52.0566854884855,-178.399999999999,-43.3784055181688)"
31277,CARTESIAN_POINT,"'',(52.7886854884855,-178.399999999999,-43.3784055181688)"
31278,CARTESIAN_POINT,"'',(52.0566854884855,-177.599999999999,-43.3784055181688)"
31279,CARTESIAN_POINT,"'',(52.0566854884855,-178.399999999999,-43.3784055181688)"
31280,CARTESIAN_POINT,"'',(54.7154354884855,-177.599999999999,-42.2054055181688)"
31281,CARTESIAN_POINT,"'',(60.3966854884855,-178.399999999999,-43.3784055181688)"
31282,CARTESIAN_POINT,"'',(60.3966854884855,-177.599999999999,-43.3784055181688)"
31283,CARTESIAN_POINT,"'',(60.3966854884855,-177.599999999999,-43.3784055181688)"
31284,CARTESIAN_POINT,"'',(60.3966854884855,-177.599999999999,-38.9047934421409)"
31285,CARTESIAN_POINT,"'',(60.3966854884855,-177.599999999999,-38.9047934421409)"
31286,CARTESIAN_POINT,"'',(60.3966854884855,-178.399999999999,-43.3784055181688)"
31287,CARTESIAN_POINT,"'',(57.9860533291792,-177.599999999999,-36.2344118968981)"
31288,CARTESIAN_POINT,"'',(59.7306854884855,-177.599999999999,-39.3824055181688)"
31289,CARTESIAN_POINT,"'',(59.7299095271802,-177.599999999999,-39.3810053827728)"
31290,CARTESIAN_POINT,"'',(59.7299095271802,-177.733333333333,-39.3810053827728)"
31291,CARTESIAN_POINT,"'',(59.7299095271802,-177.866666666666,-39.3810053827728)"
31292,CARTESIAN_POINT,"'',(59.7299095271802,-178.,-39.3810053827728)"
31293,CARTESIAN_POINT,"'',(57.9860533291792,-178.40000000472,-36.2344118968981)"
31294,CARTESIAN_POINT,"'',(57.0288872784928,-177.599999999999,-34.8803875543373)"
31295,CARTESIAN_POINT,"'',(58.9926854884855,-177.599999999999,-39.7484055181688)"
31296,CARTESIAN_POINT,"'',(58.9926854884855,-177.599999999999,-39.7491444957079)"
31297,CARTESIAN_POINT,"'',(57.0288872784928,-178.40000000472,-34.8803875543373)"
31298,CARTESIAN_POINT,"'',(58.9926854884855,-177.599999999999,-39.7484055181688)"
31299,CARTESIAN_POINT,"'',(58.9926854884855,-177.599999999999,-39.0691180988953)"
31300,CARTESIAN_POINT,"'',(58.9926854884855,-177.599999999999,-39.0691180988953)"
31301,CARTESIAN_POINT,"'',(58.9926854884855,-178.399999999999,-39.7484055181688)"
31302,CARTESIAN_POINT,"'',(57.182748255401,-177.599999999999,-35.1473142037312)"
31303,CARTESIAN_POINT,"'',(60.0246854884855,-177.599999999999,-38.3984055181688)"
31304,CARTESIAN_POINT,"'',(60.0254639575605,-177.599999999999,-38.39929606354)"
31305,CARTESIAN_POINT,"'',(60.0254639575605,-177.733333333333,-38.39929606354)"
31306,CARTESIAN_POINT,"'',(60.0254639575605,-177.866666666666,-38.39929606354)"
31307,CARTESIAN_POINT,"'',(60.0254639575605,-178.,-38.39929606354)"
31308,CARTESIAN_POINT,"'',(57.182748255401,-178.40000000472,-35.1473142037312)"
31309,CARTESIAN_POINT,"'',(58.2284708486067,-177.599999999999,-36.285761382824)"
31310,CARTESIAN_POINT,"'',(60.6512625633681,-177.599999999999,-37.6304055181688)"
31311,CARTESIAN_POINT,"'',(60.6512625633681,-177.599999999999,-37.6304055181688)"
31312,CARTESIAN_POINT,"'',(58.2284708486067,-178.40000000472,-36.285761382824)"
31313,CARTESIAN_POINT,"'',(60.6486854884855,-177.599999999999,-37.6304055181688)"
31314,CARTESIAN_POINT,"'',(61.0986854884855,-177.599999999999,-37.6304055181688)"
31315,CARTESIAN_POINT,"'',(61.0986854884855,-178.399999999999,-37.6304055181688)"
31316,CARTESIAN_POINT,"'',(60.6486854884855,-178.399999999999,-37.6304055181688)"
31317,CARTESIAN_POINT,"'',(61.0986854884855,-177.599999999999,-37.6304055181688)"
31318,CARTESIAN_POINT,"'',(61.0986854884855,-177.599999999999,-43.3784055181688)"
31319,CARTESIAN_POINT,"'',(61.0986854884855,-178.399999999999,-43.3784055181688)"
31320,CARTESIAN_POINT,"'',(61.0986854884855,-178.399999999999,-37.6304055181688)"
31321,CARTESIAN_POINT,"'',(61.0986854884855,-177.599999999999,-43.3784055181688)"
31322,CARTESIAN_POINT,"'',(61.0986854884855,-178.399999999999,-43.3784055181688)"
31323,CARTESIAN_POINT,"'',(60.1041854884855,-177.599999999999,-39.1424055181688)"
31324,CARTESIAN_POINT,"'',(65.3362317842209,-177.599999999999,-41.5168423607613)"
31325,CARTESIAN_POINT,"'',(63.8346854884855,-177.599999999999,-42.2204055181688)"
31326,CARTESIAN_POINT,"'',(63.6786854884855,-177.599999999999,-41.5244055181688)"
31327,CARTESIAN_POINT,"'',(64.9148155148232,-177.599999999999,-41.4585495852192)"
31328,CARTESIAN_POINT,"'',(64.0086854884855,-177.599999999999,-40.6244055181688)"
31329,CARTESIAN_POINT,"'',(64.7998043274134,-177.599999999999,-41.3678171406833)"
31330,CARTESIAN_POINT,"'',(64.8186854884855,-177.599999999999,-40.2824055181688)"
31331,CARTESIAN_POINT,"'',(64.8461500795317,-177.599999999999,-41.3245541931442)"
31332,CARTESIAN_POINT,"'',(65.6166854884855,-177.599999999999,-40.6244055181688)"
31333,CARTESIAN_POINT,"'',(64.5919116357236,-177.599999999999,-41.4728380253166)"
31334,CARTESIAN_POINT,"'',(65.9286854884855,-177.599999999999,-41.5604055181688)"
31335,CARTESIAN_POINT,"'',(64.4876277322528,-177.599999999999,-41.6450927346307)"
31336,CARTESIAN_POINT,"'',(65.6106854884855,-177.599999999999,-42.5384055181688)"
31337,CARTESIAN_POINT,"'',(64.8475659895566,-177.599999999999,-41.9151650461208)"
31338,CARTESIAN_POINT,"'',(64.8426854884855,-177.599999999999,-42.8984055181688)"
31339,CARTESIAN_POINT,"'',(64.8562894299943,-177.599999999999,-41.8033174862382)"
31340,CARTESIAN_POINT,"'',(64.2606854884855,-177.599999999999,-42.7244055181688)"
31341,CARTESIAN_POINT,"'',(64.8884112296487,-177.599999999999,-41.766280812457)"
31342,CARTESIAN_POINT,"'',(64.4983894023994,-177.599999999999,-39.3253789563897)"
31343,CARTESIAN_POINT,"'',(65.5866854884855,-177.599999999999,-38.5064055181688)"
31344,CARTESIAN_POINT,"'',(65.8475027610818,-177.599999999999,-39.1126499131594)"
31345,CARTESIAN_POINT,"'',(66.5526854884855,-177.599999999999,-39.0584055181688)"
31346,CARTESIAN_POINT,"'',(66.5488232043135,-177.599999999999,-39.0587026169513)"
31347,CARTESIAN_POINT,"'',(64.9113348008383,-177.599999999999,-39.2027689835675)"
31348,CARTESIAN_POINT,"'',(66.0368605109496,-177.599999999999,-38.0047225464933)"
31349,CARTESIAN_POINT,"'',(65.0002397740829,-177.599999999999,-39.2623607889175)"
31350,CARTESIAN_POINT,"'',(64.9293299592517,-177.599999999999,-37.6341076454944)"
31351,CARTESIAN_POINT,"'',(64.8580618165543,-177.599999999999,-39.4155170103685)"
31352,CARTESIAN_POINT,"'',(63.4806854884855,-177.599999999999,-38.2844055181688)"
31353,CARTESIAN_POINT,"'',(63.4806854884855,-177.599999999999,-38.2844055181688)"
31354,CARTESIAN_POINT,"'',(63.0726854884855,-177.599999999999,-38.7884055181688)"
31355,CARTESIAN_POINT,"'',(62.8686854884855,-177.599999999999,-39.5924055181688)"
31356,CARTESIAN_POINT,"'',(62.8686854884855,-177.599999999999,-40.6964055181688)"
31357,CARTESIAN_POINT,"'',(62.8686854884855,-177.599999999999,-40.6964055181688)"
31358,CARTESIAN_POINT,"'',(62.8686854884855,-177.599999999999,-40.6964055181688)"
31359,CARTESIAN_POINT,"'',(62.8686854884855,-177.599999999999,-41.6864055181688)"
31360,CARTESIAN_POINT,"'',(63.0546854884855,-177.599999999999,-42.4004055181688)"
31361,CARTESIAN_POINT,"'',(63.4206854884855,-177.599999999999,-42.8264055181688)"
31362,CARTESIAN_POINT,"'',(63.4206854884855,-177.599999999999,-42.8264055181688)"
31363,CARTESIAN_POINT,"'',(64.8047235079064,-177.599999999999,-41.6695494878834)"
31364,CARTESIAN_POINT,"'',(64.8546854884855,-177.599999999999,-43.4744055181688)"
31365,CARTESIAN_POINT,"'',(64.8847987971952,-177.599999999999,-41.7169210032943)"
31366,CARTESIAN_POINT,"'',(65.7786854884855,-177.599999999999,-43.2284055181688)"
31367,CARTESIAN_POINT,"'',(64.877618139616,-177.599999999999,-41.7871055950904)"
31368,CARTESIAN_POINT,"'',(66.4146854884855,-177.599999999999,-42.5204055181688)"
31369,CARTESIAN_POINT,"'',(64.4691546990967,-177.599999999999,-41.5402208348157)"
31370,CARTESIAN_POINT,"'',(66.6486854884855,-177.599999999999,-41.5184055181688)"
31371,CARTESIAN_POINT,"'',(64.7865120089932,-177.599999999999,-41.433534847867)"
31372,CARTESIAN_POINT,"'',(66.1566854884855,-177.599999999999,-40.1804055181688)"
31373,CARTESIAN_POINT,"'',(64.9791047609035,-177.599999999999,-41.2621163784462)"
31374,CARTESIAN_POINT,"'',(64.9566854884855,-177.599999999999,-39.6644055181688)"
31375,CARTESIAN_POINT,"'',(64.9758167558714,-177.599999999999,-41.4080729347311)"
31376,CARTESIAN_POINT,"'',(64.1886854884855,-177.599999999999,-39.8504055181688)"
31377,CARTESIAN_POINT,"'',(64.9766780089045,-177.599999999999,-41.3103846299341)"
31378,CARTESIAN_POINT,"'',(63.5752870775254,-177.599999999999,-40.4208982978145)"
31379,CARTESIAN_POINT,"'',(67.4729877603706,-177.599999999999,-40.3003040759318)"
31380,CARTESIAN_POINT,"'',(63.7686854884855,-177.599999999999,-39.1004055181688)"
31381,CARTESIAN_POINT,"'',(65.287968564225,-177.599999999999,-39.6634306704805)"
31382,CARTESIAN_POINT,"'',(64.2906854884855,-177.599999999999,-38.3924055181688)"
31383,CARTESIAN_POINT,"'',(64.8700490686621,-177.599999999999,-39.2051603457538)"
31384,CARTESIAN_POINT,"'',(64.8846854884855,-177.599999999999,-38.2064055181688)"
31385,CARTESIAN_POINT,"'',(64.8968915132099,-177.599999999999,-39.1475847255091)"
31386,CARTESIAN_POINT,"'',(65.7389354884855,-177.599999999999,-38.7531555181688)"
31387,CARTESIAN_POINT,"'',(65.8475031230848,-177.599999999999,-39.1126494551187)"
31388,CARTESIAN_POINT,"'',(65.5896889368807,-177.599999999999,-38.5041453387101)"
31389,CARTESIAN_POINT,"'',(65.5896889368807,-177.733333333333,-38.5041453387101)"
31390,CARTESIAN_POINT,"'',(65.5896889368807,-177.866666666666,-38.5041453387101)"
31391,CARTESIAN_POINT,"'',(65.5896889368807,-178.,-38.5041453387101)"
31392,CARTESIAN_POINT,"'',(64.4983894023994,-178.40000000472,-39.3253789563897)"
31393,CARTESIAN_POINT,"'',(64.8846891628404,-177.599999999999,-38.2066888394415)"
31394,CARTESIAN_POINT,"'',(64.8846891628404,-177.733333333333,-38.2066888394415)"
31395,CARTESIAN_POINT,"'',(64.8846891628404,-177.866666666666,-38.2066888394415)"
31396,CARTESIAN_POINT,"'',(64.8846891628404,-178.,-38.2066888394415)"
31397,CARTESIAN_POINT,"'',(64.8968915132099,-178.40000000472,-39.1475847255091)"
31398,CARTESIAN_POINT,"'',(64.2905690445238,-177.599999999999,-38.3922421658366)"
31399,CARTESIAN_POINT,"'',(64.2905690445238,-177.733333333333,-38.3922421658366)"
31400,CARTESIAN_POINT,"'',(64.2905690445238,-177.866666666666,-38.3922421658366)"
31401,CARTESIAN_POINT,"'',(64.2905690445238,-178.,-38.3922421658366)"
31402,CARTESIAN_POINT,"'',(64.8700490686621,-178.40000000472,-39.2051603457538)"
31403,CARTESIAN_POINT,"'',(63.770916876167,-177.599999999999,-39.1012324393721)"
31404,CARTESIAN_POINT,"'',(63.770916876167,-177.733333333333,-39.1012324393721)"
31405,CARTESIAN_POINT,"'',(63.770916876167,-177.866666666666,-39.1012324393721)"
31406,CARTESIAN_POINT,"'',(63.770916876167,-178.,-39.1012324393721)"
31407,CARTESIAN_POINT,"'',(65.287968564225,-178.40000000472,-39.6634306704805)"
31408,CARTESIAN_POINT,"'',(63.5752870775251,-177.599999999999,-40.4208982978138)"
31409,CARTESIAN_POINT,"'',(67.4729877603706,-178.40000000472,-40.3003040759318)"
31410,CARTESIAN_POINT,"'',(64.1883117944026,-177.599999999999,-39.849713144141)"
31411,CARTESIAN_POINT,"'',(64.1883117944026,-177.733333333333,-39.849713144141)"
31412,CARTESIAN_POINT,"'',(64.1883117944026,-177.866666666666,-39.849713144141)"
31413,CARTESIAN_POINT,"'',(64.1883117944026,-178.,-39.849713144141)"
31414,CARTESIAN_POINT,"'',(64.9766780089045,-178.40000000472,-41.3103846299341)"
31415,CARTESIAN_POINT,"'',(64.9566779129046,-177.599999999999,-39.6637150624238)"
31416,CARTESIAN_POINT,"'',(64.9566779129046,-177.733333333333,-39.6637150624238)"
31417,CARTESIAN_POINT,"'',(64.9566779129046,-177.866666666666,-39.6637150624238)"
31418,CARTESIAN_POINT,"'',(64.9566779129046,-178.,-39.6637150624238)"
31419,CARTESIAN_POINT,"'',(64.9758167558714,-178.40000000472,-41.4080729347311)"
31420,CARTESIAN_POINT,"'',(66.1554988448523,-177.599999999999,-40.1814955541003)"
31421,CARTESIAN_POINT,"'',(66.1554988448523,-177.733333333333,-40.1814955541003)"
31422,CARTESIAN_POINT,"'',(66.1554988448523,-177.866666666666,-40.1814955541003)"
31423,CARTESIAN_POINT,"'',(66.1554988448523,-178.,-40.1814955541003)"
31424,CARTESIAN_POINT,"'',(64.9791047609035,-178.40000000472,-41.2621163784462)"
31425,CARTESIAN_POINT,"'',(66.6442088127292,-177.599999999999,-41.5182014885892)"
31426,CARTESIAN_POINT,"'',(66.6442088127292,-177.733333333333,-41.5182014885892)"
31427,CARTESIAN_POINT,"'',(66.6442088127292,-177.866666666666,-41.5182014885892)"
31428,CARTESIAN_POINT,"'',(66.6442088127292,-178.,-41.5182014885892)"
31429,CARTESIAN_POINT,"'',(64.7865120089932,-178.40000000472,-41.433534847867)"
31430,CARTESIAN_POINT,"'',(66.4150993327904,-177.599999999999,-42.5206140185179)"
31431,CARTESIAN_POINT,"'',(66.4150993327904,-177.733333333333,-42.5206140185179)"
31432,CARTESIAN_POINT,"'',(66.4150993327904,-177.866666666666,-42.5206140185179)"
31433,CARTESIAN_POINT,"'',(66.4150993327904,-178.,-42.5206140185179)"
31434,CARTESIAN_POINT,"'',(64.4691546990967,-178.40000000472,-41.5402208348157)"
31435,CARTESIAN_POINT,"'',(65.7794608698234,-177.599999999999,-43.2296457773615)"
31436,CARTESIAN_POINT,"'',(65.7794608698234,-177.733333333333,-43.2296457773615)"
31437,CARTESIAN_POINT,"'',(65.7794608698234,-177.866666666666,-43.2296457773615)"
31438,CARTESIAN_POINT,"'',(65.7794608698234,-178.,-43.2296457773615)"
31439,CARTESIAN_POINT,"'',(64.877618139616,-178.40000000472,-41.7871055950904)"
31440,CARTESIAN_POINT,"'',(64.8547038165782,-177.599999999999,-43.47333584697)"
31441,CARTESIAN_POINT,"'',(64.8547038165782,-177.733333333333,-43.47333584697)"
31442,CARTESIAN_POINT,"'',(64.8547038165782,-177.866666666666,-43.47333584697)"
31443,CARTESIAN_POINT,"'',(64.8547038165782,-178.,-43.47333584697)"
31444,CARTESIAN_POINT,"'',(64.8847987971952,-178.40000000472,-41.7169210032943)"
31445,CARTESIAN_POINT,"'',(63.4211047458101,-177.599999999999,-42.8260550795556)"
31446,CARTESIAN_POINT,"'',(63.4211047458101,-177.733333333333,-42.8260550795556)"
31447,CARTESIAN_POINT,"'',(63.4211047458101,-177.866666666666,-42.8260550795556)"
31448,CARTESIAN_POINT,"'',(63.4211047458101,-178.,-42.8260550795556)"
31449,CARTESIAN_POINT,"'',(64.8047235079064,-178.40000000472,-41.6695494878834)"
31450,CARTESIAN_POINT,"'',(62.8686854884855,-178.399999999999,-40.6964055181688)"
31451,CARTESIAN_POINT,"'',(63.4316654884855,-178.399999999999,-42.8391855181688)"
31452,CARTESIAN_POINT,"'',(63.4280054884855,-178.399999999999,-42.8349255181688)"
31453,CARTESIAN_POINT,"'',(63.4243454884855,-178.399999999999,-42.8306655181688)"
31454,CARTESIAN_POINT,"'',(63.4206854884855,-178.399999999999,-42.8264055181688)"
31455,CARTESIAN_POINT,"'',(63.0546854884855,-178.399999999999,-42.4004055181688)"
31456,CARTESIAN_POINT,"'',(62.8686854884855,-178.399999999999,-41.6864055181688)"
31457,CARTESIAN_POINT,"'',(62.8686854884855,-178.399999999999,-40.6964055181688)"
31458,CARTESIAN_POINT,"'',(63.4806854884855,-177.599999999999,-38.2844055181688)"
31459,CARTESIAN_POINT,"'',(63.4806854884855,-178.,-38.2844055181688)"
31460,CARTESIAN_POINT,"'',(62.8686854884855,-178.399999999999,-40.6964055181688)"
31461,CARTESIAN_POINT,"'',(62.8686854884855,-178.399999999999,-39.5924055181688)"
31462,CARTESIAN_POINT,"'',(63.0726854884855,-178.399999999999,-38.7884055181688)"
31463,CARTESIAN_POINT,"'',(63.4806854884855,-178.399999999999,-38.2844055181688)"
31464,CARTESIAN_POINT,"'',(64.9293299592517,-177.599999999999,-37.6341076454944)"
31465,CARTESIAN_POINT,"'',(64.8580618165543,-178.40000000472,-39.4155170103685)"
31466,CARTESIAN_POINT,"'',(66.0368605109501,-177.599999999999,-38.0047225464925)"
31467,CARTESIAN_POINT,"'',(65.0002397740829,-178.40000000472,-39.2623607889175)"
31468,CARTESIAN_POINT,"'',(66.5488232043139,-177.599999999999,-39.0587026169512)"
31469,CARTESIAN_POINT,"'',(64.9113348008383,-178.40000000472,-39.2027689835675)"
31470,CARTESIAN_POINT,"'',(66.5526854884855,-178.399999999999,-39.0584055181688)"
31471,CARTESIAN_POINT,"'',(64.8884112296487,-178.,-41.766280812457)"
31472,CARTESIAN_POINT,"'',(64.2606854884855,-178.,-42.7244055181688)"
31473,CARTESIAN_POINT,"'',(63.8346854884855,-178.,-42.2204055181688)"
31474,CARTESIAN_POINT,"'',(63.8356998411,-178.,-42.219968362119)"
31475,CARTESIAN_POINT,"'',(63.8356998411,-177.866666666666,-42.219968362119)"
31476,CARTESIAN_POINT,"'',(63.8356998411,-177.733333333333,-42.219968362119)"
31477,CARTESIAN_POINT,"'',(63.8356998411,-177.599999999999,-42.219968362119)"
31478,CARTESIAN_POINT,"'',(64.261227983429,-178.,-42.7235665620017)"
31479,CARTESIAN_POINT,"'',(64.261227983429,-177.866666666666,-42.7235665620017)"
31480,CARTESIAN_POINT,"'',(64.261227983429,-177.733333333333,-42.7235665620017)"
31481,CARTESIAN_POINT,"'',(64.261227983429,-177.599999999999,-42.7235665620017)"
31482,CARTESIAN_POINT,"'',(64.8884112296487,-178.40000000472,-41.766280812457)"
31483,CARTESIAN_POINT,"'',(64.8562894299943,-178.,-41.8033174862382)"
31484,CARTESIAN_POINT,"'',(64.8426854884855,-178.,-42.8984055181688)"
31485,CARTESIAN_POINT,"'',(64.8426838864061,-178.,-42.8987282779099)"
31486,CARTESIAN_POINT,"'',(64.8426838864061,-177.866666666666,-42.8987282779099)"
31487,CARTESIAN_POINT,"'',(64.8426838864061,-177.733333333333,-42.8987282779099)"
31488,CARTESIAN_POINT,"'',(64.8426838864061,-177.599999999999,-42.8987282779099)"
31489,CARTESIAN_POINT,"'',(64.8562894299943,-178.40000000472,-41.8033174862382)"
31490,CARTESIAN_POINT,"'',(64.8475659895566,-178.,-41.9151650461208)"
31491,CARTESIAN_POINT,"'',(65.6106854884855,-178.,-42.5384055181688)"
31492,CARTESIAN_POINT,"'',(65.6137825235025,-178.,-42.5408689898437)"
31493,CARTESIAN_POINT,"'',(65.6137825235025,-177.866666666666,-42.5408689898437)"
31494,CARTESIAN_POINT,"'',(65.6137825235025,-177.733333333333,-42.5408689898437)"
31495,CARTESIAN_POINT,"'',(65.6137825235025,-177.599999999999,-42.5408689898437)"
31496,CARTESIAN_POINT,"'',(64.8475659895566,-178.40000000472,-41.9151650461208)"
31497,CARTESIAN_POINT,"'',(64.4876277322528,-178.,-41.6450927346307)"
31498,CARTESIAN_POINT,"'',(65.9286854884855,-178.,-41.5604055181688)"
31499,CARTESIAN_POINT,"'',(65.923771780467,-178.,-41.5600836379264)"
31500,CARTESIAN_POINT,"'',(65.923771780467,-177.866666666666,-41.5600836379264)"
31501,CARTESIAN_POINT,"'',(65.923771780467,-177.733333333333,-41.5600836379264)"
31502,CARTESIAN_POINT,"'',(65.923771780467,-177.599999999999,-41.5600836379264)"
31503,CARTESIAN_POINT,"'',(64.4876277322528,-178.40000000472,-41.6450927346307)"
31504,CARTESIAN_POINT,"'',(64.5919116357236,-178.,-41.4728380253166)"
31505,CARTESIAN_POINT,"'',(65.6166854884855,-178.,-40.6244055181688)"
31506,CARTESIAN_POINT,"'',(65.6167590421614,-178.,-40.6243386834612)"
31507,CARTESIAN_POINT,"'',(65.6167590421614,-177.866666666666,-40.6243386834612)"
31508,CARTESIAN_POINT,"'',(65.6167590421614,-177.733333333333,-40.6243386834612)"
31509,CARTESIAN_POINT,"'',(65.6167590421614,-177.599999999999,-40.6243386834612)"
31510,CARTESIAN_POINT,"'',(64.5919116357236,-178.40000000472,-41.4728380253166)"
31511,CARTESIAN_POINT,"'',(64.8461500795317,-178.,-41.3245541931442)"
31512,CARTESIAN_POINT,"'',(64.8186854884855,-178.,-40.2824055181688)"
31513,CARTESIAN_POINT,"'',(64.8186745888918,-178.,-40.2830320975182)"
31514,CARTESIAN_POINT,"'',(64.8186745888918,-177.866666666666,-40.2830320975182)"
31515,CARTESIAN_POINT,"'',(64.8186745888918,-177.733333333333,-40.2830320975182)"
31516,CARTESIAN_POINT,"'',(64.8186745888918,-177.599999999999,-40.2830320975182)"
31517,CARTESIAN_POINT,"'',(64.8461500795317,-178.40000000472,-41.3245541931442)"
31518,CARTESIAN_POINT,"'',(64.7998043274134,-178.,-41.3678171406833)"
31519,CARTESIAN_POINT,"'',(64.0086854884855,-178.,-40.6244055181688)"
31520,CARTESIAN_POINT,"'',(64.0067611585761,-178.,-40.6226340633772)"
31521,CARTESIAN_POINT,"'',(64.0067611585761,-177.866666666666,-40.6226340633772)"
31522,CARTESIAN_POINT,"'',(64.0067611585761,-177.733333333333,-40.6226340633772)"
31523,CARTESIAN_POINT,"'',(64.0067611585761,-177.599999999999,-40.6226340633772)"
31524,CARTESIAN_POINT,"'',(64.7998043274134,-178.40000000472,-41.3678171406833)"
31525,CARTESIAN_POINT,"'',(64.9148155148232,-178.,-41.4585495852192)"
31526,CARTESIAN_POINT,"'',(63.6786854884855,-178.,-41.5244055181688)"
31527,CARTESIAN_POINT,"'',(63.6784060741416,-178.,-41.5244067930983)"
31528,CARTESIAN_POINT,"'',(63.6784060741416,-177.866666666666,-41.5244067930983)"
31529,CARTESIAN_POINT,"'',(63.6784060741416,-177.733333333333,-41.5244067930983)"
31530,CARTESIAN_POINT,"'',(63.6784060741416,-177.599999999999,-41.5244067930983)"
31531,CARTESIAN_POINT,"'',(64.9148155148232,-178.40000000472,-41.4585495852192)"
31532,CARTESIAN_POINT,"'',(65.3362317842209,-178.,-41.5168423607613)"
31533,CARTESIAN_POINT,"'',(65.3362317842209,-178.40000000472,-41.5168423607613)"
31534,CARTESIAN_POINT,"'',(13.,-178.,-101.)"
31535,CARTESIAN_POINT,"'',(134.425,-174.425,-5.8)"
31536,CARTESIAN_POINT,"'',(134.425,-174.425,-6.2)"
31537,CARTESIAN_POINT,"'',(134.425,-174.425,-6.2)"
31538,CARTESIAN_POINT,"'',(134.425,-171.425,-6.2)"
31539,CARTESIAN_POINT,"'',(134.425,-171.425,-5.8)"
31540,CARTESIAN_POINT,"'',(134.425,-174.425,-5.8)"
31541,CARTESIAN_POINT,"'',(134.425,-171.425,-6.2)"
31542,CARTESIAN_POINT,"'',(141.425,-171.425,-6.2)"
31543,CARTESIAN_POINT,"'',(141.425,-171.425,-5.8)"
31544,CARTESIAN_POINT,"'',(134.425,-171.425,-5.8)"
31545,CARTESIAN_POINT,"'',(141.425,-171.425,-6.2)"
31546,CARTESIAN_POINT,"'',(141.425,-164.425,-6.2)"
31547,CARTESIAN_POINT,"'',(141.425,-164.425,-5.8)"
31548,CARTESIAN_POINT,"'',(141.425,-171.425,-5.8)"
31549,CARTESIAN_POINT,"'',(141.425,-164.425,-6.2)"
31550,CARTESIAN_POINT,"'',(144.425,-164.425,-6.2)"
31551,CARTESIAN_POINT,"'',(144.425,-164.425,-5.8)"
31552,CARTESIAN_POINT,"'',(141.425,-164.425,-5.8)"
31553,CARTESIAN_POINT,"'',(144.425,-164.425,-6.2)"
31554,CARTESIAN_POINT,"'',(144.425,-174.425,-6.2)"
31555,CARTESIAN_POINT,"'',(144.425,-174.425,-5.8)"
31556,CARTESIAN_POINT,"'',(144.425,-164.425,-5.8)"
31557,CARTESIAN_POINT,"'',(144.425,-174.425,-6.2)"
31558,CARTESIAN_POINT,"'',(144.425,-174.425,-5.8)"
31559,CARTESIAN_POINT,"'',(13.,22.,-6.2)"
31560,CARTESIAN_POINT,"'',(-148.4,-136.868969410388,-63.1030253571377)"
31561,CARTESIAN_POINT,"'',(-147.6,-136.868969410388,-63.1030253571377)"
31562,CARTESIAN_POINT,"'',(-147.6,-136.868969410388,-63.1030253571377)"
31563,CARTESIAN_POINT,"'',(-147.6,-136.868969410388,-61.9690253571377)"
31564,CARTESIAN_POINT,"'',(-148.4,-136.868969410388,-61.9690253571377)"
31565,CARTESIAN_POINT,"'',(-148.4,-136.868969410388,-63.1030253571377)"
31566,CARTESIAN_POINT,"'',(-147.6,-136.868969410388,-61.9690253571377)"
31567,CARTESIAN_POINT,"'',(-147.6,-140.924969410388,-60.6070253571377)"
31568,CARTESIAN_POINT,"'',(-147.6,-140.924969410388,-60.6070253571377)"
31569,CARTESIAN_POINT,"'',(-147.733333333333,-140.924969410388,-60.6070253571377)"
31570,CARTESIAN_POINT,"'',(-147.866666666667,-140.924969410388,-60.6070253571377)"
31571,CARTESIAN_POINT,"'',(-148.,-140.924969410388,-60.6070253571377)"
31572,CARTESIAN_POINT,"'',(-148.4,-136.868969410388,-61.9690253571377)"
31573,CARTESIAN_POINT,"'',(-147.6,-165.300542215433,-133.941796633476)"
31574,CARTESIAN_POINT,"'',(-147.6,-141.769699991632,-60.331554527562)"
31575,CARTESIAN_POINT,"'',(-147.6,-141.769699991644,-60.3315545292121)"
31576,CARTESIAN_POINT,"'',(-148.400000002668,-165.300542215433,-133.941796633476)"
31577,CARTESIAN_POINT,"'',(-147.6,-146.64077178326,-44.2766019273023)"
31578,CARTESIAN_POINT,"'',(-147.6,-140.852969410388,-60.0250253571377)"
31579,CARTESIAN_POINT,"'',(-147.6,-140.853202289972,-60.0243916993078)"
31580,CARTESIAN_POINT,"'',(-147.733333333333,-140.853202289972,-60.0243916993078)"
31581,CARTESIAN_POINT,"'',(-147.866666666667,-140.853202289972,-60.0243916993078)"
31582,CARTESIAN_POINT,"'',(-148.,-140.853202289972,-60.0243916993078)"
31583,CARTESIAN_POINT,"'',(-148.400000002668,-146.64077178326,-44.2766019273023)"
31584,CARTESIAN_POINT,"'',(-147.6,-140.852969410388,-60.0250253571377)"
31585,CARTESIAN_POINT,"'',(-147.6,-136.868969410388,-58.6510253571377)"
31586,CARTESIAN_POINT,"'',(-148.4,-136.868969410388,-58.6510253571377)"
31587,CARTESIAN_POINT,"'',(-148.4,-140.852969410388,-60.0250253571377)"
31588,CARTESIAN_POINT,"'',(-147.6,-136.868969410388,-58.6510253571377)"
31589,CARTESIAN_POINT,"'',(-147.6,-136.868969410388,-57.6310253571377)"
31590,CARTESIAN_POINT,"'',(-148.4,-136.868969410388,-57.6310253571377)"
31591,CARTESIAN_POINT,"'',(-148.4,-136.868969410388,-58.6510253571377)"
31592,CARTESIAN_POINT,"'',(-147.6,-136.868969410388,-57.6310253571377)"
31593,CARTESIAN_POINT,"'',(-147.6,-142.592969410388,-57.6310253571377)"
31594,CARTESIAN_POINT,"'',(-148.4,-142.592969410388,-57.6310253571377)"
31595,CARTESIAN_POINT,"'',(-148.4,-136.868969410388,-57.6310253571377)"
31596,CARTESIAN_POINT,"'',(-147.6,-142.592969410388,-57.6310253571377)"
31597,CARTESIAN_POINT,"'',(-147.6,-142.592969410388,-58.3630253571377)"
31598,CARTESIAN_POINT,"'',(-148.4,-142.592969410388,-58.3630253571377)"
31599,CARTESIAN_POINT,"'',(-148.4,-142.592969410388,-57.6310253571377)"
31600,CARTESIAN_POINT,"'',(-147.6,-142.592969410388,-58.3630253571377)"
31601,CARTESIAN_POINT,"'',(-147.6,-137.804969410388,-58.3630253571377)"
31602,CARTESIAN_POINT,"'',(-148.4,-137.804969410388,-58.3630253571377)"
31603,CARTESIAN_POINT,"'',(-148.4,-142.592969410388,-58.3630253571377)"
31604,CARTESIAN_POINT,"'',(-147.6,-137.804969410388,-58.3630253571377)"
31605,CARTESIAN_POINT,"'',(-147.6,-142.592969410388,-60.0370253571377)"
31606,CARTESIAN_POINT,"'',(-148.4,-142.592969410388,-60.0370253571377)"
31607,CARTESIAN_POINT,"'',(-148.4,-137.804969410388,-58.3630253571377)"
31608,CARTESIAN_POINT,"'',(-147.6,-142.592969410388,-60.0370253571377)"
31609,CARTESIAN_POINT,"'',(-147.6,-142.592969410388,-60.7150253571377)"
31610,CARTESIAN_POINT,"'',(-148.4,-142.592969410388,-60.7150253571377)"
31611,CARTESIAN_POINT,"'',(-148.4,-142.592969410388,-60.0370253571377)"
31612,CARTESIAN_POINT,"'',(-147.6,-142.592969410388,-60.7150253571377)"
31613,CARTESIAN_POINT,"'',(-147.6,-137.720969410388,-62.3710253571377)"
31614,CARTESIAN_POINT,"'',(-148.4,-137.720969410388,-62.3710253571377)"
31615,CARTESIAN_POINT,"'',(-148.4,-142.592969410388,-60.7150253571377)"
31616,CARTESIAN_POINT,"'',(-147.6,-137.720969410388,-62.3710253571377)"
31617,CARTESIAN_POINT,"'',(-147.6,-142.592969410388,-62.3710253571377)"
31618,CARTESIAN_POINT,"'',(-148.4,-142.592969410388,-62.3710253571377)"
31619,CARTESIAN_POINT,"'',(-148.4,-137.720969410388,-62.3710253571377)"
31620,CARTESIAN_POINT,"'',(-147.6,-142.592969410388,-62.3710253571377)"
31621,CARTESIAN_POINT,"'',(-147.6,-142.592969410388,-63.1030253571377)"
31622,CARTESIAN_POINT,"'',(-148.4,-142.592969410388,-63.1030253571377)"
31623,CARTESIAN_POINT,"'',(-148.4,-142.592969410388,-62.3710253571377)"
31624,CARTESIAN_POINT,"'',(-147.6,-142.592969410388,-63.1030253571377)"
31625,CARTESIAN_POINT,"'',(-148.4,-142.592969410388,-63.1030253571377)"
31626,CARTESIAN_POINT,"'',(-147.6,-141.419969410388,-60.4442753571377)"
31627,CARTESIAN_POINT,"'',(-148.4,-142.592969410388,-54.7630253571377)"
31628,CARTESIAN_POINT,"'',(-147.6,-142.592969410388,-54.7630253571377)"
31629,CARTESIAN_POINT,"'',(-147.6,-142.592969410388,-54.7630253571377)"
31630,CARTESIAN_POINT,"'',(-147.6,-138.11935733436,-54.7630253571377)"
31631,CARTESIAN_POINT,"'',(-147.6,-138.11935733436,-54.7630253571377)"
31632,CARTESIAN_POINT,"'',(-148.4,-142.592969410388,-54.7630253571377)"
31633,CARTESIAN_POINT,"'',(-147.6,-135.448975789093,-57.1736575164641)"
31634,CARTESIAN_POINT,"'',(-147.6,-138.596969410388,-55.4290253571377)"
31635,CARTESIAN_POINT,"'',(-147.6,-138.595569274992,-55.4298013184427)"
31636,CARTESIAN_POINT,"'',(-147.733333333333,-138.595569274992,-55.4298013184427)"
31637,CARTESIAN_POINT,"'',(-147.866666666667,-138.595569274992,-55.4298013184427)"
31638,CARTESIAN_POINT,"'',(-148.,-138.595569274992,-55.4298013184427)"
31639,CARTESIAN_POINT,"'',(-148.400000002668,-135.448975789093,-57.1736575164641)"
31640,CARTESIAN_POINT,"'',(-147.6,-134.094951471637,-58.1308235547137)"
31641,CARTESIAN_POINT,"'',(-147.6,-138.962969410388,-56.1670253571377)"
31642,CARTESIAN_POINT,"'',(-147.6,-138.963708387894,-56.1670253571377)"
31643,CARTESIAN_POINT,"'',(-148.400000002668,-134.094951471637,-58.1308235547137)"
31644,CARTESIAN_POINT,"'',(-147.6,-138.962969410388,-56.1670253571377)"
31645,CARTESIAN_POINT,"'',(-147.6,-138.283681991115,-56.1670253571377)"
31646,CARTESIAN_POINT,"'',(-147.6,-138.283681991115,-56.1670253571377)"
31647,CARTESIAN_POINT,"'',(-148.4,-138.962969410388,-56.1670253571377)"
31648,CARTESIAN_POINT,"'',(-147.6,-134.36187809595,-57.9769625902226)"
31649,CARTESIAN_POINT,"'',(-147.6,-137.612969410388,-55.1350253571377)"
31650,CARTESIAN_POINT,"'',(-147.6,-137.613859955759,-55.1342468880625)"
31651,CARTESIAN_POINT,"'',(-147.733333333333,-137.613859955759,-55.1342468880625)"
31652,CARTESIAN_POINT,"'',(-147.866666666667,-137.613859955759,-55.1342468880625)"
31653,CARTESIAN_POINT,"'',(-148.,-137.613859955759,-55.1342468880625)"
31654,CARTESIAN_POINT,"'',(-148.400000002668,-134.36187809595,-57.9769625902226)"
31655,CARTESIAN_POINT,"'',(-147.6,-135.500325275043,-56.9312399970164)"
31656,CARTESIAN_POINT,"'',(-147.6,-136.844969410388,-54.5084482822554)"
31657,CARTESIAN_POINT,"'',(-147.6,-136.844969410388,-54.5084482822554)"
31658,CARTESIAN_POINT,"'',(-148.400000002668,-135.500325275043,-56.9312399970164)"
31659,CARTESIAN_POINT,"'',(-147.6,-136.844969410388,-54.5110253571377)"
31660,CARTESIAN_POINT,"'',(-147.6,-136.844969410388,-54.0610253571377)"
31661,CARTESIAN_POINT,"'',(-148.4,-136.844969410388,-54.0610253571377)"
31662,CARTESIAN_POINT,"'',(-148.4,-136.844969410388,-54.5110253571377)"
31663,CARTESIAN_POINT,"'',(-147.6,-136.844969410388,-54.0610253571377)"
31664,CARTESIAN_POINT,"'',(-147.6,-142.592969410388,-54.0610253571377)"
31665,CARTESIAN_POINT,"'',(-148.4,-142.592969410388,-54.0610253571377)"
31666,CARTESIAN_POINT,"'',(-148.4,-136.844969410388,-54.0610253571377)"
31667,CARTESIAN_POINT,"'',(-147.6,-142.592969410388,-54.0610253571377)"
31668,CARTESIAN_POINT,"'',(-148.4,-142.592969410388,-54.0610253571377)"
31669,CARTESIAN_POINT,"'',(-147.6,-138.356969410388,-55.0555253571377)"
31670,CARTESIAN_POINT,"'',(-147.6,-140.731406253365,-49.8234790631051)"
31671,CARTESIAN_POINT,"'',(-147.6,-141.434969410388,-51.3250253571377)"
31672,CARTESIAN_POINT,"'',(-147.6,-140.738969410388,-51.4810253571377)"
31673,CARTESIAN_POINT,"'',(-147.6,-140.673113477488,-50.244895330774)"
31674,CARTESIAN_POINT,"'',(-147.6,-139.838969410388,-51.1510253571377)"
31675,CARTESIAN_POINT,"'',(-147.6,-140.582381032903,-50.3599065182097)"
31676,CARTESIAN_POINT,"'',(-147.6,-139.496969410388,-50.3410253571377)"
31677,CARTESIAN_POINT,"'',(-147.6,-140.539118085375,-50.3135607660978)"
31678,CARTESIAN_POINT,"'',(-147.6,-139.838969410388,-49.5430253571377)"
31679,CARTESIAN_POINT,"'',(-147.6,-140.687401917536,-50.5677992098997)"
31680,CARTESIAN_POINT,"'',(-147.6,-140.774969410388,-49.2310253571377)"
31681,CARTESIAN_POINT,"'',(-147.6,-140.859656626825,-50.6720831135584)"
31682,CARTESIAN_POINT,"'',(-147.6,-141.752969410388,-49.5490253571377)"
31683,CARTESIAN_POINT,"'',(-147.6,-141.12972893834,-50.3121448560666)"
31684,CARTESIAN_POINT,"'',(-147.6,-142.112969410388,-50.3170253571377)"
31685,CARTESIAN_POINT,"'',(-147.6,-141.017881378453,-50.3034214156287)"
31686,CARTESIAN_POINT,"'',(-147.6,-141.938969410388,-50.8990253571377)"
31687,CARTESIAN_POINT,"'',(-147.6,-140.980844704678,-50.2712996159747)"
31688,CARTESIAN_POINT,"'',(-147.6,-138.539942848609,-50.6613214432244)"
31689,CARTESIAN_POINT,"'',(-147.6,-137.720969410388,-49.5730253571377)"
31690,CARTESIAN_POINT,"'',(-147.6,-138.327213805379,-49.3122080845414)"
31691,CARTESIAN_POINT,"'',(-147.6,-138.272969410388,-48.6070253571377)"
31692,CARTESIAN_POINT,"'',(-147.6,-138.27326650917,-48.6108876413097)"
31693,CARTESIAN_POINT,"'',(-147.6,-138.417332875787,-50.2483760447847)"
31694,CARTESIAN_POINT,"'',(-147.6,-137.219286438635,-49.1228503347566)"
31695,CARTESIAN_POINT,"'',(-147.6,-138.476924681143,-50.1594710715202)"
31696,CARTESIAN_POINT,"'',(-147.6,-136.848671537724,-50.2303808864218)"
31697,CARTESIAN_POINT,"'',(-147.6,-138.630080902492,-50.3016490291243)"
31698,CARTESIAN_POINT,"'',(-147.6,-137.498969410388,-51.6790253571377)"
31699,CARTESIAN_POINT,"'',(-147.6,-137.498969410388,-51.6790253571377)"
31700,CARTESIAN_POINT,"'',(-147.6,-138.002969410388,-52.0870253571377)"
31701,CARTESIAN_POINT,"'',(-147.6,-138.806969410388,-52.2910253571377)"
31702,CARTESIAN_POINT,"'',(-147.6,-139.910969410388,-52.2910253571377)"
31703,CARTESIAN_POINT,"'',(-147.6,-139.910969410388,-52.2910253571377)"
31704,CARTESIAN_POINT,"'',(-147.6,-139.910969410388,-52.2910253571377)"
31705,CARTESIAN_POINT,"'',(-147.6,-140.900969410388,-52.2910253571377)"
31706,CARTESIAN_POINT,"'',(-147.6,-141.614969410388,-52.1050253571377)"
31707,CARTESIAN_POINT,"'',(-147.6,-142.040969410388,-51.7390253571377)"
31708,CARTESIAN_POINT,"'',(-147.6,-142.040969410388,-51.7390253571377)"
31709,CARTESIAN_POINT,"'',(-147.6,-140.884113380075,-50.3549873377025)"
31710,CARTESIAN_POINT,"'',(-147.6,-142.688969410388,-50.3050253571377)"
31711,CARTESIAN_POINT,"'',(-147.6,-140.931484895514,-50.274912048428)"
31712,CARTESIAN_POINT,"'',(-147.6,-142.442969410388,-49.3810253571377)"
31713,CARTESIAN_POINT,"'',(-147.6,-141.00166948731,-50.2820927060068)"
31714,CARTESIAN_POINT,"'',(-147.6,-141.734969410388,-48.7450253571377)"
31715,CARTESIAN_POINT,"'',(-147.6,-140.754784725686,-50.690556152211)"
31716,CARTESIAN_POINT,"'',(-147.6,-140.732969410388,-48.5110253571377)"
31717,CARTESIAN_POINT,"'',(-147.6,-140.648098740086,-50.3731988366301)"
31718,CARTESIAN_POINT,"'',(-147.6,-139.394969410388,-49.0030253571377)"
31719,CARTESIAN_POINT,"'',(-147.6,-140.476680270665,-50.1806060847196)"
31720,CARTESIAN_POINT,"'',(-147.6,-138.878969410388,-50.2030253571377)"
31721,CARTESIAN_POINT,"'',(-147.6,-140.622636826951,-50.1838940897516)"
31722,CARTESIAN_POINT,"'',(-147.6,-139.064969410388,-50.9710253571377)"
31723,CARTESIAN_POINT,"'',(-147.6,-140.524948522153,-50.1830328367184)"
31724,CARTESIAN_POINT,"'',(-147.6,-139.635462190034,-51.5844237680979)"
31725,CARTESIAN_POINT,"'',(-147.6,-139.514867968151,-47.686723085252)"
31726,CARTESIAN_POINT,"'',(-147.6,-138.314969410388,-51.3910253571377)"
31727,CARTESIAN_POINT,"'',(-147.6,-138.8779945627,-49.8717422813981)"
31728,CARTESIAN_POINT,"'',(-147.6,-137.606969410388,-50.8690253571377)"
31729,CARTESIAN_POINT,"'',(-147.6,-138.419724237973,-50.2896617769611)"
31730,CARTESIAN_POINT,"'',(-147.6,-137.420969410388,-50.2750253571377)"
31731,CARTESIAN_POINT,"'',(-147.6,-138.362148617733,-50.2628193324151)"
31732,CARTESIAN_POINT,"'',(-147.6,-137.967719410388,-49.4207753571377)"
31733,CARTESIAN_POINT,"'',(-147.6,-138.327213347338,-49.3122077225385)"
31734,CARTESIAN_POINT,"'',(-147.6,-137.718709230929,-49.5700219087426)"
31735,CARTESIAN_POINT,"'',(-147.733333333333,-137.718709230929,-49.5700219087426)"
31736,CARTESIAN_POINT,"'',(-147.866666666667,-137.718709230929,-49.5700219087426)"
31737,CARTESIAN_POINT,"'',(-148.,-137.718709230929,-49.5700219087426)"
31738,CARTESIAN_POINT,"'',(-148.400000002668,-138.539942848609,-50.6613214432244)"
31739,CARTESIAN_POINT,"'',(-147.6,-137.42125273166,-50.2750216827828)"
31740,CARTESIAN_POINT,"'',(-147.733333333333,-137.42125273166,-50.2750216827828)"
31741,CARTESIAN_POINT,"'',(-147.866666666667,-137.42125273166,-50.2750216827828)"
31742,CARTESIAN_POINT,"'',(-148.,-137.42125273166,-50.2750216827828)"
31743,CARTESIAN_POINT,"'',(-148.400000002668,-138.362148617733,-50.2628193324151)"
31744,CARTESIAN_POINT,"'',(-147.6,-137.606806058056,-50.8691418010996)"
31745,CARTESIAN_POINT,"'',(-147.733333333333,-137.606806058056,-50.8691418010996)"
31746,CARTESIAN_POINT,"'',(-147.866666666667,-137.606806058056,-50.8691418010996)"
31747,CARTESIAN_POINT,"'',(-148.,-137.606806058056,-50.8691418010996)"
31748,CARTESIAN_POINT,"'',(-148.400000002668,-138.419724237973,-50.2896617769611)"
31749,CARTESIAN_POINT,"'',(-147.6,-138.315796331591,-51.3887939694561)"
31750,CARTESIAN_POINT,"'',(-147.733333333333,-138.315796331591,-51.3887939694561)"
31751,CARTESIAN_POINT,"'',(-147.866666666667,-138.315796331591,-51.3887939694561)"
31752,CARTESIAN_POINT,"'',(-148.,-138.315796331591,-51.3887939694561)"
31753,CARTESIAN_POINT,"'',(-148.400000002668,-138.8779945627,-49.8717422813981)"
31754,CARTESIAN_POINT,"'',(-147.6,-139.635462190033,-51.5844237680982)"
31755,CARTESIAN_POINT,"'',(-148.400000002668,-139.514867968151,-47.686723085252)"
31756,CARTESIAN_POINT,"'',(-147.6,-139.06427703636,-50.9713990512208)"
31757,CARTESIAN_POINT,"'',(-147.733333333333,-139.06427703636,-50.9713990512208)"
31758,CARTESIAN_POINT,"'',(-147.866666666667,-139.06427703636,-50.9713990512208)"
31759,CARTESIAN_POINT,"'',(-148.,-139.06427703636,-50.9713990512208)"
31760,CARTESIAN_POINT,"'',(-148.400000002668,-140.524948522153,-50.1830328367184)"
31761,CARTESIAN_POINT,"'',(-147.6,-138.878278954643,-50.2030329327185)"
31762,CARTESIAN_POINT,"'',(-147.733333333333,-138.878278954643,-50.2030329327185)"
31763,CARTESIAN_POINT,"'',(-147.866666666667,-138.878278954643,-50.2030329327185)"
31764,CARTESIAN_POINT,"'',(-148.,-138.878278954643,-50.2030329327185)"
31765,CARTESIAN_POINT,"'',(-148.400000002668,-140.622636826951,-50.1838940897516)"
31766,CARTESIAN_POINT,"'',(-147.6,-139.396059446319,-49.0042120007708)"
31767,CARTESIAN_POINT,"'',(-147.733333333333,-139.396059446319,-49.0042120007708)"
31768,CARTESIAN_POINT,"'',(-147.866666666667,-139.396059446319,-49.0042120007708)"
31769,CARTESIAN_POINT,"'',(-148.,-139.396059446319,-49.0042120007708)"
31770,CARTESIAN_POINT,"'',(-148.400000002668,-140.476680270665,-50.1806060847196)"
31771,CARTESIAN_POINT,"'',(-147.6,-140.732765380808,-48.515502032894)"
31772,CARTESIAN_POINT,"'',(-147.733333333333,-140.732765380808,-48.515502032894)"
31773,CARTESIAN_POINT,"'',(-147.866666666667,-140.732765380808,-48.515502032894)"
31774,CARTESIAN_POINT,"'',(-148.,-140.732765380808,-48.515502032894)"
31775,CARTESIAN_POINT,"'',(-148.400000002668,-140.648098740086,-50.3731988366301)"
31776,CARTESIAN_POINT,"'',(-147.6,-141.735177910782,-48.7446115127431)"
31777,CARTESIAN_POINT,"'',(-147.733333333333,-141.735177910782,-48.7446115127431)"
31778,CARTESIAN_POINT,"'',(-147.866666666667,-141.735177910782,-48.7446115127431)"
31779,CARTESIAN_POINT,"'',(-148.,-141.735177910782,-48.7446115127431)"
31780,CARTESIAN_POINT,"'',(-148.400000002668,-140.754784725686,-50.690556152211)"
31781,CARTESIAN_POINT,"'',(-147.6,-142.444209669581,-49.3802499757999)"
31782,CARTESIAN_POINT,"'',(-147.733333333333,-142.444209669581,-49.3802499757999)"
31783,CARTESIAN_POINT,"'',(-147.866666666667,-142.444209669581,-49.3802499757999)"
31784,CARTESIAN_POINT,"'',(-148.,-142.444209669581,-49.3802499757999)"
31785,CARTESIAN_POINT,"'',(-148.400000002668,-141.00166948731,-50.2820927060068)"
31786,CARTESIAN_POINT,"'',(-147.6,-142.68789973919,-50.305007029045)"
31787,CARTESIAN_POINT,"'',(-147.733333333333,-142.68789973919,-50.305007029045)"
31788,CARTESIAN_POINT,"'',(-147.866666666667,-142.68789973919,-50.305007029045)"
31789,CARTESIAN_POINT,"'',(-148.,-142.68789973919,-50.305007029045)"
31790,CARTESIAN_POINT,"'',(-148.400000002668,-140.931484895514,-50.274912048428)"
31791,CARTESIAN_POINT,"'',(-147.6,-142.040618971776,-51.7386060998136)"
31792,CARTESIAN_POINT,"'',(-147.733333333333,-142.040618971776,-51.7386060998136)"
31793,CARTESIAN_POINT,"'',(-147.866666666667,-142.040618971776,-51.7386060998136)"
31794,CARTESIAN_POINT,"'',(-148.,-142.040618971776,-51.7386060998136)"
31795,CARTESIAN_POINT,"'',(-148.400000002668,-140.884113380075,-50.3549873377025)"
31796,CARTESIAN_POINT,"'',(-148.4,-139.910969410388,-52.2910253571377)"
31797,CARTESIAN_POINT,"'',(-148.4,-142.053749410388,-51.7280453571377)"
31798,CARTESIAN_POINT,"'',(-148.4,-142.049489410388,-51.7317053571377)"
31799,CARTESIAN_POINT,"'',(-148.4,-142.045229410388,-51.7353653571377)"
31800,CARTESIAN_POINT,"'',(-148.4,-142.040969410388,-51.7390253571377)"
31801,CARTESIAN_POINT,"'',(-148.4,-141.614969410388,-52.1050253571377)"
31802,CARTESIAN_POINT,"'',(-148.4,-140.900969410388,-52.2910253571377)"
31803,CARTESIAN_POINT,"'',(-148.4,-139.910969410388,-52.2910253571377)"
31804,CARTESIAN_POINT,"'',(-147.6,-137.498969410388,-51.6790253571377)"
31805,CARTESIAN_POINT,"'',(-148.,-137.498969410388,-51.6790253571377)"
31806,CARTESIAN_POINT,"'',(-148.4,-139.910969410388,-52.2910253571377)"
31807,CARTESIAN_POINT,"'',(-148.4,-138.806969410388,-52.2910253571377)"
31808,CARTESIAN_POINT,"'',(-148.4,-138.002969410388,-52.0870253571377)"
31809,CARTESIAN_POINT,"'',(-148.4,-137.498969410388,-51.6790253571377)"
31810,CARTESIAN_POINT,"'',(-147.6,-136.848671537724,-50.2303808864218)"
31811,CARTESIAN_POINT,"'',(-148.400000002668,-138.630080902492,-50.3016490291243)"
31812,CARTESIAN_POINT,"'',(-147.6,-137.219286438634,-49.122850334756)"
31813,CARTESIAN_POINT,"'',(-148.400000002668,-138.476924681143,-50.1594710715202)"
31814,CARTESIAN_POINT,"'',(-147.6,-138.27326650917,-48.6108876413093)"
31815,CARTESIAN_POINT,"'',(-148.400000002668,-138.417332875787,-50.2483760447847)"
31816,CARTESIAN_POINT,"'',(-148.4,-138.272969410388,-48.6070253571377)"
31817,CARTESIAN_POINT,"'',(-148.,-140.980844704678,-50.2712996159747)"
31818,CARTESIAN_POINT,"'',(-148.,-141.938969410388,-50.8990253571377)"
31819,CARTESIAN_POINT,"'',(-148.,-141.434969410388,-51.3250253571377)"
31820,CARTESIAN_POINT,"'',(-148.,-141.434532254338,-51.3240110045231)"
31821,CARTESIAN_POINT,"'',(-147.866666666667,-141.434532254338,-51.3240110045231)"
31822,CARTESIAN_POINT,"'',(-147.733333333333,-141.434532254338,-51.3240110045231)"
31823,CARTESIAN_POINT,"'',(-147.6,-141.434532254338,-51.3240110045231)"
31824,CARTESIAN_POINT,"'',(-148.,-141.938130454221,-50.8984828621944)"
31825,CARTESIAN_POINT,"'',(-147.866666666667,-141.938130454221,-50.8984828621944)"
31826,CARTESIAN_POINT,"'',(-147.733333333333,-141.938130454221,-50.8984828621944)"
31827,CARTESIAN_POINT,"'',(-147.6,-141.938130454221,-50.8984828621944)"
31828,CARTESIAN_POINT,"'',(-148.400000002668,-140.980844704678,-50.2712996159747)"
31829,CARTESIAN_POINT,"'',(-148.,-141.017881378453,-50.3034214156287)"
31830,CARTESIAN_POINT,"'',(-148.,-142.112969410388,-50.3170253571377)"
31831,CARTESIAN_POINT,"'',(-148.,-142.113292170129,-50.3170269592171)"
31832,CARTESIAN_POINT,"'',(-147.866666666667,-142.113292170129,-50.3170269592171)"
31833,CARTESIAN_POINT,"'',(-147.733333333333,-142.113292170129,-50.3170269592171)"
31834,CARTESIAN_POINT,"'',(-147.6,-142.113292170129,-50.3170269592171)"
31835,CARTESIAN_POINT,"'',(-148.400000002668,-141.017881378453,-50.3034214156287)"
31836,CARTESIAN_POINT,"'',(-148.,-141.12972893834,-50.3121448560666)"
31837,CARTESIAN_POINT,"'',(-148.,-141.752969410388,-49.5490253571377)"
31838,CARTESIAN_POINT,"'',(-148.,-141.755432882075,-49.5459283221058)"
31839,CARTESIAN_POINT,"'',(-147.866666666667,-141.755432882075,-49.5459283221058)"
31840,CARTESIAN_POINT,"'',(-147.733333333333,-141.755432882075,-49.5459283221058)"
31841,CARTESIAN_POINT,"'',(-147.6,-141.755432882075,-49.5459283221058)"
31842,CARTESIAN_POINT,"'',(-148.400000002668,-141.12972893834,-50.3121448560666)"
31843,CARTESIAN_POINT,"'',(-148.,-140.859656626825,-50.6720831135584)"
31844,CARTESIAN_POINT,"'',(-148.,-140.774969410388,-49.2310253571377)"
31845,CARTESIAN_POINT,"'',(-148.,-140.774647530146,-49.2359390651562)"
31846,CARTESIAN_POINT,"'',(-147.866666666667,-140.774647530146,-49.2359390651562)"
31847,CARTESIAN_POINT,"'',(-147.733333333333,-140.774647530146,-49.2359390651562)"
31848,CARTESIAN_POINT,"'',(-147.6,-140.774647530146,-49.2359390651562)"
31849,CARTESIAN_POINT,"'',(-148.400000002668,-140.859656626825,-50.6720831135584)"
31850,CARTESIAN_POINT,"'',(-148.,-140.687401917536,-50.5677992098997)"
31851,CARTESIAN_POINT,"'',(-148.,-139.838969410388,-49.5430253571377)"
31852,CARTESIAN_POINT,"'',(-148.,-139.83890257568,-49.5429518034617)"
31853,CARTESIAN_POINT,"'',(-147.866666666667,-139.83890257568,-49.5429518034617)"
31854,CARTESIAN_POINT,"'',(-147.733333333333,-139.83890257568,-49.5429518034617)"
31855,CARTESIAN_POINT,"'',(-147.6,-139.83890257568,-49.5429518034617)"
31856,CARTESIAN_POINT,"'',(-148.400000002668,-140.687401917536,-50.5677992098997)"
31857,CARTESIAN_POINT,"'',(-148.,-140.539118085375,-50.3135607660978)"
31858,CARTESIAN_POINT,"'',(-148.,-139.496969410388,-50.3410253571377)"
31859,CARTESIAN_POINT,"'',(-148.,-139.497595989738,-50.3410362567313)"
31860,CARTESIAN_POINT,"'',(-147.866666666667,-139.497595989738,-50.3410362567313)"
31861,CARTESIAN_POINT,"'',(-147.733333333333,-139.497595989738,-50.3410362567313)"
31862,CARTESIAN_POINT,"'',(-147.6,-139.497595989738,-50.3410362567313)"
31863,CARTESIAN_POINT,"'',(-148.400000002668,-140.539118085375,-50.3135607660978)"
31864,CARTESIAN_POINT,"'',(-148.,-140.582381032903,-50.3599065182097)"
31865,CARTESIAN_POINT,"'',(-148.,-139.838969410388,-51.1510253571377)"
31866,CARTESIAN_POINT,"'',(-148.,-139.837197955605,-51.1529496870382)"
31867,CARTESIAN_POINT,"'',(-147.866666666667,-139.837197955605,-51.1529496870382)"
31868,CARTESIAN_POINT,"'',(-147.733333333333,-139.837197955605,-51.1529496870382)"
31869,CARTESIAN_POINT,"'',(-147.6,-139.837197955605,-51.1529496870382)"
31870,CARTESIAN_POINT,"'',(-148.400000002668,-140.582381032903,-50.3599065182097)"
31871,CARTESIAN_POINT,"'',(-148.,-140.673113477488,-50.244895330774)"
31872,CARTESIAN_POINT,"'',(-148.,-140.738969410388,-51.4810253571377)"
31873,CARTESIAN_POINT,"'',(-148.,-140.738970685317,-51.4813047714551)"
31874,CARTESIAN_POINT,"'',(-147.866666666667,-140.738970685317,-51.4813047714551)"
31875,CARTESIAN_POINT,"'',(-147.733333333333,-140.738970685317,-51.4813047714551)"
31876,CARTESIAN_POINT,"'',(-147.6,-140.738970685317,-51.4813047714551)"
31877,CARTESIAN_POINT,"'',(-148.400000002668,-140.673113477488,-50.244895330774)"
31878,CARTESIAN_POINT,"'',(-148.,-140.731406253365,-49.8234790631051)"
31879,CARTESIAN_POINT,"'',(-148.400000002668,-140.731406253365,-49.8234790631051)"
31880,CARTESIAN_POINT,"'',(-148.,22.,-71.)"
31881,CARTESIAN_POINT,"'',(-148.4,142.971088926303,-62.655299172687)"
31882,CARTESIAN_POINT,"'',(-147.6,142.971088926303,-62.655299172687)"
31883,CARTESIAN_POINT,"'',(-147.6,142.971088926303,-62.655299172687)"
31884,CARTESIAN_POINT,"'',(-147.6,142.971088926303,-61.521299172687)"
31885,CARTESIAN_POINT,"'',(-148.4,142.971088926303,-61.521299172687)"
31886,CARTESIAN_POINT,"'',(-148.4,142.971088926303,-62.655299172687)"
31887,CARTESIAN_POINT,"'',(-147.6,142.971088926303,-61.521299172687)"
31888,CARTESIAN_POINT,"'',(-147.6,138.915088926303,-60.159299172687)"
31889,CARTESIAN_POINT,"'',(-147.6,138.915088926303,-60.159299172687)"
31890,CARTESIAN_POINT,"'',(-147.733333333333,138.915088926303,-60.159299172687)"
31891,CARTESIAN_POINT,"'',(-147.866666666667,138.915088926303,-60.159299172687)"
31892,CARTESIAN_POINT,"'',(-148.,138.915088926303,-60.159299172687)"
31893,CARTESIAN_POINT,"'',(-148.4,142.971088926303,-61.521299172687)"
31894,CARTESIAN_POINT,"'',(-147.6,114.539516120966,-133.494070449921)"
31895,CARTESIAN_POINT,"'',(-147.6,138.07035834506,-59.8838283431112)"
31896,CARTESIAN_POINT,"'',(-147.6,138.070358345047,-59.8838283447613)"
31897,CARTESIAN_POINT,"'',(-148.400000002668,114.539516120966,-133.494070449921)"
31898,CARTESIAN_POINT,"'',(-147.6,133.199286553493,-43.8288757430377)"
31899,CARTESIAN_POINT,"'',(-147.6,138.987088926303,-59.577299172687)"
31900,CARTESIAN_POINT,"'',(-147.6,138.986856046719,-59.576665514857)"
31901,CARTESIAN_POINT,"'',(-147.733333333333,138.986856046719,-59.576665514857)"
31902,CARTESIAN_POINT,"'',(-147.866666666667,138.986856046719,-59.576665514857)"
31903,CARTESIAN_POINT,"'',(-148.,138.986856046719,-59.576665514857)"
31904,CARTESIAN_POINT,"'',(-148.400000002668,133.199286553493,-43.8288757430377)"
31905,CARTESIAN_POINT,"'',(-147.6,138.987088926303,-59.577299172687)"
31906,CARTESIAN_POINT,"'',(-147.6,142.971088926303,-58.203299172687)"
31907,CARTESIAN_POINT,"'',(-148.4,142.971088926303,-58.203299172687)"
31908,CARTESIAN_POINT,"'',(-148.4,138.987088926303,-59.577299172687)"
31909,CARTESIAN_POINT,"'',(-147.6,142.971088926303,-58.203299172687)"
31910,CARTESIAN_POINT,"'',(-147.6,142.971088926303,-57.183299172687)"
31911,CARTESIAN_POINT,"'',(-148.4,142.971088926303,-57.183299172687)"
31912,CARTESIAN_POINT,"'',(-148.4,142.971088926303,-58.203299172687)"
31913,CARTESIAN_POINT,"'',(-147.6,142.971088926303,-57.183299172687)"
31914,CARTESIAN_POINT,"'',(-147.6,137.247088926303,-57.183299172687)"
31915,CARTESIAN_POINT,"'',(-148.4,137.247088926303,-57.183299172687)"
31916,CARTESIAN_POINT,"'',(-148.4,142.971088926303,-57.183299172687)"
31917,CARTESIAN_POINT,"'',(-147.6,137.247088926303,-57.183299172687)"
31918,CARTESIAN_POINT,"'',(-147.6,137.247088926303,-57.915299172687)"
31919,CARTESIAN_POINT,"'',(-148.4,137.247088926303,-57.915299172687)"
31920,CARTESIAN_POINT,"'',(-148.4,137.247088926303,-57.183299172687)"
31921,CARTESIAN_POINT,"'',(-147.6,137.247088926303,-57.915299172687)"
31922,CARTESIAN_POINT,"'',(-147.6,142.035088926303,-57.915299172687)"
31923,CARTESIAN_POINT,"'',(-148.4,142.035088926303,-57.915299172687)"
31924,CARTESIAN_POINT,"'',(-148.4,137.247088926303,-57.915299172687)"
31925,CARTESIAN_POINT,"'',(-147.6,142.035088926303,-57.915299172687)"
31926,CARTESIAN_POINT,"'',(-147.6,137.247088926303,-59.589299172687)"
31927,CARTESIAN_POINT,"'',(-148.4,137.247088926303,-59.589299172687)"
31928,CARTESIAN_POINT,"'',(-148.4,142.035088926303,-57.915299172687)"
31929,CARTESIAN_POINT,"'',(-147.6,137.247088926303,-59.589299172687)"
31930,CARTESIAN_POINT,"'',(-147.6,137.247088926303,-60.267299172687)"
31931,CARTESIAN_POINT,"'',(-148.4,137.247088926303,-60.267299172687)"
31932,CARTESIAN_POINT,"'',(-148.4,137.247088926303,-59.589299172687)"
31933,CARTESIAN_POINT,"'',(-147.6,137.247088926303,-60.267299172687)"
31934,CARTESIAN_POINT,"'',(-147.6,142.119088926303,-61.9232991726871)"
31935,CARTESIAN_POINT,"'',(-148.4,142.119088926303,-61.9232991726871)"
31936,CARTESIAN_POINT,"'',(-148.4,137.247088926303,-60.267299172687)"
31937,CARTESIAN_POINT,"'',(-147.6,142.119088926303,-61.9232991726871)"
31938,CARTESIAN_POINT,"'',(-147.6,137.247088926303,-61.9232991726871)"
31939,CARTESIAN_POINT,"'',(-148.4,137.247088926303,-61.9232991726871)"
31940,CARTESIAN_POINT,"'',(-148.4,142.119088926303,-61.9232991726871)"
31941,CARTESIAN_POINT,"'',(-147.6,137.247088926303,-61.9232991726871)"
31942,CARTESIAN_POINT,"'',(-147.6,137.247088926303,-62.655299172687)"
31943,CARTESIAN_POINT,"'',(-148.4,137.247088926303,-62.655299172687)"
31944,CARTESIAN_POINT,"'',(-148.4,137.247088926303,-61.9232991726871)"
31945,CARTESIAN_POINT,"'',(-147.6,137.247088926303,-62.655299172687)"
31946,CARTESIAN_POINT,"'',(-148.4,137.247088926303,-62.655299172687)"
31947,CARTESIAN_POINT,"'',(-147.6,138.420088926303,-59.996549172687)"
31948,CARTESIAN_POINT,"'',(-148.4,137.247088926303,-54.315299172687)"
31949,CARTESIAN_POINT,"'',(-147.6,137.247088926303,-54.315299172687)"
31950,CARTESIAN_POINT,"'',(-147.6,137.247088926303,-54.315299172687)"
31951,CARTESIAN_POINT,"'',(-147.6,141.720701002331,-54.315299172687)"
31952,CARTESIAN_POINT,"'',(-147.6,141.720701002331,-54.315299172687)"
31953,CARTESIAN_POINT,"'',(-148.4,137.247088926303,-54.315299172687)"
31954,CARTESIAN_POINT,"'',(-147.6,144.391082547574,-56.7259313319933)"
31955,CARTESIAN_POINT,"'',(-147.6,141.243088926303,-54.981299172687)"
31956,CARTESIAN_POINT,"'',(-147.6,141.244489061699,-54.9820751339925)"
31957,CARTESIAN_POINT,"'',(-147.733333333333,141.244489061699,-54.9820751339925)"
31958,CARTESIAN_POINT,"'',(-147.866666666667,141.244489061699,-54.9820751339925)"
31959,CARTESIAN_POINT,"'',(-148.,141.244489061699,-54.9820751339925)"
31960,CARTESIAN_POINT,"'',(-148.400000002668,144.391082547574,-56.7259313319933)"
31961,CARTESIAN_POINT,"'',(-147.6,145.745106890138,-57.6830973826812)"
31962,CARTESIAN_POINT,"'',(-147.6,140.877088926303,-55.719299172687)"
31963,CARTESIAN_POINT,"'',(-147.6,140.876349948764,-55.719299172687)"
31964,CARTESIAN_POINT,"'',(-148.400000002668,145.745106890138,-57.6830973826812)"
31965,CARTESIAN_POINT,"'',(-147.6,140.877088926303,-55.719299172687)"
31966,CARTESIAN_POINT,"'',(-147.6,141.556376345577,-55.719299172687)"
31967,CARTESIAN_POINT,"'',(-147.6,141.556376345577,-55.719299172687)"
31968,CARTESIAN_POINT,"'',(-148.4,140.877088926303,-55.719299172687)"
31969,CARTESIAN_POINT,"'',(-147.6,145.47818024074,-57.5292364057707)"
31970,CARTESIAN_POINT,"'',(-147.6,142.227088926303,-54.687299172687)"
31971,CARTESIAN_POINT,"'',(-147.6,142.226198380932,-54.6865207036121)"
31972,CARTESIAN_POINT,"'',(-147.733333333333,142.226198380932,-54.6865207036121)"
31973,CARTESIAN_POINT,"'',(-147.866666666667,142.226198380932,-54.6865207036121)"
31974,CARTESIAN_POINT,"'',(-148.,142.226198380932,-54.6865207036121)"
31975,CARTESIAN_POINT,"'',(-148.400000002668,145.47818024074,-57.5292364057707)"
31976,CARTESIAN_POINT,"'',(-147.6,144.339733061648,-56.4835138125656)"
31977,CARTESIAN_POINT,"'',(-147.6,142.995088926303,-54.0607220978047)"
31978,CARTESIAN_POINT,"'',(-147.6,142.995088926303,-54.0607220978047)"
31979,CARTESIAN_POINT,"'',(-148.400000002668,144.339733061648,-56.4835138125656)"
31980,CARTESIAN_POINT,"'',(-147.6,142.995088926303,-54.063299172687)"
31981,CARTESIAN_POINT,"'',(-147.6,142.995088926303,-53.613299172687)"
31982,CARTESIAN_POINT,"'',(-148.4,142.995088926303,-53.613299172687)"
31983,CARTESIAN_POINT,"'',(-148.4,142.995088926303,-54.063299172687)"
31984,CARTESIAN_POINT,"'',(-147.6,142.995088926303,-53.613299172687)"
31985,CARTESIAN_POINT,"'',(-147.6,137.247088926303,-53.613299172687)"
31986,CARTESIAN_POINT,"'',(-148.4,137.247088926303,-53.613299172687)"
31987,CARTESIAN_POINT,"'',(-148.4,142.995088926303,-53.613299172687)"
31988,CARTESIAN_POINT,"'',(-147.6,137.247088926303,-53.613299172687)"
31989,CARTESIAN_POINT,"'',(-148.4,137.247088926303,-53.613299172687)"
31990,CARTESIAN_POINT,"'',(-147.6,141.483088926303,-54.607799172687)"
31991,CARTESIAN_POINT,"'',(-147.6,139.108652083326,-49.3757528786535)"
31992,CARTESIAN_POINT,"'',(-147.6,138.405088926303,-50.877299172687)"
31993,CARTESIAN_POINT,"'',(-147.6,139.101088926303,-51.033299172687)"
31994,CARTESIAN_POINT,"'',(-147.6,139.166944859203,-49.7971691463231)"
31995,CARTESIAN_POINT,"'',(-147.6,140.001088926303,-50.703299172687)"
31996,CARTESIAN_POINT,"'',(-147.6,139.257677303788,-49.912180333759)"
31997,CARTESIAN_POINT,"'',(-147.6,140.343088926303,-49.893299172687)"
31998,CARTESIAN_POINT,"'',(-147.6,139.300940251316,-49.8658345816471)"
31999,CARTESIAN_POINT,"'',(-147.6,140.001088926303,-49.095299172687)"
32000,CARTESIAN_POINT,"'',(-147.6,139.152656419155,-50.1200730254489)"
32001,CARTESIAN_POINT,"'',(-147.6,139.065088926303,-48.783299172687)"
32002,CARTESIAN_POINT,"'',(-147.6,138.980401709866,-50.2243569291076)"
32003,CARTESIAN_POINT,"'',(-147.6,138.087088926303,-49.101299172687)"
32004,CARTESIAN_POINT,"'',(-147.6,138.710329398384,-49.8644186716275)"
32005,CARTESIAN_POINT,"'',(-147.6,137.727088926303,-49.869299172687)"
32006,CARTESIAN_POINT,"'',(-147.6,138.822176958233,-49.8556952311783)"
32007,CARTESIAN_POINT,"'',(-147.6,137.901088926303,-50.451299172687)"
32008,CARTESIAN_POINT,"'',(-147.6,138.859213632013,-49.8235734315242)"
32009,CARTESIAN_POINT,"'',(-147.6,141.300115488568,-50.21359525792)"
32010,CARTESIAN_POINT,"'',(-147.6,142.119088926303,-49.125299172687)"
32011,CARTESIAN_POINT,"'',(-147.6,141.512844531309,-48.8644819001388)"
32012,CARTESIAN_POINT,"'',(-147.6,141.567088926303,-48.159299172687)"
32013,CARTESIAN_POINT,"'',(-147.6,141.566791827521,-48.1631614568474)"
32014,CARTESIAN_POINT,"'',(-147.6,141.42272546086,-49.8006498603633)"
32015,CARTESIAN_POINT,"'',(-147.6,142.620771898052,-48.6751241503122)"
32016,CARTESIAN_POINT,"'',(-147.6,141.363133655554,-49.7117448870896)"
32017,CARTESIAN_POINT,"'',(-147.6,142.991386798971,-49.7826547020643)"
32018,CARTESIAN_POINT,"'',(-147.6,141.209977434199,-49.8539228446737)"
32019,CARTESIAN_POINT,"'',(-147.6,142.341088926303,-51.231299172687)"
32020,CARTESIAN_POINT,"'',(-147.6,142.341088926303,-51.231299172687)"
32021,CARTESIAN_POINT,"'',(-147.6,141.837088926303,-51.639299172687)"
32022,CARTESIAN_POINT,"'',(-147.6,141.033088926303,-51.843299172687)"
32023,CARTESIAN_POINT,"'',(-147.6,139.929088926303,-51.843299172687)"
32024,CARTESIAN_POINT,"'',(-147.6,139.929088926303,-51.843299172687)"
32025,CARTESIAN_POINT,"'',(-147.6,139.929088926303,-51.843299172687)"
32026,CARTESIAN_POINT,"'',(-147.6,138.939088926303,-51.843299172687)"
32027,CARTESIAN_POINT,"'',(-147.6,138.225088926303,-51.657299172687)"
32028,CARTESIAN_POINT,"'',(-147.6,137.799088926303,-51.291299172687)"
32029,CARTESIAN_POINT,"'',(-147.6,137.799088926303,-51.291299172687)"
32030,CARTESIAN_POINT,"'',(-147.6,138.955944956588,-49.907261153266)"
32031,CARTESIAN_POINT,"'',(-147.6,137.151088926303,-49.857299172687)"
32032,CARTESIAN_POINT,"'',(-147.6,138.908573441177,-49.8271858639772)"
32033,CARTESIAN_POINT,"'',(-147.6,137.397088926303,-48.933299172687)"
32034,CARTESIAN_POINT,"'',(-147.6,138.838388849383,-49.8343665215555)"
32035,CARTESIAN_POINT,"'',(-147.6,138.105088926303,-48.297299172687)"
32036,CARTESIAN_POINT,"'',(-147.6,139.085273611005,-50.2428299677603)"
32037,CARTESIAN_POINT,"'',(-147.6,139.107088926303,-48.063299172687)"
32038,CARTESIAN_POINT,"'',(-147.6,139.191959596543,-49.9254726522587)"
32039,CARTESIAN_POINT,"'',(-147.6,140.445088926303,-48.555299172687)"
32040,CARTESIAN_POINT,"'',(-147.6,139.363378066026,-49.732879900269)"
32041,CARTESIAN_POINT,"'',(-147.6,140.961088926303,-49.755299172687)"
32042,CARTESIAN_POINT,"'',(-147.6,139.217421517301,-49.7361679072535)"
32043,CARTESIAN_POINT,"'',(-147.6,140.775088926303,-50.523299172687)"
32044,CARTESIAN_POINT,"'',(-147.6,139.315109814538,-49.7353066522682)"
32045,CARTESIAN_POINT,"'',(-147.6,140.204596146693,-51.1366975836247)"
32046,CARTESIAN_POINT,"'',(-147.6,140.325190368757,-47.2389969017723)"
32047,CARTESIAN_POINT,"'',(-147.6,141.525088926303,-50.943299172687)"
32048,CARTESIAN_POINT,"'',(-147.6,140.962063773991,-49.4240160969473)"
32049,CARTESIAN_POINT,"'',(-147.6,142.233088926303,-50.421299172687)"
32050,CARTESIAN_POINT,"'',(-147.6,141.420334098718,-49.8419355925104)"
32051,CARTESIAN_POINT,"'',(-147.6,142.419088926303,-49.827299172687)"
32052,CARTESIAN_POINT,"'',(-147.6,141.477909718958,-49.8150931479645)"
32053,CARTESIAN_POINT,"'',(-147.6,141.872338926303,-48.973049172687)"
32054,CARTESIAN_POINT,"'',(-147.6,141.512844989349,-48.8644815381359)"
32055,CARTESIAN_POINT,"'',(-147.6,142.121349105766,-49.1222957242859)"
32056,CARTESIAN_POINT,"'',(-147.733333333333,142.121349105766,-49.1222957242859)"
32057,CARTESIAN_POINT,"'',(-147.866666666667,142.121349105766,-49.1222957242859)"
32058,CARTESIAN_POINT,"'',(-148.,142.121349105766,-49.1222957242859)"
32059,CARTESIAN_POINT,"'',(-148.400000002668,141.300115488568,-50.21359525792)"
32060,CARTESIAN_POINT,"'',(-147.6,142.418805605031,-49.8272954983321)"
32061,CARTESIAN_POINT,"'',(-147.733333333333,142.418805605031,-49.8272954983321)"
32062,CARTESIAN_POINT,"'',(-147.866666666667,142.418805605031,-49.8272954983321)"
32063,CARTESIAN_POINT,"'',(-148.,142.418805605031,-49.8272954983321)"
32064,CARTESIAN_POINT,"'',(-148.400000002668,141.477909718958,-49.8150931479645)"
32065,CARTESIAN_POINT,"'',(-147.6,142.233252278635,-50.4214156166488)"
32066,CARTESIAN_POINT,"'',(-147.733333333333,142.233252278635,-50.4214156166488)"
32067,CARTESIAN_POINT,"'',(-147.866666666667,142.233252278635,-50.4214156166488)"
32068,CARTESIAN_POINT,"'',(-148.,142.233252278635,-50.4214156166488)"
32069,CARTESIAN_POINT,"'',(-148.400000002668,141.420334098718,-49.8419355925104)"
32070,CARTESIAN_POINT,"'',(-147.6,141.5242620051,-50.9410677850054)"
32071,CARTESIAN_POINT,"'',(-147.733333333333,141.5242620051,-50.9410677850054)"
32072,CARTESIAN_POINT,"'',(-147.866666666667,141.5242620051,-50.9410677850054)"
32073,CARTESIAN_POINT,"'',(-148.,141.5242620051,-50.9410677850054)"
32074,CARTESIAN_POINT,"'',(-148.400000002668,140.962063773991,-49.4240160969473)"
32075,CARTESIAN_POINT,"'',(-147.6,140.204596146693,-51.136697583625)"
32076,CARTESIAN_POINT,"'',(-148.400000002668,140.325190368757,-47.2389969017723)"
32077,CARTESIAN_POINT,"'',(-147.6,140.775781300331,-50.5236728667699)"
32078,CARTESIAN_POINT,"'',(-147.733333333333,140.775781300331,-50.5236728667699)"
32079,CARTESIAN_POINT,"'',(-147.866666666667,140.775781300331,-50.5236728667699)"
32080,CARTESIAN_POINT,"'',(-148.,140.775781300331,-50.5236728667699)"
32081,CARTESIAN_POINT,"'',(-148.400000002668,139.315109814538,-49.7353066522682)"
32082,CARTESIAN_POINT,"'',(-147.6,140.961779381894,-49.7553067482654)"
32083,CARTESIAN_POINT,"'',(-147.733333333333,140.961779381894,-49.7553067482654)"
32084,CARTESIAN_POINT,"'',(-147.866666666667,140.961779381894,-49.7553067482654)"
32085,CARTESIAN_POINT,"'',(-148.,140.961779381894,-49.7553067482654)"
32086,CARTESIAN_POINT,"'',(-148.400000002668,139.217421517301,-49.7361679072535)"
32087,CARTESIAN_POINT,"'',(-147.6,140.443998890372,-48.5564858163201)"
32088,CARTESIAN_POINT,"'',(-147.733333333333,140.443998890372,-48.5564858163201)"
32089,CARTESIAN_POINT,"'',(-147.866666666667,140.443998890372,-48.5564858163201)"
32090,CARTESIAN_POINT,"'',(-148.,140.443998890372,-48.5564858163201)"
32091,CARTESIAN_POINT,"'',(-148.400000002668,139.363378066026,-49.732879900269)"
32092,CARTESIAN_POINT,"'',(-147.6,139.107292955882,-48.0677758484264)"
32093,CARTESIAN_POINT,"'',(-147.733333333333,139.107292955882,-48.0677758484264)"
32094,CARTESIAN_POINT,"'',(-147.866666666667,139.107292955882,-48.0677758484264)"
32095,CARTESIAN_POINT,"'',(-148.,139.107292955882,-48.0677758484264)"
32096,CARTESIAN_POINT,"'',(-148.400000002668,139.191959596543,-49.9254726522587)"
32097,CARTESIAN_POINT,"'',(-147.6,138.104880425909,-48.2968853282923)"
32098,CARTESIAN_POINT,"'',(-147.733333333333,138.104880425909,-48.2968853282923)"
32099,CARTESIAN_POINT,"'',(-147.866666666667,138.104880425909,-48.2968853282923)"
32100,CARTESIAN_POINT,"'',(-148.,138.104880425909,-48.2968853282923)"
32101,CARTESIAN_POINT,"'',(-148.400000002668,139.085273611005,-50.2428299677603)"
32102,CARTESIAN_POINT,"'',(-147.6,137.395848667111,-48.9325237913492)"
32103,CARTESIAN_POINT,"'',(-147.733333333333,137.395848667111,-48.9325237913492)"
32104,CARTESIAN_POINT,"'',(-147.866666666667,137.395848667111,-48.9325237913492)"
32105,CARTESIAN_POINT,"'',(-148.,137.395848667111,-48.9325237913492)"
32106,CARTESIAN_POINT,"'',(-148.400000002668,138.838388849383,-49.8343665215555)"
32107,CARTESIAN_POINT,"'',(-147.6,137.152158597502,-49.8572808445943)"
32108,CARTESIAN_POINT,"'',(-147.733333333333,137.152158597502,-49.8572808445943)"
32109,CARTESIAN_POINT,"'',(-147.866666666667,137.152158597502,-49.8572808445943)"
32110,CARTESIAN_POINT,"'',(-148.,137.152158597502,-49.8572808445943)"
32111,CARTESIAN_POINT,"'',(-148.400000002668,138.908573441177,-49.8271858639772)"
32112,CARTESIAN_POINT,"'',(-147.6,137.799439364916,-51.2908799153625)"
32113,CARTESIAN_POINT,"'',(-147.733333333333,137.799439364916,-51.2908799153625)"
32114,CARTESIAN_POINT,"'',(-147.866666666667,137.799439364916,-51.2908799153625)"
32115,CARTESIAN_POINT,"'',(-148.,137.799439364916,-51.2908799153625)"
32116,CARTESIAN_POINT,"'',(-148.400000002668,138.955944956588,-49.907261153266)"
32117,CARTESIAN_POINT,"'',(-148.4,139.929088926303,-51.843299172687)"
32118,CARTESIAN_POINT,"'',(-148.4,137.786308926303,-51.280319172687)"
32119,CARTESIAN_POINT,"'',(-148.4,137.790568926303,-51.283979172687)"
32120,CARTESIAN_POINT,"'',(-148.4,137.794828926303,-51.287639172687)"
32121,CARTESIAN_POINT,"'',(-148.4,137.799088926303,-51.291299172687)"
32122,CARTESIAN_POINT,"'',(-148.4,138.225088926303,-51.657299172687)"
32123,CARTESIAN_POINT,"'',(-148.4,138.939088926303,-51.843299172687)"
32124,CARTESIAN_POINT,"'',(-148.4,139.929088926303,-51.843299172687)"
32125,CARTESIAN_POINT,"'',(-147.6,142.341088926303,-51.231299172687)"
32126,CARTESIAN_POINT,"'',(-148.,142.341088926303,-51.231299172687)"
32127,CARTESIAN_POINT,"'',(-148.4,139.929088926303,-51.843299172687)"
32128,CARTESIAN_POINT,"'',(-148.4,141.033088926303,-51.843299172687)"
32129,CARTESIAN_POINT,"'',(-148.4,141.837088926303,-51.639299172687)"
32130,CARTESIAN_POINT,"'',(-148.4,142.341088926303,-51.231299172687)"
32131,CARTESIAN_POINT,"'',(-147.6,142.991386798971,-49.7826547020643)"
32132,CARTESIAN_POINT,"'',(-148.400000002668,141.209977434199,-49.8539228446737)"
32133,CARTESIAN_POINT,"'',(-147.6,142.620771898053,-48.6751241503116)"
32134,CARTESIAN_POINT,"'',(-148.400000002668,141.363133655554,-49.7117448870896)"
32135,CARTESIAN_POINT,"'',(-147.6,141.566791827521,-48.163161456847)"
32136,CARTESIAN_POINT,"'',(-148.400000002668,141.42272546086,-49.8006498603633)"
32137,CARTESIAN_POINT,"'',(-148.4,141.567088926303,-48.159299172687)"
32138,CARTESIAN_POINT,"'',(-148.,138.859213632013,-49.8235734315242)"
32139,CARTESIAN_POINT,"'',(-148.,137.901088926303,-50.451299172687)"
32140,CARTESIAN_POINT,"'',(-148.,138.405088926303,-50.877299172687)"
32141,CARTESIAN_POINT,"'',(-148.,138.405526082353,-50.8762848200723)"
32142,CARTESIAN_POINT,"'',(-147.866666666667,138.405526082353,-50.8762848200723)"
32143,CARTESIAN_POINT,"'',(-147.733333333333,138.405526082353,-50.8762848200723)"
32144,CARTESIAN_POINT,"'',(-147.6,138.405526082353,-50.8762848200723)"
32145,CARTESIAN_POINT,"'',(-148.,137.90192788247,-50.4507566777436)"
32146,CARTESIAN_POINT,"'',(-147.866666666667,137.90192788247,-50.4507566777436)"
32147,CARTESIAN_POINT,"'',(-147.733333333333,137.90192788247,-50.4507566777436)"
32148,CARTESIAN_POINT,"'',(-147.6,137.90192788247,-50.4507566777436)"
32149,CARTESIAN_POINT,"'',(-148.400000002668,138.859213632013,-49.8235734315242)"
32150,CARTESIAN_POINT,"'',(-148.,138.822176958233,-49.8556952311783)"
32151,CARTESIAN_POINT,"'',(-148.,137.727088926303,-49.869299172687)"
32152,CARTESIAN_POINT,"'',(-148.,137.726766166561,-49.8693007747664)"
32153,CARTESIAN_POINT,"'',(-147.866666666667,137.726766166561,-49.8693007747664)"
32154,CARTESIAN_POINT,"'',(-147.733333333333,137.726766166561,-49.8693007747664)"
32155,CARTESIAN_POINT,"'',(-147.6,137.726766166561,-49.8693007747664)"
32156,CARTESIAN_POINT,"'',(-148.400000002668,138.822176958233,-49.8556952311783)"
32157,CARTESIAN_POINT,"'',(-148.,138.710329398384,-49.8644186716275)"
32158,CARTESIAN_POINT,"'',(-148.,138.087088926303,-49.101299172687)"
32159,CARTESIAN_POINT,"'',(-148.,138.084625454616,-49.0982021376551)"
32160,CARTESIAN_POINT,"'',(-147.866666666667,138.084625454616,-49.0982021376551)"
32161,CARTESIAN_POINT,"'',(-147.733333333333,138.084625454616,-49.0982021376551)"
32162,CARTESIAN_POINT,"'',(-147.6,138.084625454616,-49.0982021376551)"
32163,CARTESIAN_POINT,"'',(-148.400000002668,138.710329398384,-49.8644186716275)"
32164,CARTESIAN_POINT,"'',(-148.,138.980401709866,-50.2243569291076)"
32165,CARTESIAN_POINT,"'',(-148.,139.065088926303,-48.783299172687)"
32166,CARTESIAN_POINT,"'',(-148.,139.065410806545,-48.7882128807055)"
32167,CARTESIAN_POINT,"'',(-147.866666666667,139.065410806545,-48.7882128807055)"
32168,CARTESIAN_POINT,"'',(-147.733333333333,139.065410806545,-48.7882128807055)"
32169,CARTESIAN_POINT,"'',(-147.6,139.065410806545,-48.7882128807055)"
32170,CARTESIAN_POINT,"'',(-148.400000002668,138.980401709866,-50.2243569291076)"
32171,CARTESIAN_POINT,"'',(-148.,139.152656419155,-50.1200730254489)"
32172,CARTESIAN_POINT,"'',(-148.,140.001088926303,-49.095299172687)"
32173,CARTESIAN_POINT,"'',(-148.,140.001155761011,-49.0952256190109)"
32174,CARTESIAN_POINT,"'',(-147.866666666667,140.001155761011,-49.0952256190109)"
32175,CARTESIAN_POINT,"'',(-147.733333333333,140.001155761011,-49.0952256190109)"
32176,CARTESIAN_POINT,"'',(-147.6,140.001155761011,-49.0952256190109)"
32177,CARTESIAN_POINT,"'',(-148.400000002668,139.152656419155,-50.1200730254489)"
32178,CARTESIAN_POINT,"'',(-148.,139.300940251316,-49.8658345816471)"
32179,CARTESIAN_POINT,"'',(-148.,140.343088926303,-49.893299172687)"
32180,CARTESIAN_POINT,"'',(-148.,140.342462346953,-49.8933100722806)"
32181,CARTESIAN_POINT,"'',(-147.866666666667,140.342462346953,-49.8933100722806)"
32182,CARTESIAN_POINT,"'',(-147.733333333333,140.342462346953,-49.8933100722806)"
32183,CARTESIAN_POINT,"'',(-147.6,140.342462346953,-49.8933100722806)"
32184,CARTESIAN_POINT,"'',(-148.400000002668,139.300940251316,-49.8658345816471)"
32185,CARTESIAN_POINT,"'',(-148.,139.257677303788,-49.912180333759)"
32186,CARTESIAN_POINT,"'',(-148.,140.001088926303,-50.703299172687)"
32187,CARTESIAN_POINT,"'',(-148.,140.002860381086,-50.7052235025876)"
32188,CARTESIAN_POINT,"'',(-147.866666666667,140.002860381086,-50.7052235025876)"
32189,CARTESIAN_POINT,"'',(-147.733333333333,140.002860381086,-50.7052235025876)"
32190,CARTESIAN_POINT,"'',(-147.6,140.002860381086,-50.7052235025876)"
32191,CARTESIAN_POINT,"'',(-148.400000002668,139.257677303788,-49.912180333759)"
32192,CARTESIAN_POINT,"'',(-148.,139.166944859203,-49.7971691463231)"
32193,CARTESIAN_POINT,"'',(-148.,139.101088926303,-51.033299172687)"
32194,CARTESIAN_POINT,"'',(-148.,139.101087651374,-51.0335785870043)"
32195,CARTESIAN_POINT,"'',(-147.866666666667,139.101087651374,-51.0335785870043)"
32196,CARTESIAN_POINT,"'',(-147.733333333333,139.101087651374,-51.0335785870043)"
32197,CARTESIAN_POINT,"'',(-147.6,139.101087651374,-51.0335785870043)"
32198,CARTESIAN_POINT,"'',(-148.400000002668,139.166944859203,-49.7971691463231)"
32199,CARTESIAN_POINT,"'',(-148.,139.108652083326,-49.3757528786535)"
32200,CARTESIAN_POINT,"'',(-148.400000002668,139.108652083326,-49.3757528786535)"
32201,CARTESIAN_POINT,"'',(-148.,-22.,-71.)"
32202,CARTESIAN_POINT,"'',(-120.,-150.,-2.)"
32203,CARTESIAN_POINT,"'',(-37.,-148.,-2.)"
32204,CARTESIAN_POINT,"'',(37.,-148.,-2.)"
32205,CARTESIAN_POINT,"'',(120.,-150.,-2.)"
32206,CARTESIAN_POINT,"'',(120.,150.,-2.)"
32207,CARTESIAN_POINT,"'',(37.,148.,-2.)"
32208,CARTESIAN_POINT,"'',(-37.,148.,-2.)"
32209,CARTESIAN_POINT,"'',(-120.,150.,-2.)"
32210,CARTESIAN_POINT,"'',(6.86427104491595,178.399999999999,-61.496172124831)"
32211,CARTESIAN_POINT,"'',(6.86427104491595,177.599999999999,-61.496172124831)"
32212,CARTESIAN_POINT,"'',(6.86427104491595,177.599999999999,-61.496172124831)"
32213,CARTESIAN_POINT,"'',(5.73027104491595,177.599999999999,-61.496172124831)"
32214,CARTESIAN_POINT,"'',(5.73027104491595,178.399999999999,-61.496172124831)"
32215,CARTESIAN_POINT,"'',(6.86427104491595,178.399999999999,-61.496172124831)"
32216,CARTESIAN_POINT,"'',(5.73027104491595,177.599999999999,-61.496172124831)"
32217,CARTESIAN_POINT,"'',(4.36827104491594,177.599999999999,-65.5521721248311)"
32218,CARTESIAN_POINT,"'',(4.36827104491592,177.599999999999,-65.5521721248311)"
32219,CARTESIAN_POINT,"'',(4.36827104491592,177.733333333333,-65.5521721248311)"
32220,CARTESIAN_POINT,"'',(4.36827104491592,177.866666666666,-65.5521721248311)"
32221,CARTESIAN_POINT,"'',(4.36827104491592,178.,-65.5521721248311)"
32222,CARTESIAN_POINT,"'',(5.73027104491595,178.399999999999,-61.496172124831)"
32223,CARTESIAN_POINT,"'',(77.7030423213332,177.599999999999,-89.9277449299038)"
32224,CARTESIAN_POINT,"'',(4.0928002153404,177.599999999999,-66.396902706075)"
32225,CARTESIAN_POINT,"'',(4.09280021699048,177.599999999999,-66.3969027060872)"
32226,CARTESIAN_POINT,"'',(77.7030423213332,178.40000000472,-89.9277449299038)"
32227,CARTESIAN_POINT,"'',(-11.9621523847576,177.599999999999,-71.267974497649)"
32228,CARTESIAN_POINT,"'',(3.78627104491595,177.599999999999,-65.4801721248311)"
32229,CARTESIAN_POINT,"'',(3.78563738708594,177.599999999999,-65.4804050044147)"
32230,CARTESIAN_POINT,"'',(3.78563738708594,177.733333333333,-65.4804050044147)"
32231,CARTESIAN_POINT,"'',(3.78563738708594,177.866666666666,-65.4804050044147)"
32232,CARTESIAN_POINT,"'',(3.78563738708594,178.,-65.4804050044147)"
32233,CARTESIAN_POINT,"'',(-11.9621523847576,178.40000000472,-71.267974497649)"
32234,CARTESIAN_POINT,"'',(3.78627104491595,177.599999999999,-65.4801721248311)"
32235,CARTESIAN_POINT,"'',(2.41227104491595,177.599999999999,-61.496172124831)"
32236,CARTESIAN_POINT,"'',(2.41227104491595,178.399999999999,-61.496172124831)"
32237,CARTESIAN_POINT,"'',(3.78627104491595,178.399999999999,-65.4801721248311)"
32238,CARTESIAN_POINT,"'',(2.41227104491595,177.599999999999,-61.496172124831)"
32239,CARTESIAN_POINT,"'',(1.39227104491595,177.599999999999,-61.496172124831)"
32240,CARTESIAN_POINT,"'',(1.39227104491595,178.399999999999,-61.496172124831)"
32241,CARTESIAN_POINT,"'',(2.41227104491595,178.399999999999,-61.496172124831)"
32242,CARTESIAN_POINT,"'',(1.39227104491595,177.599999999999,-61.496172124831)"
32243,CARTESIAN_POINT,"'',(1.39227104491595,177.599999999999,-67.220172124831)"
32244,CARTESIAN_POINT,"'',(1.39227104491595,178.399999999999,-67.220172124831)"
32245,CARTESIAN_POINT,"'',(1.39227104491595,178.399999999999,-61.496172124831)"
32246,CARTESIAN_POINT,"'',(1.39227104491595,177.599999999999,-67.220172124831)"
32247,CARTESIAN_POINT,"'',(2.12427104491595,177.599999999999,-67.220172124831)"
32248,CARTESIAN_POINT,"'',(2.12427104491595,178.399999999999,-67.220172124831)"
32249,CARTESIAN_POINT,"'',(1.39227104491595,178.399999999999,-67.220172124831)"
32250,CARTESIAN_POINT,"'',(2.12427104491595,177.599999999999,-67.220172124831)"
32251,CARTESIAN_POINT,"'',(2.12427104491595,177.599999999999,-62.4321721248311)"
32252,CARTESIAN_POINT,"'',(2.12427104491595,178.399999999999,-62.4321721248311)"
32253,CARTESIAN_POINT,"'',(2.12427104491595,178.399999999999,-67.220172124831)"
32254,CARTESIAN_POINT,"'',(2.12427104491595,177.599999999999,-62.4321721248311)"
32255,CARTESIAN_POINT,"'',(3.79827104491595,177.599999999999,-67.220172124831)"
32256,CARTESIAN_POINT,"'',(3.79827104491595,178.399999999999,-67.220172124831)"
32257,CARTESIAN_POINT,"'',(2.12427104491595,178.399999999999,-62.4321721248311)"
32258,CARTESIAN_POINT,"'',(3.79827104491595,177.599999999999,-67.220172124831)"
32259,CARTESIAN_POINT,"'',(4.47627104491595,177.599999999999,-67.220172124831)"
32260,CARTESIAN_POINT,"'',(4.47627104491595,178.399999999999,-67.220172124831)"
32261,CARTESIAN_POINT,"'',(3.79827104491595,178.399999999999,-67.220172124831)"
32262,CARTESIAN_POINT,"'',(4.47627104491595,177.599999999999,-67.220172124831)"
32263,CARTESIAN_POINT,"'',(6.13227104491595,177.599999999999,-62.3481721248311)"
32264,CARTESIAN_POINT,"'',(6.13227104491595,178.399999999999,-62.3481721248311)"
32265,CARTESIAN_POINT,"'',(4.47627104491595,178.399999999999,-67.220172124831)"
32266,CARTESIAN_POINT,"'',(6.13227104491595,177.599999999999,-62.3481721248311)"
32267,CARTESIAN_POINT,"'',(6.13227104491595,177.599999999999,-67.220172124831)"
32268,CARTESIAN_POINT,"'',(6.13227104491595,178.399999999999,-67.220172124831)"
32269,CARTESIAN_POINT,"'',(6.13227104491595,178.399999999999,-62.3481721248311)"
32270,CARTESIAN_POINT,"'',(6.13227104491595,177.599999999999,-67.220172124831)"
32271,CARTESIAN_POINT,"'',(6.86427104491595,177.599999999999,-67.220172124831)"
32272,CARTESIAN_POINT,"'',(6.86427104491595,178.399999999999,-67.220172124831)"
32273,CARTESIAN_POINT,"'',(6.13227104491595,178.399999999999,-67.220172124831)"
32274,CARTESIAN_POINT,"'',(6.86427104491595,177.599999999999,-67.220172124831)"
32275,CARTESIAN_POINT,"'',(6.86427104491595,178.399999999999,-67.220172124831)"
32276,CARTESIAN_POINT,"'',(4.20552104491595,177.599999999999,-66.0471721248311)"
32277,CARTESIAN_POINT,"'',(-3.22772895508405,178.399999999999,-67.220172124831)"
32278,CARTESIAN_POINT,"'',(-3.22772895508405,177.599999999999,-67.220172124831)"
32279,CARTESIAN_POINT,"'',(-3.22772895508405,177.599999999999,-67.220172124831)"
32280,CARTESIAN_POINT,"'',(0.564636226989382,177.599999999999,-67.220172124831)"
32281,CARTESIAN_POINT,"'',(0.564636226989382,177.599999999999,-67.220172124831)"
32282,CARTESIAN_POINT,"'',(-3.22772895508405,178.399999999999,-67.220172124831)"
32283,CARTESIAN_POINT,"'',(-0.703364209061129,177.599999999999,-67.1855973456481)"
32284,CARTESIAN_POINT,"'',(0.480271044915948,177.599999999999,-66.728172124831)"
32285,CARTESIAN_POINT,"'',(0.479826343520073,177.599999999999,-66.7283439832084)"
32286,CARTESIAN_POINT,"'',(0.479826343520073,177.733333333333,-66.7283439832084)"
32287,CARTESIAN_POINT,"'',(0.479826343520073,177.866666666666,-66.7283439832084)"
32288,CARTESIAN_POINT,"'',(0.479826343520073,178.,-66.7283439832084)"
32289,CARTESIAN_POINT,"'',(-0.703364209061129,178.40000000472,-67.1855973456481)"
32290,CARTESIAN_POINT,"'',(-1.9847334849171,177.599999999999,-67.7121008155608)"
32291,CARTESIAN_POINT,"'',(0.0182710449159469,177.599999999999,-65.966172124831)"
32292,CARTESIAN_POINT,"'',(0.0171455095942922,177.599999999999,-65.9671532031966)"
32293,CARTESIAN_POINT,"'',(0.0171455095942922,177.733333333333,-65.9671532031966)"
32294,CARTESIAN_POINT,"'',(0.0171455095942922,177.866666666666,-65.9671532031966)"
32295,CARTESIAN_POINT,"'',(0.0171455095942922,178.,-65.9671532031966)"
32296,CARTESIAN_POINT,"'',(-1.9847334849171,178.40000000472,-67.7121008155608)"
32297,CARTESIAN_POINT,"'',(-6.00648166285557,177.599999999999,-71.5161000716178)"
32298,CARTESIAN_POINT,"'',(-0.905728955084053,177.599999999999,-65.102172124831)"
32299,CARTESIAN_POINT,"'',(-0.906720488301723,177.599999999999,-65.1034189256425)"
32300,CARTESIAN_POINT,"'',(-0.906720488301723,177.733333333333,-65.1034189256425)"
32301,CARTESIAN_POINT,"'',(-0.906720488301723,177.866666666666,-65.1034189256425)"
32302,CARTESIAN_POINT,"'',(-0.906720488301723,178.,-65.1034189256425)"
32303,CARTESIAN_POINT,"'',(-6.00648166285557,178.40000000472,-71.5161000716178)"
32304,CARTESIAN_POINT,"'',(4.38050563749409,177.599999999999,-58.2248231347378)"
32305,CARTESIAN_POINT,"'',(-2.17172895508405,177.599999999999,-63.8901721248311)"
32306,CARTESIAN_POINT,"'',(-2.17709921345298,177.599999999999,-63.8948154854124)"
32307,CARTESIAN_POINT,"'',(-2.17709921345298,177.733333333333,-63.8948154854124)"
32308,CARTESIAN_POINT,"'',(-2.17709921345298,177.866666666666,-63.8948154854124)"
32309,CARTESIAN_POINT,"'',(-2.17709921345298,178.,-63.8948154854124)"
32310,CARTESIAN_POINT,"'',(4.38050563749409,178.40000000472,-58.2248231347378)"
32311,CARTESIAN_POINT,"'',(-1.04892251883794,177.599999999999,-62.9499931247266)"
32312,CARTESIAN_POINT,"'',(-2.49146006855735,177.599999999999,-63.1761086274085)"
32313,CARTESIAN_POINT,"'',(-2.49146006855734,178.40000000472,-63.1761086274086)"
32314,CARTESIAN_POINT,"'',(-1.04892251883794,178.40000000472,-62.9499931247266)"
32315,CARTESIAN_POINT,"'',(-1.56183622120381,177.599999999999,-63.0303915446259)"
32316,CARTESIAN_POINT,"'',(-2.15223908452123,177.599999999999,-62.2976853110121)"
32317,CARTESIAN_POINT,"'',(-2.15223908452365,177.599999999999,-62.2976853110093)"
32318,CARTESIAN_POINT,"'',(-1.56183622120381,178.40000000472,-63.0303915446259)"
32319,CARTESIAN_POINT,"'',(-1.46609791620503,177.599999999999,-63.1492054210934)"
32320,CARTESIAN_POINT,"'',(-1.41572895508405,177.599999999999,-62.054172124831)"
32321,CARTESIAN_POINT,"'',(-1.41584979489825,177.599999999999,-62.0567992113764)"
32322,CARTESIAN_POINT,"'',(-1.41584979489825,177.733333333333,-62.0567992113764)"
32323,CARTESIAN_POINT,"'',(-1.41584979489825,177.866666666666,-62.0567992113764)"
32324,CARTESIAN_POINT,"'',(-1.41584979489825,178.,-62.0567992113764)"
32325,CARTESIAN_POINT,"'',(-1.46609791620503,178.40000000472,-63.1492054210934)"
32326,CARTESIAN_POINT,"'',(-1.35607980251095,177.599999999999,-63.1563581836669)"
32327,CARTESIAN_POINT,"'',(-0.599728955084053,177.599999999999,-62.3601721248311)"
32328,CARTESIAN_POINT,"'',(-0.59815867600742,177.599999999999,-62.3585191428671)"
32329,CARTESIAN_POINT,"'',(-0.59815867600742,177.733333333333,-62.3585191428671)"
32330,CARTESIAN_POINT,"'',(-0.59815867600742,177.866666666666,-62.3585191428671)"
32331,CARTESIAN_POINT,"'',(-0.59815867600742,178.,-62.3585191428671)"
32332,CARTESIAN_POINT,"'',(-1.35607980251095,178.40000000472,-63.1563581836669)"
32333,CARTESIAN_POINT,"'',(-1.42389496080748,177.599999999999,-63.1357288474086)"
32334,CARTESIAN_POINT,"'',(-0.287728955084053,177.599999999999,-63.2001721248311)"
32335,CARTESIAN_POINT,"'',(-0.291425490347356,177.599999999999,-63.2005417783574)"
32336,CARTESIAN_POINT,"'',(-1.42389496080748,178.40000000472,-63.1357288474086)"
32337,CARTESIAN_POINT,"'',(-0.287728955084053,177.599999999999,-63.2001721248311)"
32338,CARTESIAN_POINT,"'',(0.425917566577229,177.599999999999,-63.128807472665)"
32339,CARTESIAN_POINT,"'',(0.425917566577229,177.599999999999,-63.128807472665)"
32340,CARTESIAN_POINT,"'',(-0.287728955084053,178.399999999999,-63.2001721248311)"
32341,CARTESIAN_POINT,"'',(-1.33961065512357,177.599999999999,-63.1738064338232)"
32342,CARTESIAN_POINT,"'',(-0.125728955084053,177.599999999999,-61.898172124831)"
32343,CARTESIAN_POINT,"'',(-0.122139862431828,177.599999999999,-61.8944004478008)"
32344,CARTESIAN_POINT,"'',(-0.122139862431828,177.733333333333,-61.8944004478008)"
32345,CARTESIAN_POINT,"'',(-0.122139862431828,177.866666666666,-61.8944004478008)"
32346,CARTESIAN_POINT,"'',(-0.122139862431828,178.,-61.8944004478008)"
32347,CARTESIAN_POINT,"'',(-1.33961065512357,178.40000000472,-63.1738064338232)"
32348,CARTESIAN_POINT,"'',(-1.32599772486507,177.599999999999,-63.4119648189982)"
32349,CARTESIAN_POINT,"'',(-1.43372895508405,177.599999999999,-61.4721721248311)"
32350,CARTESIAN_POINT,"'',(-1.43340815971887,177.599999999999,-61.4779483190176)"
32351,CARTESIAN_POINT,"'',(-1.43340815971887,177.733333333333,-61.4779483190176)"
32352,CARTESIAN_POINT,"'',(-1.43340815971887,177.866666666666,-61.4779483190176)"
32353,CARTESIAN_POINT,"'',(-1.43340815971887,178.,-61.4779483190176)"
32354,CARTESIAN_POINT,"'',(-1.32599772486507,178.40000000472,-63.4119648189982)"
32355,CARTESIAN_POINT,"'',(-1.54566522909077,177.599999999999,-63.2998980299722)"
32356,CARTESIAN_POINT,"'',(-2.50652105864056,177.599999999999,-61.748465828033)"
32357,CARTESIAN_POINT,"'',(-2.50652105864109,177.599999999999,-61.7484658280322)"
32358,CARTESIAN_POINT,"'',(-1.54566522909077,178.40000000472,-63.2998980299722)"
32359,CARTESIAN_POINT,"'',(-1.71169781876008,177.599999999999,-63.0318158700242)"
32360,CARTESIAN_POINT,"'',(-3.21607608692977,177.599999999999,-62.9070066588702)"
32361,CARTESIAN_POINT,"'',(-3.21607608692977,178.40000000472,-62.9070066588702)"
32362,CARTESIAN_POINT,"'',(-1.71169781876008,178.40000000472,-63.0318158700242)"
32363,CARTESIAN_POINT,"'',(-1.47291347450114,177.599999999999,-63.0516263699985)"
32364,CARTESIAN_POINT,"'',(-3.08372895508405,177.599999999999,-63.7341721248311)"
32365,CARTESIAN_POINT,"'',(-3.08344881236104,177.599999999999,-63.7340534208401)"
32366,CARTESIAN_POINT,"'',(-3.08344881236104,177.733333333333,-63.7340534208401)"
32367,CARTESIAN_POINT,"'',(-3.08344881236104,177.866666666666,-63.7340534208401)"
32368,CARTESIAN_POINT,"'',(-3.08344881236104,178.,-63.7340534208401)"
32369,CARTESIAN_POINT,"'',(-1.47291347450114,178.40000000472,-63.0516263699985)"
32370,CARTESIAN_POINT,"'',(-0.68220648059251,177.599999999999,-62.6113418769068)"
32371,CARTESIAN_POINT,"'',(-2.60972895508405,177.599999999999,-64.436172124831)"
32372,CARTESIAN_POINT,"'',(-2.60858342046705,177.599999999999,-64.435087620631)"
32373,CARTESIAN_POINT,"'',(-2.60858342046705,177.733333333333,-64.435087620631)"
32374,CARTESIAN_POINT,"'',(-2.60858342046705,177.866666666666,-64.435087620631)"
32375,CARTESIAN_POINT,"'',(-2.60858342046705,178.,-64.435087620631)"
32376,CARTESIAN_POINT,"'',(-0.68220648059251,178.40000000472,-62.6113418769068)"
32377,CARTESIAN_POINT,"'',(5.70123443234072,177.599999999999,-56.5511576769943)"
32378,CARTESIAN_POINT,"'',(-1.52972895508405,177.599999999999,-65.4441721248311)"
32379,CARTESIAN_POINT,"'',(-1.52821459029369,177.599999999999,-65.4423096803353)"
32380,CARTESIAN_POINT,"'',(-1.52821459029369,177.733333333333,-65.4423096803353)"
32381,CARTESIAN_POINT,"'',(-1.52821459029369,177.866666666666,-65.4423096803353)"
32382,CARTESIAN_POINT,"'',(-1.52821459029369,178.,-65.4423096803353)"
32383,CARTESIAN_POINT,"'',(5.70123443234072,178.40000000472,-56.5511576769943)"
32384,CARTESIAN_POINT,"'',(-9.73641591686263,177.599999999999,-75.6366964217369)"
32385,CARTESIAN_POINT,"'',(-0.713728955084053,177.599999999999,-66.1641721248311)"
32386,CARTESIAN_POINT,"'',(-0.712149897956302,177.599999999999,-66.1625143418367)"
32387,CARTESIAN_POINT,"'',(-0.712149897956302,177.733333333333,-66.1625143418367)"
32388,CARTESIAN_POINT,"'',(-0.712149897956302,177.866666666666,-66.1625143418367)"
32389,CARTESIAN_POINT,"'',(-0.712149897956302,178.,-66.1625143418367)"
32390,CARTESIAN_POINT,"'',(-9.73641591686263,178.40000000472,-75.6366964217369)"
32391,CARTESIAN_POINT,"'',(-2.1710800721445,177.599999999999,-67.6293380437421)"
32392,CARTESIAN_POINT,"'',(-0.413728955084053,177.599999999999,-66.542172124831)"
32393,CARTESIAN_POINT,"'',(-0.413714876167255,177.599999999999,-66.5421634150641)"
32394,CARTESIAN_POINT,"'',(-0.413714876167255,177.733333333333,-66.5421634150641)"
32395,CARTESIAN_POINT,"'',(-0.413714876167255,177.866666666666,-66.5421634150641)"
32396,CARTESIAN_POINT,"'',(-0.413714876167255,178.,-66.5421634150641)"
32397,CARTESIAN_POINT,"'',(-2.1710800721445,178.40000000472,-67.6293380437421)"
32398,CARTESIAN_POINT,"'',(-0.413728955084053,177.599999999999,-66.542172124831)"
32399,CARTESIAN_POINT,"'',(-3.22772895508405,177.599999999999,-66.542172124831)"
32400,CARTESIAN_POINT,"'',(-3.22772895508405,178.399999999999,-66.542172124831)"
32401,CARTESIAN_POINT,"'',(-0.413728955084053,178.399999999999,-66.542172124831)"
32402,CARTESIAN_POINT,"'',(-3.22772895508405,177.599999999999,-66.542172124831)"
32403,CARTESIAN_POINT,"'',(-3.22772895508405,178.399999999999,-66.542172124831)"
32404,CARTESIAN_POINT,"'',(0.547021044915947,177.599999999999,-66.9719221248311)"
32405,CARTESIAN_POINT,"'',(-6.23372895508405,177.599999999999,-65.210172124831)"
32406,CARTESIAN_POINT,"'',(-6.23372895508405,177.599999999999,-62.624172124831)"
32407,CARTESIAN_POINT,"'',(-6.23372895508405,177.599999999999,-65.210172124831)"
32408,CARTESIAN_POINT,"'',(-4.43372895508405,177.599999999999,-65.210172124831)"
32409,CARTESIAN_POINT,"'',(-4.43372895508405,177.599999999999,-65.210172124831)"
32410,CARTESIAN_POINT,"'',(-6.23372895508405,177.599999999999,-62.624172124831)"
32411,CARTESIAN_POINT,"'',(-6.23372895508405,177.599999999999,-65.8521721248311)"
32412,CARTESIAN_POINT,"'',(-3.74372895508405,177.599999999999,-65.8521721248311)"
32413,CARTESIAN_POINT,"'',(-6.23372895508405,177.599999999999,-65.8521721248311)"
32414,CARTESIAN_POINT,"'',(-6.23372895508405,177.599999999999,-67.220172124831)"
32415,CARTESIAN_POINT,"'',(-6.23372895508405,177.599999999999,-67.220172124831)"
32416,CARTESIAN_POINT,"'',(-6.93572895508405,177.599999999999,-67.220172124831)"
32417,CARTESIAN_POINT,"'',(-6.93572895508405,177.599999999999,-67.220172124831)"
32418,CARTESIAN_POINT,"'',(-6.93572895508405,177.599999999999,-65.8521721248311)"
32419,CARTESIAN_POINT,"'',(-6.93572895508405,177.599999999999,-65.8521721248311)"
32420,CARTESIAN_POINT,"'',(-7.70972895508405,177.599999999999,-65.8521721248311)"
32421,CARTESIAN_POINT,"'',(-7.70972895508405,177.599999999999,-65.8521721248311)"
32422,CARTESIAN_POINT,"'',(-7.70972895508405,177.599999999999,-65.210172124831)"
32423,CARTESIAN_POINT,"'',(-7.70972895508405,177.599999999999,-65.210172124831)"
32424,CARTESIAN_POINT,"'',(-6.93572895508405,177.599999999999,-65.210172124831)"
32425,CARTESIAN_POINT,"'',(-6.93572895508405,177.599999999999,-65.210172124831)"
32426,CARTESIAN_POINT,"'',(-6.93572895508405,177.599999999999,-61.496172124831)"
32427,CARTESIAN_POINT,"'',(-6.93572895508405,177.599999999999,-61.496172124831)"
32428,CARTESIAN_POINT,"'',(-6.35972895508405,177.599999999999,-61.496172124831)"
32429,CARTESIAN_POINT,"'',(-6.35972895508405,177.599999999999,-61.496172124831)"
32430,CARTESIAN_POINT,"'',(-3.74372895508405,177.599999999999,-65.210172124831)"
32431,CARTESIAN_POINT,"'',(-3.74372895508405,177.599999999999,-65.210172124831)"
32432,CARTESIAN_POINT,"'',(-3.74372895508405,177.599999999999,-65.8521721248311)"
32433,CARTESIAN_POINT,"'',(0.,177.599999999999,17.)"
32434,CARTESIAN_POINT,"'',(-6.23372895508405,178.399999999999,-65.8521721248311)"
32435,CARTESIAN_POINT,"'',(-3.74372895508405,178.399999999999,-65.8521721248311)"
32436,CARTESIAN_POINT,"'',(-6.23372895508405,178.399999999999,-65.8521721248311)"
32437,CARTESIAN_POINT,"'',(-3.74372895508405,178.399999999999,-65.210172124831)"
32438,CARTESIAN_POINT,"'',(-3.74372895508405,178.399999999999,-65.8521721248311)"
32439,CARTESIAN_POINT,"'',(-6.35972895508405,178.399999999999,-61.496172124831)"
32440,CARTESIAN_POINT,"'',(-3.74372895508405,178.399999999999,-65.210172124831)"
32441,CARTESIAN_POINT,"'',(-6.93572895508405,178.399999999999,-61.496172124831)"
32442,CARTESIAN_POINT,"'',(-6.35972895508405,178.399999999999,-61.496172124831)"
32443,CARTESIAN_POINT,"'',(-6.93572895508405,178.399999999999,-65.210172124831)"
32444,CARTESIAN_POINT,"'',(-6.93572895508405,178.399999999999,-61.496172124831)"
32445,CARTESIAN_POINT,"'',(-7.70972895508405,178.399999999999,-65.210172124831)"
32446,CARTESIAN_POINT,"'',(-6.93572895508405,178.399999999999,-65.210172124831)"
32447,CARTESIAN_POINT,"'',(-7.70972895508405,178.399999999999,-65.8521721248311)"
32448,CARTESIAN_POINT,"'',(-7.70972895508405,178.399999999999,-65.210172124831)"
32449,CARTESIAN_POINT,"'',(-6.93572895508405,178.399999999999,-65.8521721248311)"
32450,CARTESIAN_POINT,"'',(-7.70972895508405,178.399999999999,-65.8521721248311)"
32451,CARTESIAN_POINT,"'',(-6.93572895508405,178.399999999999,-67.220172124831)"
32452,CARTESIAN_POINT,"'',(-6.93572895508405,178.399999999999,-65.8521721248311)"
32453,CARTESIAN_POINT,"'',(-6.23372895508405,178.399999999999,-67.220172124831)"
32454,CARTESIAN_POINT,"'',(-6.93572895508405,178.399999999999,-67.220172124831)"
32455,CARTESIAN_POINT,"'',(-6.23372895508405,178.399999999999,-67.220172124831)"
32456,CARTESIAN_POINT,"'',(5.82356032881363,178.,-79.9464777293641)"
32457,CARTESIAN_POINT,"'',(-4.43372895508405,178.,-65.210172124831)"
32458,CARTESIAN_POINT,"'',(-6.23372895508405,178.,-62.624172124831)"
32459,CARTESIAN_POINT,"'',(-6.23372895508405,178.399999999999,-62.624172124831)"
32460,CARTESIAN_POINT,"'',(-4.43372895508405,178.399999999999,-65.210172124831)"
32461,CARTESIAN_POINT,"'',(-6.23372895508405,178.399999999999,-62.624172124831)"
32462,CARTESIAN_POINT,"'',(0.,178.,-65.210172124831)"
32463,CARTESIAN_POINT,"'',(-6.23372895508405,178.,-65.210172124831)"
32464,CARTESIAN_POINT,"'',(-6.23372895508405,178.399999999999,-65.210172124831)"
32465,CARTESIAN_POINT,"'',(-4.43372895508405,178.399999999999,-65.210172124831)"
32466,CARTESIAN_POINT,"'',(-6.23372895508405,178.,-84.)"
32467,CARTESIAN_POINT,"'',(-6.23372895508405,178.399999999999,-65.210172124831)"
32468,CARTESIAN_POINT,"'',(0.,178.,-84.)"
32469,CARTESIAN_POINT,"'',(-37.,148.,-90.)"
32470,CARTESIAN_POINT,"'',(37.,148.,-90.)"
32471,CARTESIAN_POINT,"'',(-37.,-148.,-90.)"
32472,CARTESIAN_POINT,"'',(37.,-148.,-90.)"
32473,CARTESIAN_POINT,"'',(64.,21.,-46.)"
32474,CARTESIAN_POINT,"'',(59.,21.,-46.)"
32475,CARTESIAN_POINT,"'',(0.,0.,-46.)"
32476,CARTESIAN_POINT,"'',(80.,81.5045413628043,-46.9999910355293)"
32477,CARTESIAN_POINT,"'',(80.,81.5045406750097,-32.0000000000175)"
32478,CARTESIAN_POINT,"'',(80.,81.5045403081856,-24.0000000000175)"
32479,CARTESIAN_POINT,"'',(80.,98.0045392514842,-24.0000000000175)"
32480,CARTESIAN_POINT,"'',(80.,99.0045392514842,-24.0000000000175)"
32481,CARTESIAN_POINT,"'',(80.,99.0045392514842,-0.999999999999998)"
32482,CARTESIAN_POINT,"'',(80.,99.0045392514842,-2.)"
32483,CARTESIAN_POINT,"'',(80.,107.,-2.)"
32484,CARTESIAN_POINT,"'',(80.,107.,-2.)"
32485,CARTESIAN_POINT,"'',(80.,107.,-46.)"
32486,CARTESIAN_POINT,"'',(80.,-107.,-1.)"
32487,CARTESIAN_POINT,"'',(80.,-107.,-2.)"
32488,CARTESIAN_POINT,"'',(80.,-82.9951598814844,-2.)"
32489,CARTESIAN_POINT,"'',(80.,-83.9951598814844,-2.)"
32490,CARTESIAN_POINT,"'',(80.,-83.9951598814844,-23.0000000000175)"
32491,CARTESIAN_POINT,"'',(80.,-83.9951598814844,-24.0000000000175)"
32492,CARTESIAN_POINT,"'',(80.,-66.5010589729791,-24.0000000000175)"
32493,CARTESIAN_POINT,"'',(80.,-67.5012102421482,-24.0000000000175)"
32494,CARTESIAN_POINT,"'',(80.,-67.5046902336919,-47.0070327749949)"
32495,CARTESIAN_POINT,"'',(80.,-67.5024203039854,-32.0000000000175)"
32496,CARTESIAN_POINT,"'',(80.,81.5045406291566,-32.0000000000175)"
32497,CARTESIAN_POINT,"'',(80.,-114.,-47.)"
32498,CARTESIAN_POINT,"'',(68.,119.,-1.)"
32499,CARTESIAN_POINT,"'',(68.,119.,-2.)"
32500,CARTESIAN_POINT,"'',(-68.,119.,-2.)"
32501,CARTESIAN_POINT,"'',(-68.,119.,-2.)"
32502,CARTESIAN_POINT,"'',(-68.,119.,-46.)"
32503,CARTESIAN_POINT,"'',(80.,119.,-47.)"
32504,CARTESIAN_POINT,"'',(-68.,107.,-2.)"
32505,CARTESIAN_POINT,"'',(-68.,107.,-47.)"
32506,CARTESIAN_POINT,"'',(68.,107.,-2.)"
32507,CARTESIAN_POINT,"'',(68.,107.,-47.)"
32508,CARTESIAN_POINT,"'',(68.,-107.,-2.)"
32509,CARTESIAN_POINT,"'',(68.,-107.,-47.)"
32510,CARTESIAN_POINT,"'',(148.,-66.501210230707,-23.999999988578)"
32511,CARTESIAN_POINT,"'',(81.,-66.501210230707,-23.999999988578)"
32512,CARTESIAN_POINT,"'',(147.,-66.501210230707,-23.999999988578)"
32513,CARTESIAN_POINT,"'',(147.,-66.5022690348164,-31.0000000000175)"
32514,CARTESIAN_POINT,"'',(147.,-66.5022690348164,-31.0000000000175)"
32515,CARTESIAN_POINT,"'',(108.5,-66.5022690348164,-31.0000000000175)"
32516,CARTESIAN_POINT,"'',(81.,-66.5022690348164,-31.0000000000175)"
32517,CARTESIAN_POINT,"'',(81.,-66.4981093671816,-3.49947064371879)"
32518,CARTESIAN_POINT,"'',(108.5,-66.4981093671816,-3.49947064371879)"
32519,CARTESIAN_POINT,"'',(91.,-59.5010589729791,-31.0000000000175)"
32520,CARTESIAN_POINT,"'',(91.,-65.5010589729791,-31.0000000000175)"
32521,CARTESIAN_POINT,"'',(85.,-59.5010589729791,-31.0000000000175)"
32522,CARTESIAN_POINT,"'',(85.,74.5045402623326,-31.0000000000175)"
32523,CARTESIAN_POINT,"'',(85.,74.5045402623326,-31.0000000000175)"
32524,CARTESIAN_POINT,"'',(91.,74.5045402623326,-31.0000000000175)"
32525,CARTESIAN_POINT,"'',(91.,80.5045402623326,-31.0000000000175)"
32526,CARTESIAN_POINT,"'',(134.5,80.5045402623326,-31.0000000000175)"
32527,CARTESIAN_POINT,"'',(134.5,80.5045402623326,-31.0000000000175)"
32528,CARTESIAN_POINT,"'',(134.5,74.5045402623325,-31.0000000000175)"
32529,CARTESIAN_POINT,"'',(140.5,74.5045402623325,-31.0000000000175)"
32530,CARTESIAN_POINT,"'',(140.5,-59.5010589729791,-31.0000000000175)"
32531,CARTESIAN_POINT,"'',(140.5,-59.5010589729791,-31.0000000000175)"
32532,CARTESIAN_POINT,"'',(134.5,-59.5010589729791,-31.0000000000175)"
32533,CARTESIAN_POINT,"'',(134.5,-65.5010589729791,-31.0000000000175)"
32534,CARTESIAN_POINT,"'',(91.,-65.5010589729791,-31.0000000000175)"
32535,CARTESIAN_POINT,"'',(147.,-44.9383148399999,-31.0000000000175)"
32536,CARTESIAN_POINT,"'',(147.,81.5045406291566,-31.0000000000175)"
32537,CARTESIAN_POINT,"'',(129.,81.5045406291566,-31.0000000000175)"
32538,CARTESIAN_POINT,"'',(81.,81.5045406291566,-31.0000000000175)"
32539,CARTESIAN_POINT,"'',(81.,-66.5022690348164,-31.0000000000175)"
32540,CARTESIAN_POINT,"'',(129.,-44.9383148399999,-31.0000000000175)"
32541,CARTESIAN_POINT,"'',(147.,81.5045402623326,-23.0000000000175)"
32542,CARTESIAN_POINT,"'',(147.,81.5045403081856,-24.0000000000175)"
32543,CARTESIAN_POINT,"'',(80.,81.5045403081856,-24.0000000000175)"
32544,CARTESIAN_POINT,"'',(108.500000080247,81.504539368199,-3.49999991977029)"
32545,CARTESIAN_POINT,"'',(108.5,81.504539368199,-3.49999983952323)"
32546,CARTESIAN_POINT,"'',(166.,98.0045392514842,-2.)"
32547,CARTESIAN_POINT,"'',(145.585786437627,98.0045392514842,-2.)"
32548,CARTESIAN_POINT,"'',(81.,98.0045392514842,-2.)"
32549,CARTESIAN_POINT,"'',(81.,98.0045392514842,-23.0000000000175)"
32550,CARTESIAN_POINT,"'',(81.,98.0045392514842,-23.0000000000175)"
32551,CARTESIAN_POINT,"'',(166.,98.0045392514842,-23.0000000000175)"
32552,CARTESIAN_POINT,"'',(147.,98.0045392514842,-23.0000000000175)"
32553,CARTESIAN_POINT,"'',(147.,98.0045392514842,5.)"
32554,CARTESIAN_POINT,"'',(147.,98.0045392514842,-3.41421356237308)"
32555,CARTESIAN_POINT,"'',(145.292893218813,98.0045392514842,-1.70710678118654)"
32556,CARTESIAN_POINT,"'',(166.,98.0045392514842,5.)"
32557,CARTESIAN_POINT,"'',(136.,90.0045392514847,-23.0000000000175)"
32558,CARTESIAN_POINT,"'',(133.,90.0045392514847,-23.0000000000175)"
32559,CARTESIAN_POINT,"'',(89.9999999999998,90.0045392514846,-23.0000000000175)"
32560,CARTESIAN_POINT,"'',(86.9999999999998,90.0045392514846,-23.0000000000175)"
32561,CARTESIAN_POINT,"'',(102.,90.0045392514855,-23.0000000000175)"
32562,CARTESIAN_POINT,"'',(99.4999999999999,90.0045392514855,-23.0000000000175)"
32563,CARTESIAN_POINT,"'',(124.,90.0045392514855,-23.0000000000175)"
32564,CARTESIAN_POINT,"'',(121.5,90.0045392514855,-23.0000000000175)"
32565,CARTESIAN_POINT,"'',(148.,82.5045402623326,-23.0000000000175)"
32566,CARTESIAN_POINT,"'',(81.,82.5045402623326,-23.0000000000175)"
32567,CARTESIAN_POINT,"'',(147.,82.5045402623326,-23.0000000000175)"
32568,CARTESIAN_POINT,"'',(147.,78.0116483647781,-23.0000000000175)"
32569,CARTESIAN_POINT,"'',(81.,81.5045402623326,-23.0000000000175)"
32570,CARTESIAN_POINT,"'',(140.,78.0116483647781,-23.0000000000175)"
32571,CARTESIAN_POINT,"'',(80.,-82.9951598814844,-23.0000000000175)"
32572,CARTESIAN_POINT,"'',(147.,-82.9951598814844,-23.0000000000175)"
32573,CARTESIAN_POINT,"'',(81.,-82.9951598814844,-23.0000000000175)"
32574,CARTESIAN_POINT,"'',(81.,-82.9951598814844,-0.999999999999998)"
32575,CARTESIAN_POINT,"'',(81.,-82.9951598814844,-2.)"
32576,CARTESIAN_POINT,"'',(80.,-82.9951598814844,-2.)"
32577,CARTESIAN_POINT,"'',(145.585786437627,-82.9951598814844,-2.)"
32578,CARTESIAN_POINT,"'',(147.292893218813,-82.9951598814844,-3.70710678118652)"
32579,CARTESIAN_POINT,"'',(147.,-82.9951598814844,-3.41421356237309)"
32580,CARTESIAN_POINT,"'',(147.,-82.9951598814844,5.)"
32581,CARTESIAN_POINT,"'',(80.,-82.9951598814844,5.)"
32582,CARTESIAN_POINT,"'',(136.,-74.9951598814841,-23.0000000000175)"
32583,CARTESIAN_POINT,"'',(133.,-74.9951598814841,-23.0000000000175)"
32584,CARTESIAN_POINT,"'',(90.0000000000002,-74.9951598814842,-23.0000000000175)"
32585,CARTESIAN_POINT,"'',(87.0000000000002,-74.9951598814842,-23.0000000000175)"
32586,CARTESIAN_POINT,"'',(102.,-74.9951598814842,-23.0000000000175)"
32587,CARTESIAN_POINT,"'',(99.5000000000002,-74.9951598814842,-23.0000000000175)"
32588,CARTESIAN_POINT,"'',(124.,-74.9951598814842,-23.0000000000175)"
32589,CARTESIAN_POINT,"'',(121.5,-74.9951598814842,-23.0000000000175)"
32590,CARTESIAN_POINT,"'',(147.,78.0116483647781,-23.0000000000175)"
32591,CARTESIAN_POINT,"'',(147.,-67.5010589729791,-23.0000000000175)"
32592,CARTESIAN_POINT,"'',(80.,-67.5010589729791,-23.0000000000175)"
32593,CARTESIAN_POINT,"'',(81.,-67.5010589729791,-23.0000000000175)"
32594,CARTESIAN_POINT,"'',(81.,-82.9951598814844,-23.0000000000175)"
32595,CARTESIAN_POINT,"'',(140.,78.0116483647781,-23.0000000000175)"
32596,CARTESIAN_POINT,"'',(-148.,66.501210230707,-23.999999988578)"
32597,CARTESIAN_POINT,"'',(-81.,66.501210230707,-23.999999988578)"
32598,CARTESIAN_POINT,"'',(-147.,66.501210230707,-23.999999988578)"
32599,CARTESIAN_POINT,"'',(-147.,66.5022690348164,-31.0000000000175)"
32600,CARTESIAN_POINT,"'',(-147.,66.5022690348164,-31.0000000000175)"
32601,CARTESIAN_POINT,"'',(-108.5,66.5022690348164,-31.0000000000175)"
32602,CARTESIAN_POINT,"'',(-81.,66.5022690348164,-31.0000000000175)"
32603,CARTESIAN_POINT,"'',(-81.,66.4981093671816,-3.49947064371879)"
32604,CARTESIAN_POINT,"'',(-108.5,66.4981093671816,-3.49947064371879)"
32605,CARTESIAN_POINT,"'',(-134.5,-74.5045402623329,-31.0000000000175)"
32606,CARTESIAN_POINT,"'',(-134.5,-80.5045402623329,-31.0000000000175)"
32607,CARTESIAN_POINT,"'',(-140.5,-74.5045402623329,-31.0000000000175)"
32608,CARTESIAN_POINT,"'',(-140.5,59.5010589729788,-31.0000000000175)"
32609,CARTESIAN_POINT,"'',(-140.5,59.5010589729788,-31.0000000000175)"
32610,CARTESIAN_POINT,"'',(-134.5,59.5010589729788,-31.0000000000175)"
32611,CARTESIAN_POINT,"'',(-134.5,65.5010589729788,-31.0000000000175)"
32612,CARTESIAN_POINT,"'',(-91.0000000000002,65.5010589729789,-31.0000000000175)"
32613,CARTESIAN_POINT,"'',(-91.0000000000002,65.5010589729789,-31.0000000000175)"
32614,CARTESIAN_POINT,"'',(-91.0000000000002,59.5010589729789,-31.0000000000175)"
32615,CARTESIAN_POINT,"'',(-85.0000000000001,59.5010589729789,-31.0000000000175)"
32616,CARTESIAN_POINT,"'',(-84.9999999999998,-74.5045402623328,-31.0000000000175)"
32617,CARTESIAN_POINT,"'',(-84.9999999999998,-74.5045402623328,-31.0000000000175)"
32618,CARTESIAN_POINT,"'',(-90.9999999999998,-74.5045402623328,-31.0000000000175)"
32619,CARTESIAN_POINT,"'',(-90.9999999999998,-80.5045402623328,-31.0000000000175)"
32620,CARTESIAN_POINT,"'',(-134.5,-80.5045402623329,-31.0000000000175)"
32621,CARTESIAN_POINT,"'',(-147.,44.9383148399999,-31.0000000000175)"
32622,CARTESIAN_POINT,"'',(-147.,-81.5045406291566,-31.0000000000175)"
32623,CARTESIAN_POINT,"'',(-129.,-81.5045406291566,-31.0000000000175)"
32624,CARTESIAN_POINT,"'',(-81.,-81.5045406291566,-31.0000000000175)"
32625,CARTESIAN_POINT,"'',(-81.,66.5022690348164,-31.0000000000175)"
32626,CARTESIAN_POINT,"'',(-129.,44.9383148399999,-31.0000000000175)"
32627,CARTESIAN_POINT,"'',(-147.,-81.5045402623326,-23.0000000000175)"
32628,CARTESIAN_POINT,"'',(-147.,-81.5045403081856,-24.0000000000175)"
32629,CARTESIAN_POINT,"'',(-80.,-81.5045403081856,-24.0000000000175)"
32630,CARTESIAN_POINT,"'',(-81.,-81.5045403081856,-24.0000000000175)"
32631,CARTESIAN_POINT,"'',(-81.,-81.504539368199,-3.49999983952323)"
32632,CARTESIAN_POINT,"'',(-108.5,-81.504539368199,-3.49999983952323)"
32633,CARTESIAN_POINT,"'',(-166.,-98.0045392514842,-23.0000000000175)"
32634,CARTESIAN_POINT,"'',(-81.,-98.0045392514842,-23.0000000000175)"
32635,CARTESIAN_POINT,"'',(-147.,-98.0045392514842,-23.0000000000175)"
32636,CARTESIAN_POINT,"'',(-147.,-98.0045392514842,5.)"
32637,CARTESIAN_POINT,"'',(-147.,-98.0045392514842,-3.41421356237308)"
32638,CARTESIAN_POINT,"'',(-145.292893218813,-98.0045392514842,-1.70710678118653)"
32639,CARTESIAN_POINT,"'',(-145.585786437627,-98.0045392514842,-2.)"
32640,CARTESIAN_POINT,"'',(-166.,-98.0045392514842,-2.)"
32641,CARTESIAN_POINT,"'',(-81.,-98.0045392514842,-2.)"
32642,CARTESIAN_POINT,"'',(-81.,-98.0045392514842,-23.0000000000175)"
32643,CARTESIAN_POINT,"'',(-166.,-98.0045392514842,5.)"
32644,CARTESIAN_POINT,"'',(-89.9999999999998,-90.0045392514841,-23.0000000000175)"
32645,CARTESIAN_POINT,"'',(-92.9999999999998,-90.0045392514841,-23.0000000000175)"
32646,CARTESIAN_POINT,"'',(-136.,-90.0045392514842,-23.0000000000175)"
32647,CARTESIAN_POINT,"'',(-139.,-90.0045392514842,-23.0000000000175)"
32648,CARTESIAN_POINT,"'',(-102.,-90.0045392514842,-23.0000000000175)"
32649,CARTESIAN_POINT,"'',(-104.5,-90.0045392514842,-23.0000000000175)"
32650,CARTESIAN_POINT,"'',(-124.,-90.0045392514842,-23.0000000000175)"
32651,CARTESIAN_POINT,"'',(-126.5,-90.0045392514842,-23.0000000000175)"
32652,CARTESIAN_POINT,"'',(-148.,-82.5045402623326,-23.0000000000175)"
32653,CARTESIAN_POINT,"'',(-81.,-82.5045402623326,-23.0000000000175)"
32654,CARTESIAN_POINT,"'',(-147.,-82.5045402623326,-23.0000000000175)"
32655,CARTESIAN_POINT,"'',(-147.,-78.0116483647781,-23.0000000000175)"
32656,CARTESIAN_POINT,"'',(-81.,-81.5045402623326,-23.0000000000175)"
32657,CARTESIAN_POINT,"'',(-140.,-78.0116483647781,-23.0000000000175)"
32658,CARTESIAN_POINT,"'',(-147.292893218813,82.9951598814844,-3.70710678118654)"
32659,CARTESIAN_POINT,"'',(-145.585786437627,82.9951598814844,-2.)"
32660,CARTESIAN_POINT,"'',(-147.,82.9951598814844,-3.41421356237309)"
32661,CARTESIAN_POINT,"'',(-147.,82.9951598814844,5.)"
32662,CARTESIAN_POINT,"'',(-147.,82.9951598814844,-23.0000000000175)"
32663,CARTESIAN_POINT,"'',(-80.,82.9951598814844,-23.0000000000175)"
32664,CARTESIAN_POINT,"'',(-81.,82.9951598814844,-23.0000000000175)"
32665,CARTESIAN_POINT,"'',(-81.,82.9951598814844,-0.999999999999998)"
32666,CARTESIAN_POINT,"'',(-81.,82.9951598814844,-2.)"
32667,CARTESIAN_POINT,"'',(-80.,82.9951598814844,-2.)"
32668,CARTESIAN_POINT,"'',(-80.,82.9951598814844,5.)"
32669,CARTESIAN_POINT,"'',(-90.,74.9951598814844,-23.0000000000175)"
32670,CARTESIAN_POINT,"'',(-93.,74.9951598814844,-23.0000000000175)"
32671,CARTESIAN_POINT,"'',(-136.,74.9951598814844,-23.0000000000175)"
32672,CARTESIAN_POINT,"'',(-139.,74.9951598814844,-23.0000000000175)"
32673,CARTESIAN_POINT,"'',(-124.,74.9951598814844,-23.0000000000175)"
32674,CARTESIAN_POINT,"'',(-126.5,74.9951598814844,-23.0000000000175)"
32675,CARTESIAN_POINT,"'',(-102.,74.9951598814844,-23.0000000000175)"
32676,CARTESIAN_POINT,"'',(-104.5,74.9951598814844,-23.0000000000175)"
32677,CARTESIAN_POINT,"'',(-147.,-78.0116483647781,-23.0000000000175)"
32678,CARTESIAN_POINT,"'',(-147.,67.5010589729791,-23.0000000000175)"
32679,CARTESIAN_POINT,"'',(-80.,67.5010589729791,-23.0000000000175)"
32680,CARTESIAN_POINT,"'',(-81.,67.5010589729791,-23.0000000000175)"
32681,CARTESIAN_POINT,"'',(-81.,82.9951598814844,-23.0000000000175)"
32682,CARTESIAN_POINT,"'',(-140.,-78.0116483647781,-23.0000000000175)"
32683,CARTESIAN_POINT,"'',(-102.,74.9951598814844,-38.)"
32684,CARTESIAN_POINT,"'',(-104.5,74.9951598814844,-38.)"
32685,CARTESIAN_POINT,"'',(-102.,74.9951598814844,4.00000000000001)"
32686,CARTESIAN_POINT,"'',(-102.,74.9951598814844,-38.)"
32687,CARTESIAN_POINT,"'',(-124.,74.9951598814844,-38.)"
32688,CARTESIAN_POINT,"'',(-126.5,74.9951598814844,-38.)"
32689,CARTESIAN_POINT,"'',(-124.,74.9951598814844,4.00000000000001)"
32690,CARTESIAN_POINT,"'',(-124.,74.9951598814844,-38.)"
32691,CARTESIAN_POINT,"'',(-124.,-90.0045392514842,-38.)"
32692,CARTESIAN_POINT,"'',(-121.5,-90.0045392514842,-38.)"
32693,CARTESIAN_POINT,"'',(-124.,-90.0045392514842,4.00000000000001)"
32694,CARTESIAN_POINT,"'',(-124.,-90.0045392514842,-38.)"
32695,CARTESIAN_POINT,"'',(-102.,-90.0045392514842,-38.)"
32696,CARTESIAN_POINT,"'',(-99.4999999999998,-90.0045392514842,-38.)"
32697,CARTESIAN_POINT,"'',(-102.,-90.0045392514842,4.00000000000001)"
32698,CARTESIAN_POINT,"'',(-102.,-90.0045392514842,-38.)"
32699,CARTESIAN_POINT,"'',(124.,-74.9951598814842,-38.)"
32700,CARTESIAN_POINT,"'',(126.5,-74.9951598814842,-38.)"
32701,CARTESIAN_POINT,"'',(124.,-74.9951598814842,4.00000000000001)"
32702,CARTESIAN_POINT,"'',(124.,-74.9951598814842,-38.)"
32703,CARTESIAN_POINT,"'',(102.,-74.9951598814842,-38.)"
32704,CARTESIAN_POINT,"'',(104.5,-74.9951598814842,-38.)"
32705,CARTESIAN_POINT,"'',(102.,-74.9951598814842,4.00000000000001)"
32706,CARTESIAN_POINT,"'',(102.,-74.9951598814842,-38.)"
32707,CARTESIAN_POINT,"'',(124.,90.0045392514855,-38.)"
32708,CARTESIAN_POINT,"'',(121.5,90.0045392514855,-38.)"
32709,CARTESIAN_POINT,"'',(124.,90.0045392514855,4.00000000000001)"
32710,CARTESIAN_POINT,"'',(124.,90.0045392514855,-38.)"
32711,CARTESIAN_POINT,"'',(102.,90.0045392514855,-38.)"
32712,CARTESIAN_POINT,"'',(99.4999999999999,90.0045392514855,-38.)"
32713,CARTESIAN_POINT,"'',(102.,90.0045392514855,4.00000000000001)"
32714,CARTESIAN_POINT,"'',(102.,90.0045392514855,-38.)"
32715,CARTESIAN_POINT,"'',(64.,-51.,-48.5)"
32716,CARTESIAN_POINT,"'',(55.5,-51.,-48.5)"
32717,CARTESIAN_POINT,"'',(64.,-51.,-48.5)"
32718,CARTESIAN_POINT,"'',(59.,-51.,-48.5)"
32719,CARTESIAN_POINT,"'',(64.,-51.,-48.5)"
32720,CARTESIAN_POINT,"'',(64.,-51.,-46.)"
32721,CARTESIAN_POINT,"'',(64.,-51.,-46.)"
32722,CARTESIAN_POINT,"'',(64.,21.,-48.5)"
32723,CARTESIAN_POINT,"'',(55.5,21.,-48.5)"
32724,CARTESIAN_POINT,"'',(64.,21.,-48.5)"
32725,CARTESIAN_POINT,"'',(59.,21.,-48.5)"
32726,CARTESIAN_POINT,"'',(64.,21.,-48.5)"
32727,CARTESIAN_POINT,"'',(64.,21.,-46.)"
32728,CARTESIAN_POINT,"'',(64.,21.,-46.)"
32729,CARTESIAN_POINT,"'',(-14.,41.,-74.)"
32730,CARTESIAN_POINT,"'',(-14.,41.,-90.0733934578619)"
32731,CARTESIAN_POINT,"'',(-14.,41.,-74.)"
32732,CARTESIAN_POINT,"'',(-14.,41.,-90.0733934578619)"
32733,CARTESIAN_POINT,"'',(-14.,40.9619491387095,-90.0486319934987)"
32734,CARTESIAN_POINT,"'',(-14.,40.9237109074114,-90.0241555826892)"
32735,CARTESIAN_POINT,"'',(-14.,40.8852725673418,-90.)"
32736,CARTESIAN_POINT,"'',(-14.,40.8852725673418,-90.)"
32737,CARTESIAN_POINT,"'',(-14.,40.8852725673418,-57.)"
32738,CARTESIAN_POINT,"'',(-14.,40.8852725673418,-74.)"
32739,CARTESIAN_POINT,"'',(-14.,0.,-74.)"
32740,CARTESIAN_POINT,"'',(-14.,0.,-74.)"
32741,CARTESIAN_POINT,"'',(-14.0975445325002,41.,-57.)"
32742,CARTESIAN_POINT,"'',(-14.0975445325002,41.,-90.)"
32743,CARTESIAN_POINT,"'',(-14.0975445325002,41.,-74.)"
32744,CARTESIAN_POINT,"'',(-14.0975445325002,41.,-90.)"
32745,CARTESIAN_POINT,"'',(-14.0649194594542,41.,-90.0243172937006)"
32746,CARTESIAN_POINT,"'',(-14.0324073315862,41.,-90.0487867306589)"
32747,CARTESIAN_POINT,"'',(-14.,41.,-90.0733934578619)"
32748,CARTESIAN_POINT,"'',(0.,41.,-74.)"
32749,CARTESIAN_POINT,"'',(0.,41.,-74.)"
32750,CARTESIAN_POINT,"'',(-16.33361251,39.,-74.)"
32751,CARTESIAN_POINT,"'',(0.,0.,-74.)"
32752,CARTESIAN_POINT,"'',(-60.3336125074858,17.,-57.)"
32753,CARTESIAN_POINT,"'',(-60.3336125074858,17.,-90.)"
32754,CARTESIAN_POINT,"'',(-60.3336125074858,33.0000000000001,-90.)"
32755,CARTESIAN_POINT,"'',(-60.3336125074858,33.0000000000001,-90.)"
32756,CARTESIAN_POINT,"'',(-60.3336125074858,33.0000000000001,-57.)"
32757,CARTESIAN_POINT,"'',(-60.3336125074858,14.,-57.)"
32758,CARTESIAN_POINT,"'',(-57.3336125074858,36.0000000000001,-57.)"
32759,CARTESIAN_POINT,"'',(-57.3336125074858,36.0000000000001,-90.)"
32760,CARTESIAN_POINT,"'',(-45.33361251,36.0000000000001,-90.)"
32761,CARTESIAN_POINT,"'',(-45.33361251,36.0000000000001,-90.)"
32762,CARTESIAN_POINT,"'',(-45.33361251,36.0000000000001,-91.)"
32763,CARTESIAN_POINT,"'',(-60.3336125074858,36.0000000000001,-57.)"
32764,CARTESIAN_POINT,"'',(-39.33361251,42.,-57.)"
32765,CARTESIAN_POINT,"'',(-39.33361251,42.,-90.)"
32766,CARTESIAN_POINT,"'',(-16.33361251,42.,-90.)"
32767,CARTESIAN_POINT,"'',(-16.33361251,42.,-90.)"
32768,CARTESIAN_POINT,"'',(-16.33361251,42.,-57.)"
32769,CARTESIAN_POINT,"'',(-42.33361251,42.,-57.)"
32770,CARTESIAN_POINT,"'',(-13.33361251,39.,-57.)"
32771,CARTESIAN_POINT,"'',(-13.33361251,39.,-90.)"
32772,CARTESIAN_POINT,"'',(-13.3336125100001,8.00000000000003,-90.)"
32773,CARTESIAN_POINT,"'',(-13.3336125100001,8.00000000000003,-90.)"
32774,CARTESIAN_POINT,"'',(-13.3336125100001,8.00000000000003,-57.)"
32775,CARTESIAN_POINT,"'',(-13.33361251,42.,-57.)"
32776,CARTESIAN_POINT,"'',(-16.3336125100001,5.00000000000003,-57.)"
32777,CARTESIAN_POINT,"'',(-16.3336125100001,5.00000000000003,-90.)"
32778,CARTESIAN_POINT,"'',(-27.0941779994163,5.00000000000006,-90.)"
32779,CARTESIAN_POINT,"'',(-27.0941779994163,5.00000000000006,-90.)"
32780,CARTESIAN_POINT,"'',(-27.0941779994163,5.00000000000006,-91.)"
32781,CARTESIAN_POINT,"'',(-13.3336125100001,5.00000000000003,-57.)"
32782,CARTESIAN_POINT,"'',(-30.0941779994163,2.00000000000006,-57.)"
32783,CARTESIAN_POINT,"'',(-30.0941779994163,2.00000000000006,-90.)"
32784,CARTESIAN_POINT,"'',(-30.0941779994163,-4.50000000000001,-90.)"
32785,CARTESIAN_POINT,"'',(-30.0941779994163,-4.50000000000001,-90.)"
32786,CARTESIAN_POINT,"'',(-30.0941779994163,-4.50000000000001,-57.)"
32787,CARTESIAN_POINT,"'',(-30.0941779994163,5.00000000000006,-57.)"
32788,CARTESIAN_POINT,"'',(-33.0941779994163,-7.50000000000001,-57.)"
32789,CARTESIAN_POINT,"'',(-33.0941779994163,-7.50000000000001,-90.)"
32790,CARTESIAN_POINT,"'',(-51.0941779994163,-7.49999999999997,-90.)"
32791,CARTESIAN_POINT,"'',(-51.0941779994163,-7.49999999999997,-90.)"
32792,CARTESIAN_POINT,"'',(-51.0941779994163,-7.49999999999997,-57.)"
32793,CARTESIAN_POINT,"'',(-30.0941779994163,-7.50000000000001,-57.)"
32794,CARTESIAN_POINT,"'',(-54.0941779994163,-4.49999999999997,-57.)"
32795,CARTESIAN_POINT,"'',(-54.0941779994163,-4.49999999999997,-90.)"
32796,CARTESIAN_POINT,"'',(-54.0941779994163,11.,-90.)"
32797,CARTESIAN_POINT,"'',(-54.0941779994163,11.,-90.)"
32798,CARTESIAN_POINT,"'',(-54.0941779994163,11.,-91.)"
32799,CARTESIAN_POINT,"'',(-54.0941779994163,-7.49999999999997,-57.)"
32800,CARTESIAN_POINT,"'',(-57.0941779994163,14.,-57.)"
32801,CARTESIAN_POINT,"'',(-57.0941779994163,14.,-90.)"
32802,CARTESIAN_POINT,"'',(-57.3336125074858,14.,-90.)"
32803,CARTESIAN_POINT,"'',(-57.3336125074858,14.,-90.)"
32804,CARTESIAN_POINT,"'',(-57.3336125074858,14.,-57.)"
32805,CARTESIAN_POINT,"'',(-54.0941779994163,14.,-57.)"
32806,CARTESIAN_POINT,"'',(-45.33361251,39.0000000000001,-90.)"
32807,CARTESIAN_POINT,"'',(-42.33361251,39.0000000000001,-90.)"
32808,CARTESIAN_POINT,"'',(-42.33361251,39.0000000000001,-57.)"
32809,CARTESIAN_POINT,"'',(-45.33361251,39.0000000000001,-57.)"
32810,CARTESIAN_POINT,"'',(-39.33361251,39.,-90.)"
32811,CARTESIAN_POINT,"'',(-39.33361251,39.,-57.)"
32812,CARTESIAN_POINT,"'',(-57.3336125074858,33.0000000000001,-90.)"
32813,CARTESIAN_POINT,"'',(-57.3336125074858,33.0000000000001,-57.)"
32814,CARTESIAN_POINT,"'',(-57.0941779994163,11.,-90.)"
32815,CARTESIAN_POINT,"'',(-57.0941779994163,11.,-57.)"
32816,CARTESIAN_POINT,"'',(-57.3336125074858,17.,-90.)"
32817,CARTESIAN_POINT,"'',(-57.3336125074858,17.,-57.)"
32818,CARTESIAN_POINT,"'',(-51.0941779994163,-4.49999999999997,-90.)"
32819,CARTESIAN_POINT,"'',(-51.0941779994163,-4.49999999999997,-57.)"
32820,CARTESIAN_POINT,"'',(-27.0941779994163,2.00000000000005,-90.)"
32821,CARTESIAN_POINT,"'',(-27.0941779994163,2.00000000000005,-57.)"
32822,CARTESIAN_POINT,"'',(-33.0941779994163,-4.50000000000001,-90.)"
32823,CARTESIAN_POINT,"'',(-33.0941779994163,-4.50000000000001,-57.)"
32824,CARTESIAN_POINT,"'',(-16.33361251,39.,-90.)"
32825,CARTESIAN_POINT,"'',(-16.33361251,39.,-90.)"
32826,CARTESIAN_POINT,"'',(-16.33361251,39.,-57.)"
32827,CARTESIAN_POINT,"'',(-16.3336125100001,8.00000000000004,-90.)"
32828,CARTESIAN_POINT,"'',(-16.3336125100001,8.00000000000004,-57.)"
32829,CARTESIAN_POINT,"'',(60.3336125074858,-17.,-57.)"
32830,CARTESIAN_POINT,"'',(60.3336125074858,-17.,-90.)"
32831,CARTESIAN_POINT,"'',(60.3336125074858,-33.0000000000001,-90.)"
32832,CARTESIAN_POINT,"'',(60.3336125074858,-33.0000000000001,-90.)"
32833,CARTESIAN_POINT,"'',(60.3336125074858,-33.0000000000001,-57.)"
32834,CARTESIAN_POINT,"'',(60.3336125074858,-14.,-57.)"
32835,CARTESIAN_POINT,"'',(57.3336125074858,-36.0000000000001,-57.)"
32836,CARTESIAN_POINT,"'',(57.3336125074858,-36.0000000000001,-90.)"
32837,CARTESIAN_POINT,"'',(45.33361251,-36.0000000000001,-90.)"
32838,CARTESIAN_POINT,"'',(45.33361251,-36.0000000000001,-90.)"
32839,CARTESIAN_POINT,"'',(45.33361251,-36.0000000000001,-91.)"
32840,CARTESIAN_POINT,"'',(60.3336125074858,-36.0000000000001,-57.)"
32841,CARTESIAN_POINT,"'',(39.33361251,-42.,-57.)"
32842,CARTESIAN_POINT,"'',(39.33361251,-42.,-90.)"
32843,CARTESIAN_POINT,"'',(16.33361251,-42.,-90.)"
32844,CARTESIAN_POINT,"'',(16.33361251,-42.,-90.)"
32845,CARTESIAN_POINT,"'',(16.33361251,-42.,-57.)"
32846,CARTESIAN_POINT,"'',(42.33361251,-42.,-57.)"
32847,CARTESIAN_POINT,"'',(13.33361251,-39.,-57.)"
32848,CARTESIAN_POINT,"'',(13.33361251,-39.,-90.)"
32849,CARTESIAN_POINT,"'',(13.3336125100001,-8.00000000000003,-90.)"
32850,CARTESIAN_POINT,"'',(13.3336125100001,-8.00000000000003,-90.)"
32851,CARTESIAN_POINT,"'',(13.3336125100001,-8.00000000000003,-57.)"
32852,CARTESIAN_POINT,"'',(13.33361251,-42.,-57.)"
32853,CARTESIAN_POINT,"'',(16.3336125100001,-5.00000000000003,-57.)"
32854,CARTESIAN_POINT,"'',(16.3336125100001,-5.00000000000003,-90.)"
32855,CARTESIAN_POINT,"'',(27.0941779994163,-5.00000000000006,-90.)"
32856,CARTESIAN_POINT,"'',(27.0941779994163,-5.00000000000006,-90.)"
32857,CARTESIAN_POINT,"'',(27.0941779994163,-5.00000000000006,-91.)"
32858,CARTESIAN_POINT,"'',(13.3336125100001,-5.00000000000003,-57.)"
32859,CARTESIAN_POINT,"'',(30.0941779994163,-2.00000000000006,-57.)"
32860,CARTESIAN_POINT,"'',(30.0941779994163,-2.00000000000006,-90.)"
32861,CARTESIAN_POINT,"'',(30.0941779994163,4.50000000000001,-90.)"
32862,CARTESIAN_POINT,"'',(30.0941779994163,4.50000000000001,-90.)"
32863,CARTESIAN_POINT,"'',(30.0941779994163,4.50000000000001,-57.)"
32864,CARTESIAN_POINT,"'',(30.0941779994163,-5.00000000000006,-57.)"
32865,CARTESIAN_POINT,"'',(33.0941779994163,7.50000000000001,-57.)"
32866,CARTESIAN_POINT,"'',(33.0941779994163,7.50000000000001,-90.)"
32867,CARTESIAN_POINT,"'',(51.0941779994163,7.49999999999997,-90.)"
32868,CARTESIAN_POINT,"'',(51.0941779994163,7.49999999999997,-90.)"
32869,CARTESIAN_POINT,"'',(51.0941779994163,7.49999999999997,-57.)"
32870,CARTESIAN_POINT,"'',(30.0941779994163,7.50000000000001,-57.)"
32871,CARTESIAN_POINT,"'',(54.0941779994163,4.49999999999997,-57.)"
32872,CARTESIAN_POINT,"'',(54.0941779994163,4.49999999999997,-90.)"
32873,CARTESIAN_POINT,"'',(54.0941779994163,-11.,-90.)"
32874,CARTESIAN_POINT,"'',(54.0941779994163,-11.,-90.)"
32875,CARTESIAN_POINT,"'',(54.0941779994163,-11.,-91.)"
32876,CARTESIAN_POINT,"'',(54.0941779994163,7.49999999999997,-57.)"
32877,CARTESIAN_POINT,"'',(57.0941779994163,-14.,-57.)"
32878,CARTESIAN_POINT,"'',(57.0941779994163,-14.,-90.)"
32879,CARTESIAN_POINT,"'',(57.3336125074858,-14.,-90.)"
32880,CARTESIAN_POINT,"'',(57.3336125074858,-14.,-90.)"
32881,CARTESIAN_POINT,"'',(57.3336125074858,-14.,-57.)"
32882,CARTESIAN_POINT,"'',(54.0941779994163,-14.,-57.)"
32883,CARTESIAN_POINT,"'',(45.33361251,-39.0000000000001,-90.)"
32884,CARTESIAN_POINT,"'',(42.33361251,-39.0000000000001,-90.)"
32885,CARTESIAN_POINT,"'',(42.33361251,-39.0000000000001,-57.)"
32886,CARTESIAN_POINT,"'',(45.33361251,-39.0000000000001,-57.)"
32887,CARTESIAN_POINT,"'',(39.33361251,-39.,-90.)"
32888,CARTESIAN_POINT,"'',(39.33361251,-39.,-57.)"
32889,CARTESIAN_POINT,"'',(57.3336125074858,-33.0000000000001,-90.)"
32890,CARTESIAN_POINT,"'',(57.3336125074858,-33.0000000000001,-57.)"
32891,CARTESIAN_POINT,"'',(57.0941779994163,-11.,-90.)"
32892,CARTESIAN_POINT,"'',(57.0941779994163,-11.,-57.)"
32893,CARTESIAN_POINT,"'',(57.3336125074858,-17.,-90.)"
32894,CARTESIAN_POINT,"'',(57.3336125074858,-17.,-57.)"
32895,CARTESIAN_POINT,"'',(51.0941779994163,4.49999999999997,-90.)"
32896,CARTESIAN_POINT,"'',(51.0941779994163,4.49999999999997,-57.)"
32897,CARTESIAN_POINT,"'',(27.0941779994163,-2.00000000000005,-90.)"
32898,CARTESIAN_POINT,"'',(27.0941779994163,-2.00000000000005,-57.)"
32899,CARTESIAN_POINT,"'',(33.0941779994163,4.50000000000001,-90.)"
32900,CARTESIAN_POINT,"'',(33.0941779994163,4.50000000000001,-57.)"
32901,CARTESIAN_POINT,"'',(16.33361251,-39.,-90.)"
32902,CARTESIAN_POINT,"'',(16.33361251,-39.,-57.)"
32903,CARTESIAN_POINT,"'',(16.3336125100001,-8.00000000000004,-90.)"
32904,CARTESIAN_POINT,"'',(16.3336125100001,-8.00000000000004,-57.)"
32905,CARTESIAN_POINT,"'',(60.3336125074858,47.,-57.)"
32906,CARTESIAN_POINT,"'',(60.3336125074858,47.,-90.)"
32907,CARTESIAN_POINT,"'',(60.3336125074858,30.9999999999999,-90.)"
32908,CARTESIAN_POINT,"'',(60.3336125074858,30.9999999999999,-90.)"
32909,CARTESIAN_POINT,"'',(60.3336125074858,30.9999999999999,-57.)"
32910,CARTESIAN_POINT,"'',(60.3336125074858,50.,-57.)"
32911,CARTESIAN_POINT,"'',(57.3336125074858,27.9999999999999,-57.)"
32912,CARTESIAN_POINT,"'',(57.3336125074858,27.9999999999999,-90.)"
32913,CARTESIAN_POINT,"'',(45.33361251,27.9999999999999,-90.)"
32914,CARTESIAN_POINT,"'',(45.33361251,27.9999999999999,-90.)"
32915,CARTESIAN_POINT,"'',(45.33361251,27.9999999999999,-91.)"
32916,CARTESIAN_POINT,"'',(60.3336125074858,27.9999999999999,-57.)"
32917,CARTESIAN_POINT,"'',(39.33361251,22.,-57.)"
32918,CARTESIAN_POINT,"'',(39.33361251,22.,-90.)"
32919,CARTESIAN_POINT,"'',(16.33361251,22.,-90.)"
32920,CARTESIAN_POINT,"'',(16.33361251,22.,-90.)"
32921,CARTESIAN_POINT,"'',(16.33361251,22.,-57.)"
32922,CARTESIAN_POINT,"'',(42.33361251,22.,-57.)"
32923,CARTESIAN_POINT,"'',(13.33361251,25.,-57.)"
32924,CARTESIAN_POINT,"'',(13.33361251,25.,-90.)"
32925,CARTESIAN_POINT,"'',(13.3336125100001,56.,-90.)"
32926,CARTESIAN_POINT,"'',(13.3336125100001,56.,-90.)"
32927,CARTESIAN_POINT,"'',(13.3336125100001,56.,-57.)"
32928,CARTESIAN_POINT,"'',(13.33361251,22.,-57.)"
32929,CARTESIAN_POINT,"'',(16.3336125100001,59.,-57.)"
32930,CARTESIAN_POINT,"'',(16.3336125100001,59.,-90.)"
32931,CARTESIAN_POINT,"'',(27.0941779994163,59.,-90.)"
32932,CARTESIAN_POINT,"'',(27.0941779994163,59.,-90.)"
32933,CARTESIAN_POINT,"'',(27.0941779994163,59.,-91.)"
32934,CARTESIAN_POINT,"'',(13.3336125100001,59.,-57.)"
32935,CARTESIAN_POINT,"'',(30.0941779994163,61.9999999999999,-57.)"
32936,CARTESIAN_POINT,"'',(30.0941779994163,61.9999999999999,-90.)"
32937,CARTESIAN_POINT,"'',(30.0941779994163,68.5,-90.)"
32938,CARTESIAN_POINT,"'',(30.0941779994163,68.5,-90.)"
32939,CARTESIAN_POINT,"'',(30.0941779994163,68.5,-57.)"
32940,CARTESIAN_POINT,"'',(30.0941779994163,58.9999999999999,-57.)"
32941,CARTESIAN_POINT,"'',(33.0941779994163,71.5,-57.)"
32942,CARTESIAN_POINT,"'',(33.0941779994163,71.5,-90.)"
32943,CARTESIAN_POINT,"'',(51.0941779994163,71.5,-90.)"
32944,CARTESIAN_POINT,"'',(51.0941779994163,71.5,-90.)"
32945,CARTESIAN_POINT,"'',(51.0941779994163,71.5,-57.)"
32946,CARTESIAN_POINT,"'',(30.0941779994163,71.5,-57.)"
32947,CARTESIAN_POINT,"'',(54.0941779994163,68.5,-57.)"
32948,CARTESIAN_POINT,"'',(54.0941779994163,68.5,-90.)"
32949,CARTESIAN_POINT,"'',(54.0941779994163,53.,-90.)"
32950,CARTESIAN_POINT,"'',(54.0941779994163,53.,-90.)"
32951,CARTESIAN_POINT,"'',(54.0941779994163,53.,-91.)"
32952,CARTESIAN_POINT,"'',(54.0941779994163,71.5,-57.)"
32953,CARTESIAN_POINT,"'',(57.0941779994163,50.,-57.)"
32954,CARTESIAN_POINT,"'',(57.0941779994163,50.,-90.)"
32955,CARTESIAN_POINT,"'',(57.3336125074858,50.,-90.)"
32956,CARTESIAN_POINT,"'',(57.3336125074858,50.,-90.)"
32957,CARTESIAN_POINT,"'',(57.3336125074858,50.,-57.)"
32958,CARTESIAN_POINT,"'',(54.0941779994163,50.,-57.)"
32959,CARTESIAN_POINT,"'',(45.33361251,24.9999999999999,-90.)"
32960,CARTESIAN_POINT,"'',(42.33361251,24.9999999999999,-90.)"
32961,CARTESIAN_POINT,"'',(42.33361251,24.9999999999999,-57.)"
32962,CARTESIAN_POINT,"'',(45.33361251,24.9999999999999,-57.)"
32963,CARTESIAN_POINT,"'',(39.33361251,25.,-90.)"
32964,CARTESIAN_POINT,"'',(39.33361251,25.,-57.)"
32965,CARTESIAN_POINT,"'',(57.3336125074858,30.9999999999999,-90.)"
32966,CARTESIAN_POINT,"'',(57.3336125074858,30.9999999999999,-57.)"
32967,CARTESIAN_POINT,"'',(57.0941779994163,53.,-90.)"
32968,CARTESIAN_POINT,"'',(57.0941779994163,53.,-57.)"
32969,CARTESIAN_POINT,"'',(57.3336125074858,47.,-90.)"
32970,CARTESIAN_POINT,"'',(57.3336125074858,47.,-57.)"
32971,CARTESIAN_POINT,"'',(51.0941779994163,68.5,-90.)"
32972,CARTESIAN_POINT,"'',(51.0941779994163,68.5,-57.)"
32973,CARTESIAN_POINT,"'',(27.0941779994163,61.9999999999999,-90.)"
32974,CARTESIAN_POINT,"'',(27.0941779994163,61.9999999999999,-57.)"
32975,CARTESIAN_POINT,"'',(33.0941779994163,68.5,-90.)"
32976,CARTESIAN_POINT,"'',(33.0941779994163,68.5,-57.)"
32977,CARTESIAN_POINT,"'',(16.33361251,25.,-90.)"
32978,CARTESIAN_POINT,"'',(16.33361251,25.,-57.)"
32979,CARTESIAN_POINT,"'',(16.3336125100001,56.,-90.)"
32980,CARTESIAN_POINT,"'',(16.3336125100001,56.,-57.)"
32981,CARTESIAN_POINT,"'',(-60.3336125074858,-47.,-57.)"
32982,CARTESIAN_POINT,"'',(-60.3336125074858,-47.,-90.)"
32983,CARTESIAN_POINT,"'',(-60.3336125074858,-30.9999999999999,-90.)"
32984,CARTESIAN_POINT,"'',(-60.3336125074858,-30.9999999999999,-90.)"
32985,CARTESIAN_POINT,"'',(-60.3336125074858,-30.9999999999999,-57.)"
32986,CARTESIAN_POINT,"'',(-60.3336125074858,-50.,-57.)"
32987,CARTESIAN_POINT,"'',(-57.3336125074858,-27.9999999999999,-57.)"
32988,CARTESIAN_POINT,"'',(-57.3336125074858,-27.9999999999999,-90.)"
32989,CARTESIAN_POINT,"'',(-45.33361251,-27.9999999999999,-90.)"
32990,CARTESIAN_POINT,"'',(-45.33361251,-27.9999999999999,-90.)"
32991,CARTESIAN_POINT,"'',(-45.33361251,-27.9999999999999,-91.)"
32992,CARTESIAN_POINT,"'',(-60.3336125074858,-27.9999999999999,-57.)"
32993,CARTESIAN_POINT,"'',(-39.33361251,-22.,-57.)"
32994,CARTESIAN_POINT,"'',(-39.33361251,-22.,-90.)"
32995,CARTESIAN_POINT,"'',(-16.33361251,-22.,-90.)"
32996,CARTESIAN_POINT,"'',(-16.33361251,-22.,-90.)"
32997,CARTESIAN_POINT,"'',(-16.33361251,-22.,-57.)"
32998,CARTESIAN_POINT,"'',(-42.33361251,-22.,-57.)"
32999,CARTESIAN_POINT,"'',(-13.33361251,-25.,-57.)"
33000,CARTESIAN_POINT,"'',(-13.33361251,-25.,-90.)"
33001,CARTESIAN_POINT,"'',(-13.3336125100001,-56.,-90.)"
33002,CARTESIAN_POINT,"'',(-13.3336125100001,-56.,-90.)"
33003,CARTESIAN_POINT,"'',(-13.3336125100001,-56.,-57.)"
33004,CARTESIAN_POINT,"'',(-13.33361251,-22.,-57.)"
33005,CARTESIAN_POINT,"'',(-16.3336125100001,-59.,-57.)"
33006,CARTESIAN_POINT,"'',(-16.3336125100001,-59.,-90.)"
33007,CARTESIAN_POINT,"'',(-27.0941779994163,-59.,-90.)"
33008,CARTESIAN_POINT,"'',(-27.0941779994163,-59.,-90.)"
33009,CARTESIAN_POINT,"'',(-27.0941779994163,-59.,-91.)"
33010,CARTESIAN_POINT,"'',(-13.3336125100001,-59.,-57.)"
33011,CARTESIAN_POINT,"'',(-30.0941779994163,-61.9999999999999,-57.)"
33012,CARTESIAN_POINT,"'',(-30.0941779994163,-61.9999999999999,-90.)"
33013,CARTESIAN_POINT,"'',(-30.0941779994163,-68.5,-90.)"
33014,CARTESIAN_POINT,"'',(-30.0941779994163,-68.5,-90.)"
33015,CARTESIAN_POINT,"'',(-30.0941779994163,-68.5,-57.)"
33016,CARTESIAN_POINT,"'',(-30.0941779994163,-58.9999999999999,-57.)"
33017,CARTESIAN_POINT,"'',(-33.0941779994163,-71.5,-57.)"
33018,CARTESIAN_POINT,"'',(-33.0941779994163,-71.5,-90.)"
33019,CARTESIAN_POINT,"'',(-51.0941779994163,-71.5,-90.)"
33020,CARTESIAN_POINT,"'',(-51.0941779994163,-71.5,-90.)"
33021,CARTESIAN_POINT,"'',(-51.0941779994163,-71.5,-57.)"
33022,CARTESIAN_POINT,"'',(-30.0941779994163,-71.5,-57.)"
33023,CARTESIAN_POINT,"'',(-54.0941779994163,-68.5,-57.)"
33024,CARTESIAN_POINT,"'',(-54.0941779994163,-68.5,-90.)"
33025,CARTESIAN_POINT,"'',(-54.0941779994163,-53.,-90.)"
33026,CARTESIAN_POINT,"'',(-54.0941779994163,-53.,-90.)"
33027,CARTESIAN_POINT,"'',(-54.0941779994163,-53.,-91.)"
33028,CARTESIAN_POINT,"'',(-54.0941779994163,-71.5,-57.)"
33029,CARTESIAN_POINT,"'',(-57.0941779994163,-50.,-57.)"
33030,CARTESIAN_POINT,"'',(-57.0941779994163,-50.,-90.)"
33031,CARTESIAN_POINT,"'',(-57.3336125074858,-50.,-90.)"
33032,CARTESIAN_POINT,"'',(-57.3336125074858,-50.,-90.)"
33033,CARTESIAN_POINT,"'',(-57.3336125074858,-50.,-57.)"
33034,CARTESIAN_POINT,"'',(-54.0941779994163,-50.,-57.)"
33035,CARTESIAN_POINT,"'',(-45.33361251,-24.9999999999999,-90.)"
33036,CARTESIAN_POINT,"'',(-42.33361251,-24.9999999999999,-90.)"
33037,CARTESIAN_POINT,"'',(-42.33361251,-24.9999999999999,-57.)"
33038,CARTESIAN_POINT,"'',(-45.33361251,-24.9999999999999,-57.)"
33039,CARTESIAN_POINT,"'',(-39.33361251,-25.,-90.)"
33040,CARTESIAN_POINT,"'',(-39.33361251,-25.,-57.)"
33041,CARTESIAN_POINT,"'',(-57.3336125074858,-30.9999999999999,-90.)"
33042,CARTESIAN_POINT,"'',(-57.3336125074858,-30.9999999999999,-57.)"
33043,CARTESIAN_POINT,"'',(-57.0941779994163,-53.,-90.)"
33044,CARTESIAN_POINT,"'',(-57.0941779994163,-53.,-57.)"
33045,CARTESIAN_POINT,"'',(-57.3336125074858,-47.,-90.)"
33046,CARTESIAN_POINT,"'',(-57.3336125074858,-47.,-57.)"
33047,CARTESIAN_POINT,"'',(-51.0941779994163,-68.5,-90.)"
33048,CARTESIAN_POINT,"'',(-51.0941779994163,-68.5,-57.)"
33049,CARTESIAN_POINT,"'',(-27.0941779994163,-61.9999999999999,-90.)"
33050,CARTESIAN_POINT,"'',(-27.0941779994163,-61.9999999999999,-57.)"
33051,CARTESIAN_POINT,"'',(-33.0941779994163,-68.5,-90.)"
33052,CARTESIAN_POINT,"'',(-33.0941779994163,-68.5,-57.)"
33053,CARTESIAN_POINT,"'',(-16.33361251,-25.,-90.)"
33054,CARTESIAN_POINT,"'',(-16.33361251,-25.,-57.)"
33055,CARTESIAN_POINT,"'',(-16.3336125100001,-56.,-90.)"
33056,CARTESIAN_POINT,"'',(-16.3336125100001,-56.,-57.)"
33057,CARTESIAN_POINT,"'',(-75.,-114.,-2.)"
33058,CARTESIAN_POINT,"'',(-80.8136433551566,-105.863566448434,-2.)"
33059,CARTESIAN_POINT,"'',(-66.8635664484343,-119.813643355157,-1.99999999999998)"
33060,CARTESIAN_POINT,"'',(-66.8635664484343,-119.813643355157,69.)"
33061,CARTESIAN_POINT,"'',(-80.8136433551565,-105.863566448434,69.)"
33062,CARTESIAN_POINT,"'',(-75.,-114.,69.)"
33063,CARTESIAN_POINT,"'',(-37.0000000000001,-27.9999999999999,-47.)"
33064,CARTESIAN_POINT,"'',(-35.2500000000001,-27.9999999999999,-47.)"
33065,CARTESIAN_POINT,"'',(-37.0000000000001,-27.9999999999999,-56.)"
33066,CARTESIAN_POINT,"'',(-38.7500000000001,-27.9999999999999,-56.)"
33067,CARTESIAN_POINT,"'',(-37.0000000000001,-27.9999999999999,30.)"
33068,CARTESIAN_POINT,"'',(37.,28.,-47.)"
33069,CARTESIAN_POINT,"'',(38.75,28.,-47.)"
33070,CARTESIAN_POINT,"'',(37.,28.,-56.)"
33071,CARTESIAN_POINT,"'',(35.25,28.,-56.)"
33072,CARTESIAN_POINT,"'',(37.,28.,30.)"
33073,CARTESIAN_POINT,"'',(42.4999999999999,49.8000000000001,-47.)"
33074,CARTESIAN_POINT,"'',(44.2499999999999,49.8000000000001,-47.)"
33075,CARTESIAN_POINT,"'',(42.4999999999999,49.8000000000001,-56.)"
33076,CARTESIAN_POINT,"'',(40.7499999999999,49.8000000000001,-56.)"
33077,CARTESIAN_POINT,"'',(42.4999999999999,49.8000000000001,30.)"
33078,CARTESIAN_POINT,"'',(37.,-36.,-47.)"
33079,CARTESIAN_POINT,"'',(38.75,-36.,-47.)"
33080,CARTESIAN_POINT,"'',(37.,-36.,-56.)"
33081,CARTESIAN_POINT,"'',(35.25,-36.,-56.)"
33082,CARTESIAN_POINT,"'',(37.,-36.,30.)"
33083,CARTESIAN_POINT,"'',(42.5,-14.1999999999999,-47.)"
33084,CARTESIAN_POINT,"'',(44.25,-14.1999999999999,-47.)"
33085,CARTESIAN_POINT,"'',(42.5,-14.1999999999999,-56.)"
33086,CARTESIAN_POINT,"'',(40.75,-14.1999999999999,-56.)"
33087,CARTESIAN_POINT,"'',(42.5,-14.1999999999999,30.)"
33088,CARTESIAN_POINT,"'',(-42.5,14.2,-56.)"
33089,CARTESIAN_POINT,"'',(-44.25,14.2,-56.)"
33090,CARTESIAN_POINT,"'',(-42.5,14.2,30.)"
33091,CARTESIAN_POINT,"'',(-36.9999999999999,36.0000000000001,-56.)"
33092,CARTESIAN_POINT,"'',(-38.7499999999999,36.0000000000001,-56.)"
33093,CARTESIAN_POINT,"'',(-36.9999999999999,36.0000000000001,30.)"
33094,CARTESIAN_POINT,"'',(0.,0.,30.)"
33095,CARTESIAN_POINT,"'',(-42.5,-49.8,-47.)"
33096,CARTESIAN_POINT,"'',(-40.75,-49.8,-47.)"
33097,CARTESIAN_POINT,"'',(-42.5,-49.8,-56.)"
33098,CARTESIAN_POINT,"'',(-44.25,-49.8,-56.)"
33099,CARTESIAN_POINT,"'',(-42.5,-49.8,30.)"
33100,CARTESIAN_POINT,"'',(-26.2257421899752,-42.8786390471865,-56.)"
33101,CARTESIAN_POINT,"'',(-36.7257421899752,-42.8786390471865,-56.)"
33102,CARTESIAN_POINT,"'',(-26.2257421899752,-42.8786390471865,-47.)"
33103,CARTESIAN_POINT,"'',(-15.7257421899752,-42.8786390471865,-47.)"
33104,CARTESIAN_POINT,"'',(-26.2257421899752,-42.8786390471865,-172.)"
33105,CARTESIAN_POINT,"'',(-48.3336120800338,-35.8349002799239,-47.)"
33106,CARTESIAN_POINT,"'',(-42.8336120800338,-35.8349002799239,-47.)"
33107,CARTESIAN_POINT,"'',(-48.3336120800338,-35.8349002799239,-56.)"
33108,CARTESIAN_POINT,"'',(-53.8336120800338,-35.8349002799239,-56.)"
33109,CARTESIAN_POINT,"'',(-48.3336120800338,-35.8349002799239,-172.)"
33110,CARTESIAN_POINT,"'',(-42.0941780022293,-64.0295935239498,-47.)"
33111,CARTESIAN_POINT,"'',(-36.3441780022293,-64.0295935239498,-47.)"
33112,CARTESIAN_POINT,"'',(-42.0941780022293,-64.0295935239498,-56.)"
33113,CARTESIAN_POINT,"'',(-47.8441780022293,-64.0295935239498,-56.)"
33114,CARTESIAN_POINT,"'',(-42.0941780022293,-64.0295935239498,-172.)"
33115,CARTESIAN_POINT,"'',(48.3336120800338,35.8349002799239,-56.)"
33116,CARTESIAN_POINT,"'',(42.8336120800338,35.8349002799239,-56.)"
33117,CARTESIAN_POINT,"'',(48.3336120800338,35.8349002799239,-172.)"
33118,CARTESIAN_POINT,"'',(26.2257421899752,42.8786390471865,-47.)"
33119,CARTESIAN_POINT,"'',(36.7257421899752,42.8786390471865,-47.)"
33120,CARTESIAN_POINT,"'',(26.2257421899752,42.8786390471865,-56.)"
33121,CARTESIAN_POINT,"'',(15.7257421899752,42.8786390471865,-56.)"
33122,CARTESIAN_POINT,"'',(26.2257421899752,42.8786390471865,-172.)"
33123,CARTESIAN_POINT,"'',(42.0941780022293,64.0295935239498,-47.)"
33124,CARTESIAN_POINT,"'',(47.8441780022293,64.0295935239498,-47.)"
33125,CARTESIAN_POINT,"'',(42.0941780022293,64.0295935239498,-56.)"
33126,CARTESIAN_POINT,"'',(36.3441780022293,64.0295935239498,-56.)"
33127,CARTESIAN_POINT,"'',(42.0941780022293,64.0295935239498,-172.)"
33128,CARTESIAN_POINT,"'',(42.0941780022293,0.0295935239497599,-56.)"
33129,CARTESIAN_POINT,"'',(36.3441780022293,0.0295935239497599,-56.)"
33130,CARTESIAN_POINT,"'',(42.0941780022293,0.0295935239497599,-47.)"
33131,CARTESIAN_POINT,"'',(47.8441780022293,0.0295935239497599,-47.)"
33132,CARTESIAN_POINT,"'',(42.0941780022293,0.0295935239497599,-172.)"
33133,CARTESIAN_POINT,"'',(26.2257421899752,-21.1213609528135,-47.)"
33134,CARTESIAN_POINT,"'',(36.7257421899752,-21.1213609528135,-47.)"
33135,CARTESIAN_POINT,"'',(26.2257421899752,-21.1213609528135,-56.)"
33136,CARTESIAN_POINT,"'',(15.7257421899752,-21.1213609528135,-56.)"
33137,CARTESIAN_POINT,"'',(26.2257421899752,-21.1213609528135,-172.)"
33138,CARTESIAN_POINT,"'',(48.3336120800338,-28.1650997200761,-47.)"
33139,CARTESIAN_POINT,"'',(53.8336120800338,-28.1650997200761,-47.)"
33140,CARTESIAN_POINT,"'',(48.3336120800338,-28.1650997200761,-56.)"
33141,CARTESIAN_POINT,"'',(42.8336120800338,-28.1650997200761,-56.)"
33142,CARTESIAN_POINT,"'',(48.3336120800338,-28.1650997200761,-172.)"
33143,CARTESIAN_POINT,"'',(-48.3336120800338,28.1650997200761,-47.)"
33144,CARTESIAN_POINT,"'',(-42.8336120800338,28.1650997200761,-47.)"
33145,CARTESIAN_POINT,"'',(-48.3336120800338,28.1650997200761,-56.)"
33146,CARTESIAN_POINT,"'',(-53.8336120800338,28.1650997200761,-56.)"
33147,CARTESIAN_POINT,"'',(-48.3336120800338,28.1650997200761,-172.)"
33148,CARTESIAN_POINT,"'',(-42.0941780022293,-0.0295935239497599,-47.)"
33149,CARTESIAN_POINT,"'',(-36.3441780022293,-0.0295935239497599,-47.)"
33150,CARTESIAN_POINT,"'',(-42.0941780022293,-0.0295935239497599,-56.)"
33151,CARTESIAN_POINT,"'',(-47.8441780022293,-0.0295935239497599,-56.)"
33152,CARTESIAN_POINT,"'',(-42.0941780022293,-0.0295935239497599,-172.)"
33153,CARTESIAN_POINT,"'',(-26.2257421899752,21.1213609528135,-56.)"
33154,CARTESIAN_POINT,"'',(-36.7257421899752,21.1213609528135,-56.)"
33155,CARTESIAN_POINT,"'',(-26.2257421899752,21.1213609528135,-47.)"
33156,CARTESIAN_POINT,"'',(-15.7257421899752,21.1213609528135,-47.)"
33157,CARTESIAN_POINT,"'',(-26.2257421899752,21.1213609528135,-172.)"
33158,CARTESIAN_POINT,"'',(-37.0000000000001,-27.9999999999999,-46.)"
33159,CARTESIAN_POINT,"'',(-37.0000000000001,-27.9999999999999,-57.)"
33160,CARTESIAN_POINT,"'',(-26.2257421899752,21.1213609528135,-57.)"
33161,CARTESIAN_POINT,"'',(-26.2257421899752,21.1213609528135,-46.)"
33162,CARTESIAN_POINT,"'',(42.0941780022293,0.0295935239497599,-57.)"
33163,CARTESIAN_POINT,"'',(48.3336120800338,-28.1650997200761,-46.)"
33164,CARTESIAN_POINT,"'',(48.3336120800338,-28.1650997200761,-57.)"
33165,CARTESIAN_POINT,"'',(37.,-36.,-46.)"
33166,CARTESIAN_POINT,"'',(37.,-36.,-57.)"
33167,CARTESIAN_POINT,"'',(42.0941780022293,0.0295935239497599,-46.)"
33168,CARTESIAN_POINT,"'',(42.5,-14.1999999999999,-46.)"
33169,CARTESIAN_POINT,"'',(42.5,-14.1999999999999,-57.)"
33170,CARTESIAN_POINT,"'',(37.,28.,-46.)"
33171,CARTESIAN_POINT,"'',(37.,28.,-57.)"
33172,CARTESIAN_POINT,"'',(42.4999999999999,49.8000000000001,-46.)"
33173,CARTESIAN_POINT,"'',(42.4999999999999,49.8000000000001,-57.)"
33174,CARTESIAN_POINT,"'',(42.0941780022293,64.0295935239498,-46.)"
33175,CARTESIAN_POINT,"'',(42.0941780022293,64.0295935239498,-57.)"
33176,CARTESIAN_POINT,"'',(48.3336120800338,35.8349002799239,-57.)"
33177,CARTESIAN_POINT,"'',(26.2257421899752,42.8786390471865,-46.)"
33178,CARTESIAN_POINT,"'',(26.2257421899752,42.8786390471865,-57.)"
33179,CARTESIAN_POINT,"'',(26.2257421899752,-21.1213609528135,-46.)"
33180,CARTESIAN_POINT,"'',(26.2257421899752,-21.1213609528135,-57.)"
33181,CARTESIAN_POINT,"'',(-26.2257421899752,-42.8786390471865,-57.)"
33182,CARTESIAN_POINT,"'',(-26.2257421899752,-42.8786390471865,-46.)"
33183,CARTESIAN_POINT,"'',(-42.5,-49.8,-46.)"
33184,CARTESIAN_POINT,"'',(-42.5,-49.8,-57.)"
33185,CARTESIAN_POINT,"'',(-42.0941780022293,-64.0295935239498,-46.)"
33186,CARTESIAN_POINT,"'',(-42.0941780022293,-64.0295935239498,-57.)"
33187,CARTESIAN_POINT,"'',(-48.3336120800338,-35.8349002799239,-46.)"
33188,CARTESIAN_POINT,"'',(-48.3336120800338,-35.8349002799239,-57.)"
33189,CARTESIAN_POINT,"'',(-42.0941780022293,-0.0295935239497599,-46.)"
33190,CARTESIAN_POINT,"'',(-36.9999999999999,36.0000000000001,-57.)"
33191,CARTESIAN_POINT,"'',(-42.5,14.2,-57.)"
33192,CARTESIAN_POINT,"'',(-48.3336120800338,28.1650997200761,-46.)"
33193,CARTESIAN_POINT,"'',(-42.0941780022293,-0.0295935239497599,-57.)"
33194,CARTESIAN_POINT,"'',(-48.3336120800338,28.1650997200761,-57.)"
33195,CARTESIAN_POINT,"'',(57.3336125074858,50.,-90.)"
33196,CARTESIAN_POINT,"'',(57.0941779994163,51.,-91.)"
33197,CARTESIAN_POINT,"'',(54.0941779994163,50.,-90.)"
33198,CARTESIAN_POINT,"'',(55.0941779994163,53.,-91.)"
33199,CARTESIAN_POINT,"'',(57.0941779994163,53.,-90.)"
33200,CARTESIAN_POINT,"'',(60.3336125074858,47.,-90.)"
33201,CARTESIAN_POINT,"'',(57.3336125074858,47.,-90.)"
33202,CARTESIAN_POINT,"'',(55.0941779994163,68.5,-91.)"
33203,CARTESIAN_POINT,"'',(54.0941779994163,71.5,-90.)"
33204,CARTESIAN_POINT,"'',(60.3336125074858,30.9999999999999,-90.)"
33205,CARTESIAN_POINT,"'',(60.3336125074858,50.,-90.)"
33206,CARTESIAN_POINT,"'',(51.0941779994163,72.5,-91.)"
33207,CARTESIAN_POINT,"'',(51.0941779994163,68.5,-90.)"
33208,CARTESIAN_POINT,"'',(57.3336125074858,27.9999999999999,-90.)"
33209,CARTESIAN_POINT,"'',(57.3336125074858,30.9999999999999,-90.)"
33210,CARTESIAN_POINT,"'',(33.0941779994163,72.5,-91.)"
33211,CARTESIAN_POINT,"'',(30.0941779994163,71.5,-90.)"
33212,CARTESIAN_POINT,"'',(45.33361251,27.9999999999999,-90.)"
33213,CARTESIAN_POINT,"'',(60.3336125074858,27.9999999999999,-90.)"
33214,CARTESIAN_POINT,"'',(29.0941779994163,68.5,-91.)"
33215,CARTESIAN_POINT,"'',(33.0941779994163,68.5,-90.)"
33216,CARTESIAN_POINT,"'',(42.33361251,24.9999999999999,-90.)"
33217,CARTESIAN_POINT,"'',(45.33361251,24.9999999999999,-90.)"
33218,CARTESIAN_POINT,"'',(29.0941779994163,61.9999999999999,-91.)"
33219,CARTESIAN_POINT,"'',(30.0941779994163,58.9999999999999,-90.)"
33220,CARTESIAN_POINT,"'',(39.33361251,22.,-90.)"
33221,CARTESIAN_POINT,"'',(39.33361251,25.,-90.)"
33222,CARTESIAN_POINT,"'',(27.0941779994163,59.9999999999999,-91.)"
33223,CARTESIAN_POINT,"'',(27.0941779994163,61.9999999999999,-90.)"
33224,CARTESIAN_POINT,"'',(16.33361251,22.,-90.)"
33225,CARTESIAN_POINT,"'',(42.33361251,22.,-90.)"
33226,CARTESIAN_POINT,"'',(16.3336125100001,60.,-91.)"
33227,CARTESIAN_POINT,"'',(13.3336125100001,59.,-90.)"
33228,CARTESIAN_POINT,"'',(13.33361251,25.,-90.)"
33229,CARTESIAN_POINT,"'',(16.33361251,25.,-90.)"
33230,CARTESIAN_POINT,"'',(12.3336125100001,56.,-91.)"
33231,CARTESIAN_POINT,"'',(16.3336125100001,56.,-90.)"
33232,CARTESIAN_POINT,"'',(13.33361251,22.,-90.)"
33233,CARTESIAN_POINT,"'',(57.3336125074858,-14.,-90.)"
33234,CARTESIAN_POINT,"'',(57.0941779994163,-13.,-91.)"
33235,CARTESIAN_POINT,"'',(54.0941779994163,-14.,-90.)"
33236,CARTESIAN_POINT,"'',(55.0941779994163,-11.,-91.)"
33237,CARTESIAN_POINT,"'',(57.0941779994163,-11.,-90.)"
33238,CARTESIAN_POINT,"'',(60.3336125074858,-17.,-90.)"
33239,CARTESIAN_POINT,"'',(57.3336125074858,-17.,-90.)"
33240,CARTESIAN_POINT,"'',(55.0941779994163,4.49999999999996,-91.)"
33241,CARTESIAN_POINT,"'',(54.0941779994163,7.49999999999997,-90.)"
33242,CARTESIAN_POINT,"'',(60.3336125074858,-33.0000000000001,-90.)"
33243,CARTESIAN_POINT,"'',(60.3336125074858,-14.,-90.)"
33244,CARTESIAN_POINT,"'',(51.0941779994163,8.49999999999998,-91.)"
33245,CARTESIAN_POINT,"'',(51.0941779994163,4.49999999999997,-90.)"
33246,CARTESIAN_POINT,"'',(57.3336125074858,-36.0000000000001,-90.)"
33247,CARTESIAN_POINT,"'',(57.3336125074858,-33.0000000000001,-90.)"
33248,CARTESIAN_POINT,"'',(33.0941779994163,8.50000000000001,-91.)"
33249,CARTESIAN_POINT,"'',(30.0941779994163,7.50000000000001,-90.)"
33250,CARTESIAN_POINT,"'',(45.33361251,-36.0000000000001,-90.)"
33251,CARTESIAN_POINT,"'',(60.3336125074858,-36.0000000000001,-90.)"
33252,CARTESIAN_POINT,"'',(29.0941779994163,4.50000000000001,-91.)"
33253,CARTESIAN_POINT,"'',(33.0941779994163,4.50000000000001,-90.)"
33254,CARTESIAN_POINT,"'',(42.33361251,-39.0000000000001,-90.)"
33255,CARTESIAN_POINT,"'',(45.33361251,-39.0000000000001,-90.)"
33256,CARTESIAN_POINT,"'',(29.0941779994163,-2.00000000000006,-91.)"
33257,CARTESIAN_POINT,"'',(30.0941779994163,-5.00000000000006,-90.)"
33258,CARTESIAN_POINT,"'',(39.33361251,-42.,-90.)"
33259,CARTESIAN_POINT,"'',(39.33361251,-39.,-90.)"
33260,CARTESIAN_POINT,"'',(27.0941779994163,-4.00000000000005,-91.)"
33261,CARTESIAN_POINT,"'',(27.0941779994163,-2.00000000000005,-90.)"
33262,CARTESIAN_POINT,"'',(16.33361251,-42.,-90.)"
33263,CARTESIAN_POINT,"'',(42.33361251,-42.,-90.)"
33264,CARTESIAN_POINT,"'',(16.3336125100001,-4.00000000000003,-91.)"
33265,CARTESIAN_POINT,"'',(13.3336125100001,-5.00000000000003,-90.)"
33266,CARTESIAN_POINT,"'',(13.33361251,-39.,-90.)"
33267,CARTESIAN_POINT,"'',(16.33361251,-39.,-90.)"
33268,CARTESIAN_POINT,"'',(12.3336125100001,-8.00000000000003,-91.)"
33269,CARTESIAN_POINT,"'',(16.3336125100001,-8.00000000000004,-90.)"
33270,CARTESIAN_POINT,"'',(13.33361251,-42.,-90.)"
33271,CARTESIAN_POINT,"'',(-30.0941779994163,-61.9999999999999,-90.)"
33272,CARTESIAN_POINT,"'',(-27.0941779994163,-59.9999999999999,-91.)"
33273,CARTESIAN_POINT,"'',(-27.0941779994163,-61.9999999999999,-90.)"
33274,CARTESIAN_POINT,"'',(-16.3336125100001,-60.,-91.)"
33275,CARTESIAN_POINT,"'',(-13.3336125100001,-59.,-90.)"
33276,CARTESIAN_POINT,"'',(-30.0941779994163,-68.5,-90.)"
33277,CARTESIAN_POINT,"'',(-30.0941779994163,-58.9999999999999,-90.)"
33278,CARTESIAN_POINT,"'',(-12.3336125100001,-56.,-91.)"
33279,CARTESIAN_POINT,"'',(-16.3336125100001,-56.,-90.)"
33280,CARTESIAN_POINT,"'',(-33.0941779994163,-71.5,-90.)"
33281,CARTESIAN_POINT,"'',(-33.0941779994163,-68.5,-90.)"
33282,CARTESIAN_POINT,"'',(-12.33361251,-25.,-91.)"
33283,CARTESIAN_POINT,"'',(-13.33361251,-22.,-90.)"
33284,CARTESIAN_POINT,"'',(-51.0941779994163,-71.5,-90.)"
33285,CARTESIAN_POINT,"'',(-30.0941779994163,-71.5,-90.)"
33286,CARTESIAN_POINT,"'',(-16.33361251,-21.,-91.)"
33287,CARTESIAN_POINT,"'',(-16.33361251,-25.,-90.)"
33288,CARTESIAN_POINT,"'',(-54.0941779994163,-68.5,-90.)"
33289,CARTESIAN_POINT,"'',(-51.0941779994163,-68.5,-90.)"
33290,CARTESIAN_POINT,"'',(-39.33361251,-21.,-91.)"
33291,CARTESIAN_POINT,"'',(-42.33361251,-22.,-90.)"
33292,CARTESIAN_POINT,"'',(-54.0941779994163,-53.,-90.)"
33293,CARTESIAN_POINT,"'',(-54.0941779994163,-71.5,-90.)"
33294,CARTESIAN_POINT,"'',(-43.33361251,-24.9999999999999,-91.)"
33295,CARTESIAN_POINT,"'',(-39.33361251,-25.,-90.)"
33296,CARTESIAN_POINT,"'',(-57.0941779994163,-50.,-90.)"
33297,CARTESIAN_POINT,"'',(-57.0941779994163,-53.,-90.)"
33298,CARTESIAN_POINT,"'',(-45.33361251,-26.9999999999999,-91.)"
33299,CARTESIAN_POINT,"'',(-45.33361251,-24.9999999999999,-90.)"
33300,CARTESIAN_POINT,"'',(-57.3336125074858,-50.,-90.)"
33301,CARTESIAN_POINT,"'',(-54.0941779994163,-50.,-90.)"
33302,CARTESIAN_POINT,"'',(-57.3336125074858,-26.9999999999999,-91.)"
33303,CARTESIAN_POINT,"'',(-60.3336125074858,-27.9999999999999,-90.)"
33304,CARTESIAN_POINT,"'',(-60.3336125074858,-47.,-90.)"
33305,CARTESIAN_POINT,"'',(-57.3336125074858,-47.,-90.)"
33306,CARTESIAN_POINT,"'',(-61.3336125074858,-30.9999999999999,-91.)"
33307,CARTESIAN_POINT,"'',(-57.3336125074858,-30.9999999999999,-90.)"
33308,CARTESIAN_POINT,"'',(-60.3336125074858,-50.,-90.)"
33309,CARTESIAN_POINT,"'',(-55.0941779994163,-4.49999999999996,-91.)"
33310,CARTESIAN_POINT,"'',(-54.0941779994163,11.,-90.)"
33311,CARTESIAN_POINT,"'',(-54.0941779994163,-7.49999999999997,-90.)"
33312,CARTESIAN_POINT,"'',(-57.0941779994163,14.,-90.)"
33313,CARTESIAN_POINT,"'',(-57.0941779994163,11.,-90.)"
33314,CARTESIAN_POINT,"'',(-51.0941779994163,-8.49999999999998,-91.)"
33315,CARTESIAN_POINT,"'',(-51.0941779994163,-4.49999999999997,-90.)"
33316,CARTESIAN_POINT,"'',(-57.3336125074858,14.,-90.)"
33317,CARTESIAN_POINT,"'',(-54.0941779994163,14.,-90.)"
33318,CARTESIAN_POINT,"'',(-33.0941779994163,-8.50000000000001,-91.)"
33319,CARTESIAN_POINT,"'',(-30.0941779994163,-7.50000000000001,-90.)"
33320,CARTESIAN_POINT,"'',(-60.3336125074858,17.,-90.)"
33321,CARTESIAN_POINT,"'',(-57.3336125074858,17.,-90.)"
33322,CARTESIAN_POINT,"'',(-29.0941779994163,-4.50000000000001,-91.)"
33323,CARTESIAN_POINT,"'',(-33.0941779994163,-4.50000000000001,-90.)"
33324,CARTESIAN_POINT,"'',(-60.3336125074858,33.0000000000001,-90.)"
33325,CARTESIAN_POINT,"'',(-60.3336125074858,14.,-90.)"
33326,CARTESIAN_POINT,"'',(-29.0941779994163,2.00000000000006,-91.)"
33327,CARTESIAN_POINT,"'',(-30.0941779994163,5.00000000000006,-90.)"
33328,CARTESIAN_POINT,"'',(-57.3336125074858,36.0000000000001,-90.)"
33329,CARTESIAN_POINT,"'',(-57.3336125074858,33.0000000000001,-90.)"
33330,CARTESIAN_POINT,"'',(-27.0941779994163,4.00000000000005,-91.)"
33331,CARTESIAN_POINT,"'',(-27.0941779994163,2.00000000000005,-90.)"
33332,CARTESIAN_POINT,"'',(-45.33361251,36.0000000000001,-90.)"
33333,CARTESIAN_POINT,"'',(-60.3336125074858,36.0000000000001,-90.)"
33334,CARTESIAN_POINT,"'',(-16.3336125100001,4.00000000000003,-91.)"
33335,CARTESIAN_POINT,"'',(-13.3336125100001,5.00000000000003,-90.)"
33336,CARTESIAN_POINT,"'',(-42.33361251,39.0000000000001,-90.)"
33337,CARTESIAN_POINT,"'',(-45.33361251,39.0000000000001,-90.)"
33338,CARTESIAN_POINT,"'',(-12.3336125100001,8.00000000000003,-91.)"
33339,CARTESIAN_POINT,"'',(-16.3336125100001,8.00000000000004,-90.)"
33340,CARTESIAN_POINT,"'',(-39.33361251,42.,-90.)"
33341,CARTESIAN_POINT,"'',(-39.33361251,39.,-90.)"
33342,CARTESIAN_POINT,"'',(-12.33361251,39.,-91.)"
33343,CARTESIAN_POINT,"'',(-13.33361251,42.,-90.)"
33344,CARTESIAN_POINT,"'',(-16.33361251,42.,-90.)"
33345,CARTESIAN_POINT,"'',(-42.33361251,42.,-90.)"
33346,CARTESIAN_POINT,"'',(-16.33361251,39.,-90.)"
33347,CARTESIAN_POINT,"'',(147.,21.,-62.0000499947885)"
33348,CARTESIAN_POINT,"'',(147.,-51.,-62.0000499947885)"
33349,CARTESIAN_POINT,"'',(-35.0000000000002,-101.,-46.6)"
33350,CARTESIAN_POINT,"'',(-29.5000000000002,-101.,-46.6)"
33351,CARTESIAN_POINT,"'',(-35.0000000000002,-101.,-79.1607695154587)"
33352,CARTESIAN_POINT,"'',(-29.5000000000002,-101.,-79.1607695154587)"
33353,CARTESIAN_POINT,"'',(-35.0000000000002,-101.,-45.1)"
33354,CARTESIAN_POINT,"'',(-35.0000000000002,-101.,-80.2)"
33355,CARTESIAN_POINT,"'',(-28.9000000000002,-101.,-80.2)"
33356,CARTESIAN_POINT,"'',(-35.0000000000002,-101.,-80.2)"
33357,CARTESIAN_POINT,"'',(-26.0000000000002,-101.,-80.2)"
33358,CARTESIAN_POINT,"'',(-35.0000000000002,-101.,-80.2)"
33359,CARTESIAN_POINT,"'',(-35.0000000000002,-101.,-90.4)"
33360,CARTESIAN_POINT,"'',(-44.0000000000002,-101.,-90.4)"
33361,CARTESIAN_POINT,"'',(-35.0000000000002,-101.,-91.)"
33362,CARTESIAN_POINT,"'',(-35.0000000000002,-101.,-79.1607695154587)"
33363,CARTESIAN_POINT,"'',(-35.0000000000002,-101.,-81.4)"
33364,CARTESIAN_POINT,"'',(-35.0000000000002,-101.,-52.1)"
33365,CARTESIAN_POINT,"'',(-34.9999999999998,101.,-46.6)"
33366,CARTESIAN_POINT,"'',(-29.4999999999998,101.,-46.6)"
33367,CARTESIAN_POINT,"'',(-34.9999999999998,101.,-79.1607695154587)"
33368,CARTESIAN_POINT,"'',(-29.4999999999998,101.,-79.1607695154587)"
33369,CARTESIAN_POINT,"'',(-34.9999999999998,101.,-45.1)"
33370,CARTESIAN_POINT,"'',(-34.9999999999998,101.,-80.2)"
33371,CARTESIAN_POINT,"'',(-28.8999999999998,101.,-80.2)"
33372,CARTESIAN_POINT,"'',(-34.9999999999998,101.,-80.2)"
33373,CARTESIAN_POINT,"'',(-25.9999999999998,101.,-80.2)"
33374,CARTESIAN_POINT,"'',(-34.9999999999998,101.,-80.2)"
33375,CARTESIAN_POINT,"'',(-34.9999999999998,101.,-90.4)"
33376,CARTESIAN_POINT,"'',(-43.9999999999998,101.,-90.4)"
33377,CARTESIAN_POINT,"'',(-34.9999999999998,101.,-91.)"
33378,CARTESIAN_POINT,"'',(-34.9999999999998,101.,-79.1607695154587)"
33379,CARTESIAN_POINT,"'',(-34.9999999999998,101.,-81.4)"
33380,CARTESIAN_POINT,"'',(-34.9999999999998,101.,-52.1)"
33381,CARTESIAN_POINT,"'',(34.9999999999998,-101.,-46.6)"
33382,CARTESIAN_POINT,"'',(40.4999999999998,-101.,-46.6)"
33383,CARTESIAN_POINT,"'',(34.9999999999998,-101.,-79.1607695154587)"
33384,CARTESIAN_POINT,"'',(40.4999999999998,-101.,-79.1607695154587)"
33385,CARTESIAN_POINT,"'',(34.9999999999998,-101.,-45.1)"
33386,CARTESIAN_POINT,"'',(34.9999999999998,-101.,-80.2)"
33387,CARTESIAN_POINT,"'',(41.0999999999998,-101.,-80.2)"
33388,CARTESIAN_POINT,"'',(34.9999999999998,-101.,-80.2)"
33389,CARTESIAN_POINT,"'',(43.9999999999998,-101.,-80.2)"
33390,CARTESIAN_POINT,"'',(34.9999999999998,-101.,-80.2)"
33391,CARTESIAN_POINT,"'',(34.9999999999998,-101.,-90.4)"
33392,CARTESIAN_POINT,"'',(25.9999999999998,-101.,-90.4)"
33393,CARTESIAN_POINT,"'',(34.9999999999998,-101.,-91.)"
33394,CARTESIAN_POINT,"'',(34.9999999999998,-101.,-79.1607695154587)"
33395,CARTESIAN_POINT,"'',(34.9999999999998,-101.,-81.4)"
33396,CARTESIAN_POINT,"'',(34.9999999999998,-101.,-52.1)"
33397,CARTESIAN_POINT,"'',(35.0000000000002,101.,-46.6)"
33398,CARTESIAN_POINT,"'',(40.5000000000002,101.,-46.6)"
33399,CARTESIAN_POINT,"'',(35.0000000000002,101.,-79.1607695154587)"
33400,CARTESIAN_POINT,"'',(40.5000000000002,101.,-79.1607695154587)"
33401,CARTESIAN_POINT,"'',(35.0000000000002,101.,-45.1)"
33402,CARTESIAN_POINT,"'',(35.0000000000002,101.,-80.2)"
33403,CARTESIAN_POINT,"'',(41.1000000000002,101.,-80.2)"
33404,CARTESIAN_POINT,"'',(35.0000000000002,101.,-80.2)"
33405,CARTESIAN_POINT,"'',(44.0000000000002,101.,-80.2)"
33406,CARTESIAN_POINT,"'',(35.0000000000002,101.,-80.2)"
33407,CARTESIAN_POINT,"'',(35.0000000000002,101.,-90.4)"
33408,CARTESIAN_POINT,"'',(26.0000000000002,101.,-90.4)"
33409,CARTESIAN_POINT,"'',(35.0000000000002,101.,-91.)"
33410,CARTESIAN_POINT,"'',(35.0000000000002,101.,-79.1607695154587)"
33411,CARTESIAN_POINT,"'',(35.0000000000002,101.,-81.4)"
33412,CARTESIAN_POINT,"'',(35.0000000000002,101.,-52.1)"
33413,CARTESIAN_POINT,"'',(-136.,-90.0045392514842,-23.5000000000175)"
33414,CARTESIAN_POINT,"'',(-133.5,-90.0045392514842,-23.5000000000175)"
33415,CARTESIAN_POINT,"'',(-136.,-90.0045392514842,-26.0000000000175)"
33416,CARTESIAN_POINT,"'',(-136.,-90.0045392514842,-33.4978484524486)"
33417,CARTESIAN_POINT,"'',(-138.5,-90.0045392514842,-33.4978484524486)"
33418,CARTESIAN_POINT,"'',(-136.,-90.0045392514842,-35.0000000000175)"
33419,CARTESIAN_POINT,"'',(-136.,-90.0045392514842,-33.4978484524486)"
33420,CARTESIAN_POINT,"'',(-136.,-90.0045392514842,-23.0000000000175)"
33421,CARTESIAN_POINT,"'',(-136.,74.9951598814844,-23.5000000000175)"
33422,CARTESIAN_POINT,"'',(-133.5,74.9951598814844,-23.5000000000175)"
33423,CARTESIAN_POINT,"'',(-136.,74.9951598814844,-26.0000000000175)"
33424,CARTESIAN_POINT,"'',(-136.,74.9951598814844,-33.4978484524486)"
33425,CARTESIAN_POINT,"'',(-138.5,74.9951598814844,-33.4978484524486)"
33426,CARTESIAN_POINT,"'',(-136.,74.9951598814844,-35.0000000000175)"
33427,CARTESIAN_POINT,"'',(-136.,74.9951598814844,-33.4978484524486)"
33428,CARTESIAN_POINT,"'',(-136.,74.9951598814844,-23.0000000000175)"
33429,CARTESIAN_POINT,"'',(-89.9999999999998,-90.0045392514841,-23.5000000000175)"
33430,CARTESIAN_POINT,"'',(-87.4999999999998,-90.0045392514841,-23.5000000000175)"
33431,CARTESIAN_POINT,"'',(-89.9999999999998,-90.0045392514841,-26.0000000000175)"
33432,CARTESIAN_POINT,"'',(-89.9999999999998,-90.0045392514841,-33.4978484524486)"
33433,CARTESIAN_POINT,"'',(-92.4999999999998,-90.0045392514841,-33.4978484524486)"
33434,CARTESIAN_POINT,"'',(-89.9999999999998,-90.0045392514841,-35.0000000000175)"
33435,CARTESIAN_POINT,"'',(-89.9999999999998,-90.0045392514841,-33.4978484524486)"
33436,CARTESIAN_POINT,"'',(-89.9999999999998,-90.0045392514841,-23.0000000000175)"
33437,CARTESIAN_POINT,"'',(-90.,74.9951598814844,-23.5000000000175)"
33438,CARTESIAN_POINT,"'',(-87.5,74.9951598814844,-23.5000000000175)"
33439,CARTESIAN_POINT,"'',(-90.,74.9951598814844,-26.0000000000175)"
33440,CARTESIAN_POINT,"'',(-90.,74.9951598814844,-33.4978484524486)"
33441,CARTESIAN_POINT,"'',(-92.5,74.9951598814844,-33.4978484524486)"
33442,CARTESIAN_POINT,"'',(-90.,74.9951598814844,-35.0000000000175)"
33443,CARTESIAN_POINT,"'',(-90.,74.9951598814844,-33.4978484524486)"
33444,CARTESIAN_POINT,"'',(-90.,74.9951598814844,-23.0000000000175)"
33445,CARTESIAN_POINT,"'',(90.0000000000002,-74.9951598814842,-23.5000000000175)"
33446,CARTESIAN_POINT,"'',(92.5000000000002,-74.9951598814842,-23.5000000000175)"
33447,CARTESIAN_POINT,"'',(90.0000000000002,-74.9951598814842,-26.0000000000175)"
33448,CARTESIAN_POINT,"'',(90.0000000000002,-74.9951598814842,-33.4978484524486)"
33449,CARTESIAN_POINT,"'',(87.5000000000002,-74.9951598814842,-33.4978484524486)"
33450,CARTESIAN_POINT,"'',(90.0000000000002,-74.9951598814842,-35.0000000000175)"
33451,CARTESIAN_POINT,"'',(90.0000000000002,-74.9951598814842,-33.4978484524486)"
33452,CARTESIAN_POINT,"'',(90.0000000000002,-74.9951598814842,-23.0000000000175)"
33453,CARTESIAN_POINT,"'',(89.9999999999998,90.0045392514846,-23.5000000000175)"
33454,CARTESIAN_POINT,"'',(92.4999999999998,90.0045392514846,-23.5000000000175)"
33455,CARTESIAN_POINT,"'',(89.9999999999998,90.0045392514846,-26.0000000000175)"
33456,CARTESIAN_POINT,"'',(89.9999999999998,90.0045392514846,-33.4978484524486)"
33457,CARTESIAN_POINT,"'',(87.4999999999998,90.0045392514846,-33.4978484524486)"
33458,CARTESIAN_POINT,"'',(89.9999999999998,90.0045392514846,-35.0000000000175)"
33459,CARTESIAN_POINT,"'',(89.9999999999998,90.0045392514846,-33.4978484524486)"
33460,CARTESIAN_POINT,"'',(89.9999999999998,90.0045392514846,-23.0000000000175)"
33461,CARTESIAN_POINT,"'',(136.,-74.9951598814841,-23.5000000000175)"
33462,CARTESIAN_POINT,"'',(138.5,-74.9951598814841,-23.5000000000175)"
33463,CARTESIAN_POINT,"'',(136.,-74.9951598814841,-26.0000000000175)"
33464,CARTESIAN_POINT,"'',(136.,-74.9951598814841,-33.4978484524486)"
33465,CARTESIAN_POINT,"'',(133.5,-74.9951598814841,-33.4978484524486)"
33466,CARTESIAN_POINT,"'',(136.,-74.9951598814841,-35.0000000000175)"
33467,CARTESIAN_POINT,"'',(136.,-74.9951598814841,-33.4978484524486)"
33468,CARTESIAN_POINT,"'',(136.,-74.9951598814841,-23.0000000000175)"
33469,CARTESIAN_POINT,"'',(136.,90.0045392514847,-23.5000000000175)"
33470,CARTESIAN_POINT,"'',(138.5,90.0045392514847,-23.5000000000175)"
33471,CARTESIAN_POINT,"'',(136.,90.0045392514847,-26.0000000000175)"
33472,CARTESIAN_POINT,"'',(136.,90.0045392514847,-33.4978484524486)"
33473,CARTESIAN_POINT,"'',(133.5,90.0045392514847,-33.4978484524486)"
33474,CARTESIAN_POINT,"'',(136.,90.0045392514847,-35.0000000000175)"
33475,CARTESIAN_POINT,"'',(136.,90.0045392514847,-33.4978484524486)"
33476,CARTESIAN_POINT,"'',(136.,90.0045392514847,-23.0000000000175)"
33477,CARTESIAN_POINT,"'',(-85.9999999999998,-74.5045402623328,-31.0000000000175)"
33478,CARTESIAN_POINT,"'',(-85.9999999999998,-74.5045402623328,-39.0000000000175)"
33479,CARTESIAN_POINT,"'',(-85.9999999999998,-74.5045402623328,-32.0000000000175)"
33480,CARTESIAN_POINT,"'',(-86.0000000000001,59.5010589729789,-32.0000000000175)"
33481,CARTESIAN_POINT,"'',(-86.0000000000001,59.5010589729789,-32.0000000000175)"
33482,CARTESIAN_POINT,"'',(-86.0000000000001,59.5010589729789,-39.0000000000175)"
33483,CARTESIAN_POINT,"'',(-86.0000000000001,59.5010589729789,-39.0000000000175)"
33484,CARTESIAN_POINT,"'',(-85.9999999999998,-79.5045402623328,-39.0000000000175)"
33485,CARTESIAN_POINT,"'',(-85.9999999999998,-79.5045402623328,-39.0000000000175)"
33486,CARTESIAN_POINT,"'',(-91.0000000000002,64.5010589729789,-31.0000000000175)"
33487,CARTESIAN_POINT,"'',(-91.0000000000002,64.5010589729789,-39.0000000000175)"
33488,CARTESIAN_POINT,"'',(-91.0000000000002,64.5010589729789,-32.0000000000175)"
33489,CARTESIAN_POINT,"'',(-134.5,64.5010589729788,-32.0000000000175)"
33490,CARTESIAN_POINT,"'',(-134.5,64.5010589729788,-32.0000000000175)"
33491,CARTESIAN_POINT,"'',(-134.5,64.5010589729788,-39.0000000000175)"
33492,CARTESIAN_POINT,"'',(-134.5,64.5010589729788,-39.0000000000175)"
33493,CARTESIAN_POINT,"'',(-86.0000000000002,64.5010589729789,-39.0000000000175)"
33494,CARTESIAN_POINT,"'',(-86.0000000000002,64.5010589729789,-39.0000000000175)"
33495,CARTESIAN_POINT,"'',(-139.5,59.5010589729788,-31.0000000000175)"
33496,CARTESIAN_POINT,"'',(-139.5,59.5010589729788,-39.0000000000175)"
33497,CARTESIAN_POINT,"'',(-139.5,59.5010589729788,-32.0000000000175)"
33498,CARTESIAN_POINT,"'',(-139.5,-74.5045402623329,-32.0000000000175)"
33499,CARTESIAN_POINT,"'',(-139.5,-74.5045402623329,-32.0000000000175)"
33500,CARTESIAN_POINT,"'',(-139.5,-74.5045402623329,-39.0000000000175)"
33501,CARTESIAN_POINT,"'',(-139.5,-74.5045402623329,-39.0000000000175)"
33502,CARTESIAN_POINT,"'',(-139.5,64.5010589729788,-39.0000000000175)"
33503,CARTESIAN_POINT,"'',(-139.5,64.5010589729788,-39.0000000000175)"
33504,CARTESIAN_POINT,"'',(-134.5,-79.5045402623329,-31.0000000000175)"
33505,CARTESIAN_POINT,"'',(-134.5,-79.5045402623329,-39.0000000000175)"
33506,CARTESIAN_POINT,"'',(-134.5,-79.5045402623329,-32.0000000000175)"
33507,CARTESIAN_POINT,"'',(-90.9999999999998,-79.5045402623328,-32.0000000000175)"
33508,CARTESIAN_POINT,"'',(-90.9999999999998,-79.5045402623328,-32.0000000000175)"
33509,CARTESIAN_POINT,"'',(-90.9999999999998,-79.5045402623328,-39.0000000000175)"
33510,CARTESIAN_POINT,"'',(-90.9999999999998,-79.5045402623328,-39.0000000000175)"
33511,CARTESIAN_POINT,"'',(-142.,-79.5045402623329,-39.0000000000175)"
33512,CARTESIAN_POINT,"'',(-142.,-79.5045402623329,-39.0000000000175)"
33513,CARTESIAN_POINT,"'',(-124.375758054717,-12.0111515216781,-39.0000000000175)"
33514,CARTESIAN_POINT,"'',(-124.375758054717,-22.0111515216781,-39.0000000000175)"
33515,CARTESIAN_POINT,"'',(-134.375758054717,-12.0111515216781,-39.0000000000175)"
33516,CARTESIAN_POINT,"'',(-134.375758054717,-5.01115152167814,-39.0000000000175)"
33517,CARTESIAN_POINT,"'',(-134.375758054717,-3.01115152167814,-39.0000000000175)"
33518,CARTESIAN_POINT,"'',(-124.375758054717,-3.01115152167811,-39.0000000000175)"
33519,CARTESIAN_POINT,"'',(-124.375758054717,6.98884847832188,-39.0000000000175)"
33520,CARTESIAN_POINT,"'',(-111.,6.98884847832191,-39.0000000000175)"
33521,CARTESIAN_POINT,"'',(-111.,6.98884847832191,-39.0000000000175)"
33522,CARTESIAN_POINT,"'',(-111.,-3.01115152167809,-39.0000000000175)"
33523,CARTESIAN_POINT,"'',(-101.,-3.01115152167807,-39.0000000000175)"
33524,CARTESIAN_POINT,"'',(-101.,-10.0111515216781,-39.0000000000175)"
33525,CARTESIAN_POINT,"'',(-101.,-12.0111515216781,-39.0000000000175)"
33526,CARTESIAN_POINT,"'',(-111.,-12.0111515216781,-39.0000000000175)"
33527,CARTESIAN_POINT,"'',(-111.,-22.0111515216781,-39.0000000000175)"
33528,CARTESIAN_POINT,"'',(-119.375758054717,-22.0111515216781,-39.0000000000175)"
33529,CARTESIAN_POINT,"'',(-98.5000000000001,52.0010589729789,-39.0000000000175)"
33530,CARTESIAN_POINT,"'',(-95.5000000000001,52.0010589729789,-39.0000000000175)"
33531,CARTESIAN_POINT,"'',(-98.4999999999998,-67.0045402623328,-39.0000000000175)"
33532,CARTESIAN_POINT,"'',(-95.4999999999998,-67.0045402623328,-39.0000000000175)"
33533,CARTESIAN_POINT,"'',(-127.,52.0010589729788,-39.0000000000175)"
33534,CARTESIAN_POINT,"'',(-124.,52.0010589729788,-39.0000000000175)"
33535,CARTESIAN_POINT,"'',(-127.,-67.0045402623329,-39.0000000000175)"
33536,CARTESIAN_POINT,"'',(-124.,-67.0045402623329,-39.0000000000175)"
33537,CARTESIAN_POINT,"'',(-91.0000000000002,59.5010589729789,-39.0000000000175)"
33538,CARTESIAN_POINT,"'',(-134.5,59.5010589729788,-39.0000000000175)"
33539,CARTESIAN_POINT,"'',(-134.5,-74.5045402623329,-39.0000000000175)"
33540,CARTESIAN_POINT,"'',(-90.9999999999998,-74.5045402623328,-39.0000000000175)"
33541,CARTESIAN_POINT,"'',(0.,0.,-39.0000000000175)"
33542,CARTESIAN_POINT,"'',(-102.,-12.0111515216781,-39.0000000000175)"
33543,CARTESIAN_POINT,"'',(-102.,-12.0111515216781,-46.)"
33544,CARTESIAN_POINT,"'',(-102.,-12.0111515216781,-40.0000000000175)"
33545,CARTESIAN_POINT,"'',(-102.,-5.01115152167807,-40.0000000000175)"
33546,CARTESIAN_POINT,"'',(-102.,-3.01115152167807,-40.0000000000175)"
33547,CARTESIAN_POINT,"'',(-102.,-3.01115152167807,-43.)"
33548,CARTESIAN_POINT,"'',(-102.,-3.01115152167807,-46.)"
33549,CARTESIAN_POINT,"'',(-102.,-19.0111515216781,-46.)"
33550,CARTESIAN_POINT,"'',(-102.,-19.0111515216781,-43.)"
33551,CARTESIAN_POINT,"'',(-111.,5.98884847832191,-39.0000000000175)"
33552,CARTESIAN_POINT,"'',(-111.,5.98884847832191,-46.)"
33553,CARTESIAN_POINT,"'',(-111.,5.98884847832191,-40.0000000000175)"
33554,CARTESIAN_POINT,"'',(-119.375758054717,5.98884847832189,-40.0000000000175)"
33555,CARTESIAN_POINT,"'',(-124.375758054717,5.98884847832188,-40.0000000000175)"
33556,CARTESIAN_POINT,"'',(-124.375758054717,5.98884847832189,-43.)"
33557,CARTESIAN_POINT,"'',(-124.375758054717,5.98884847832189,-46.)"
33558,CARTESIAN_POINT,"'',(-99.,5.98884847832194,-46.)"
33559,CARTESIAN_POINT,"'',(-99.,5.98884847832194,-43.)"
33560,CARTESIAN_POINT,"'',(-133.375758054717,-3.01115152167813,-39.0000000000175)"
33561,CARTESIAN_POINT,"'',(-133.375758054717,-3.01115152167813,-46.)"
33562,CARTESIAN_POINT,"'',(-133.375758054717,-3.01115152167813,-40.0000000000175)"
33563,CARTESIAN_POINT,"'',(-133.375758054717,-10.0111515216781,-40.0000000000175)"
33564,CARTESIAN_POINT,"'',(-133.375758054717,-12.0111515216781,-40.0000000000175)"
33565,CARTESIAN_POINT,"'',(-133.375758054717,-12.0111515216781,-43.)"
33566,CARTESIAN_POINT,"'',(-133.375758054717,-12.0111515216781,-46.)"
33567,CARTESIAN_POINT,"'',(-133.375758054717,3.98884847832187,-46.)"
33568,CARTESIAN_POINT,"'',(-133.375758054717,3.98884847832187,-43.)"
33569,CARTESIAN_POINT,"'',(-124.375758054717,-21.0111515216781,-39.0000000000175)"
33570,CARTESIAN_POINT,"'',(-124.375758054717,-21.0111515216781,-46.)"
33571,CARTESIAN_POINT,"'',(-124.375758054717,-21.0111515216781,-40.0000000000175)"
33572,CARTESIAN_POINT,"'',(-111.,-21.0111515216781,-40.0000000000175)"
33573,CARTESIAN_POINT,"'',(-111.,-21.0111515216781,-40.0000000000175)"
33574,CARTESIAN_POINT,"'',(-111.,-21.0111515216781,-43.)"
33575,CARTESIAN_POINT,"'',(-111.,-21.0111515216781,-46.)"
33576,CARTESIAN_POINT,"'',(-128.375758054717,-21.0111515216781,-46.)"
33577,CARTESIAN_POINT,"'',(-128.375758054717,-21.0111515216781,-43.)"
33578,CARTESIAN_POINT,"'',(-111.,-3.01115152167809,-46.)"
33579,CARTESIAN_POINT,"'',(-124.375758054717,-3.01115152167811,-46.)"
33580,CARTESIAN_POINT,"'',(-124.375758054717,-12.0111515216781,-46.)"
33581,CARTESIAN_POINT,"'',(-111.,-12.0111515216781,-46.)"
33582,CARTESIAN_POINT,"'',(0.,0.,-46.)"
33583,CARTESIAN_POINT,"'',(101.,10.0111515216778,-39.0000000000175)"
33584,CARTESIAN_POINT,"'',(101.,3.01115152167783,-39.0000000000175)"
33585,CARTESIAN_POINT,"'',(101.,12.0111515216778,-39.0000000000175)"
33586,CARTESIAN_POINT,"'',(111.,12.0111515216778,-39.0000000000175)"
33587,CARTESIAN_POINT,"'',(111.,22.0111515216778,-39.0000000000175)"
33588,CARTESIAN_POINT,"'',(119.375758054717,22.0111515216778,-39.0000000000175)"
33589,CARTESIAN_POINT,"'',(124.375758054717,22.0111515216778,-39.0000000000175)"
33590,CARTESIAN_POINT,"'',(124.375758054717,12.0111515216778,-39.0000000000175)"
33591,CARTESIAN_POINT,"'',(134.375758054717,12.0111515216778,-39.0000000000175)"
33592,CARTESIAN_POINT,"'',(134.375758054717,5.01115152167783,-39.0000000000175)"
33593,CARTESIAN_POINT,"'',(134.375758054717,3.01115152167783,-39.0000000000175)"
33594,CARTESIAN_POINT,"'',(124.375758054717,3.01115152167783,-39.0000000000175)"
33595,CARTESIAN_POINT,"'',(124.375758054717,-6.98884847832217,-39.0000000000175)"
33596,CARTESIAN_POINT,"'',(111.,-6.98884847832217,-39.0000000000175)"
33597,CARTESIAN_POINT,"'',(111.,-6.98884847832217,-39.0000000000175)"
33598,CARTESIAN_POINT,"'',(111.,3.01115152167783,-39.0000000000175)"
33599,CARTESIAN_POINT,"'',(127.,67.0045402623326,-39.0000000000175)"
33600,CARTESIAN_POINT,"'',(130.,67.0045402623326,-39.0000000000175)"
33601,CARTESIAN_POINT,"'',(127.,-52.0010589729791,-39.0000000000175)"
33602,CARTESIAN_POINT,"'',(130.,-52.0010589729791,-39.0000000000175)"
33603,CARTESIAN_POINT,"'',(98.5,67.0045402623326,-39.0000000000175)"
33604,CARTESIAN_POINT,"'',(101.5,67.0045402623326,-39.0000000000175)"
33605,CARTESIAN_POINT,"'',(98.5,-52.0010589729791,-39.0000000000175)"
33606,CARTESIAN_POINT,"'',(101.5,-52.0010589729791,-39.0000000000175)"
33607,CARTESIAN_POINT,"'',(139.5,-64.5010589729791,-39.0000000000175)"
33608,CARTESIAN_POINT,"'',(139.5,74.5045402623325,-39.0000000000175)"
33609,CARTESIAN_POINT,"'',(139.5,-59.5010589729791,-39.0000000000175)"
33610,CARTESIAN_POINT,"'',(134.5,74.5045402623325,-39.0000000000175)"
33611,CARTESIAN_POINT,"'',(134.5,79.5045402623326,-39.0000000000175)"
33612,CARTESIAN_POINT,"'',(142.,79.5045402623326,-39.0000000000175)"
33613,CARTESIAN_POINT,"'',(91.,79.5045402623326,-39.0000000000175)"
33614,CARTESIAN_POINT,"'',(91.,74.5045402623326,-39.0000000000175)"
33615,CARTESIAN_POINT,"'',(86.,74.5045402623326,-39.0000000000175)"
33616,CARTESIAN_POINT,"'',(86.,79.5045402623326,-39.0000000000175)"
33617,CARTESIAN_POINT,"'',(86.,-59.5010589729791,-39.0000000000175)"
33618,CARTESIAN_POINT,"'',(91.,-59.5010589729791,-39.0000000000175)"
33619,CARTESIAN_POINT,"'',(91.,-64.5010589729791,-39.0000000000175)"
33620,CARTESIAN_POINT,"'',(86.,-64.5010589729791,-39.0000000000175)"
33621,CARTESIAN_POINT,"'',(134.5,-64.5010589729791,-39.0000000000175)"
33622,CARTESIAN_POINT,"'',(134.5,-59.5010589729791,-39.0000000000175)"
33623,CARTESIAN_POINT,"'',(0.,0.,-39.0000000000175)"
33624,CARTESIAN_POINT,"'',(86.,74.5045402623326,-31.0000000000175)"
33625,CARTESIAN_POINT,"'',(86.,74.5045402623326,-32.0000000000175)"
33626,CARTESIAN_POINT,"'',(86.,-59.5010589729791,-32.0000000000175)"
33627,CARTESIAN_POINT,"'',(86.,-59.5010589729791,-32.0000000000175)"
33628,CARTESIAN_POINT,"'',(86.,-59.5010589729791,-39.0000000000175)"
33629,CARTESIAN_POINT,"'',(86.,79.5045402623326,-39.0000000000175)"
33630,CARTESIAN_POINT,"'',(91.,-64.5010589729791,-31.0000000000175)"
33631,CARTESIAN_POINT,"'',(91.,-64.5010589729791,-32.0000000000175)"
33632,CARTESIAN_POINT,"'',(134.5,-64.5010589729791,-32.0000000000175)"
33633,CARTESIAN_POINT,"'',(134.5,-64.5010589729791,-32.0000000000175)"
33634,CARTESIAN_POINT,"'',(134.5,-64.5010589729791,-39.0000000000175)"
33635,CARTESIAN_POINT,"'',(86.,-64.5010589729791,-39.0000000000175)"
33636,CARTESIAN_POINT,"'',(139.5,-59.5010589729791,-31.0000000000175)"
33637,CARTESIAN_POINT,"'',(139.5,-59.5010589729791,-32.0000000000175)"
33638,CARTESIAN_POINT,"'',(139.5,74.5045402623325,-32.0000000000175)"
33639,CARTESIAN_POINT,"'',(139.5,74.5045402623325,-32.0000000000175)"
33640,CARTESIAN_POINT,"'',(139.5,74.5045402623325,-39.0000000000175)"
33641,CARTESIAN_POINT,"'',(139.5,-64.5010589729791,-39.0000000000175)"
33642,CARTESIAN_POINT,"'',(134.5,79.5045402623326,-31.0000000000175)"
33643,CARTESIAN_POINT,"'',(134.5,79.5045402623326,-32.0000000000175)"
33644,CARTESIAN_POINT,"'',(91.,79.5045402623326,-32.0000000000175)"
33645,CARTESIAN_POINT,"'',(91.,79.5045402623326,-32.0000000000175)"
33646,CARTESIAN_POINT,"'',(91.,79.5045402623326,-39.0000000000175)"
33647,CARTESIAN_POINT,"'',(142.,79.5045402623326,-39.0000000000175)"
33648,CARTESIAN_POINT,"'',(133.375758054717,-3.98884847832217,-46.)"
33649,CARTESIAN_POINT,"'',(133.375758054717,12.0111515216778,-46.)"
33650,CARTESIAN_POINT,"'',(133.375758054717,3.01115152167783,-46.)"
33651,CARTESIAN_POINT,"'',(124.375758054717,12.0111515216778,-46.)"
33652,CARTESIAN_POINT,"'',(124.375758054717,21.0111515216778,-46.)"
33653,CARTESIAN_POINT,"'',(128.375758054717,21.0111515216778,-46.)"
33654,CARTESIAN_POINT,"'',(111.,21.0111515216778,-46.)"
33655,CARTESIAN_POINT,"'',(111.,12.0111515216778,-46.)"
33656,CARTESIAN_POINT,"'',(102.,12.0111515216778,-46.)"
33657,CARTESIAN_POINT,"'',(102.,19.0111515216778,-46.)"
33658,CARTESIAN_POINT,"'',(102.,3.01115152167783,-46.)"
33659,CARTESIAN_POINT,"'',(111.,3.01115152167783,-46.)"
33660,CARTESIAN_POINT,"'',(111.,-5.98884847832217,-46.)"
33661,CARTESIAN_POINT,"'',(99.,-5.98884847832217,-46.)"
33662,CARTESIAN_POINT,"'',(124.375758054717,-5.98884847832217,-46.)"
33663,CARTESIAN_POINT,"'',(124.375758054717,3.01115152167783,-46.)"
33664,CARTESIAN_POINT,"'',(0.,0.,-46.)"
33665,CARTESIAN_POINT,"'',(124.375758054717,21.0111515216778,-39.0000000000175)"
33666,CARTESIAN_POINT,"'',(124.375758054717,21.0111515216778,-40.0000000000175)"
33667,CARTESIAN_POINT,"'',(111.,21.0111515216778,-40.0000000000175)"
33668,CARTESIAN_POINT,"'',(111.,21.0111515216778,-40.0000000000175)"
33669,CARTESIAN_POINT,"'',(111.,21.0111515216778,-43.)"
33670,CARTESIAN_POINT,"'',(128.375758054717,21.0111515216778,-43.)"
33671,CARTESIAN_POINT,"'',(133.375758054717,3.01115152167783,-39.0000000000175)"
33672,CARTESIAN_POINT,"'',(133.375758054717,3.01115152167783,-40.0000000000175)"
33673,CARTESIAN_POINT,"'',(133.375758054717,10.0111515216778,-40.0000000000175)"
33674,CARTESIAN_POINT,"'',(133.375758054717,12.0111515216778,-40.0000000000175)"
33675,CARTESIAN_POINT,"'',(133.375758054717,12.0111515216778,-43.)"
33676,CARTESIAN_POINT,"'',(133.375758054717,-3.98884847832217,-43.)"
33677,CARTESIAN_POINT,"'',(111.,-5.98884847832217,-39.0000000000175)"
33678,CARTESIAN_POINT,"'',(111.,-5.98884847832217,-40.0000000000175)"
33679,CARTESIAN_POINT,"'',(119.375758054717,-5.98884847832217,-40.0000000000175)"
33680,CARTESIAN_POINT,"'',(124.375758054717,-5.98884847832217,-40.0000000000175)"
33681,CARTESIAN_POINT,"'',(124.375758054717,-5.98884847832217,-43.)"
33682,CARTESIAN_POINT,"'',(99.,-5.98884847832217,-43.)"
33683,CARTESIAN_POINT,"'',(102.,12.0111515216778,-39.0000000000175)"
33684,CARTESIAN_POINT,"'',(102.,12.0111515216778,-40.0000000000175)"
33685,CARTESIAN_POINT,"'',(102.,5.01115152167784,-40.0000000000175)"
33686,CARTESIAN_POINT,"'',(102.,3.01115152167783,-40.0000000000175)"
33687,CARTESIAN_POINT,"'',(102.,3.01115152167783,-43.)"
33688,CARTESIAN_POINT,"'',(102.,19.0111515216778,-43.)"
33689,CARTESIAN_POINT,"'',(124.375758054717,12.0111515216778,-40.0000000000175)"
33690,CARTESIAN_POINT,"'',(124.375758054717,12.0111515216778,-43.)"
33691,CARTESIAN_POINT,"'',(124.375758054717,3.01115152167783,-40.0000000000175)"
33692,CARTESIAN_POINT,"'',(124.375758054717,3.01115152167783,-43.)"
33693,CARTESIAN_POINT,"'',(111.,3.01115152167783,-40.0000000000175)"
33694,CARTESIAN_POINT,"'',(111.,3.01115152167783,-43.)"
33695,CARTESIAN_POINT,"'',(111.,12.0111515216778,-40.0000000000175)"
33696,CARTESIAN_POINT,"'',(111.,12.0111515216778,-43.)"
33697,CARTESIAN_POINT,"'',(-111.,-3.01115152167809,-40.0000000000175)"
33698,CARTESIAN_POINT,"'',(-111.,-3.01115152167809,-43.)"
33699,CARTESIAN_POINT,"'',(-124.375758054717,-3.01115152167811,-40.0000000000175)"
33700,CARTESIAN_POINT,"'',(-124.375758054717,-3.01115152167811,-43.)"
33701,CARTESIAN_POINT,"'',(-111.,-12.0111515216781,-40.0000000000175)"
33702,CARTESIAN_POINT,"'',(-111.,-12.0111515216781,-43.)"
33703,CARTESIAN_POINT,"'',(-124.375758054717,-12.0111515216781,-40.0000000000175)"
33704,CARTESIAN_POINT,"'',(-124.375758054717,-12.0111515216781,-43.)"
33705,CARTESIAN_POINT,"'',(98.5,-52.0010589729791,-39.5000000000175)"
33706,CARTESIAN_POINT,"'',(101.,-52.0010589729791,-39.5000000000175)"
33707,CARTESIAN_POINT,"'',(98.5,-52.0010589729791,-42.0000000000175)"
33708,CARTESIAN_POINT,"'',(98.5,-52.0010589729791,-51.0000000000175)"
33709,CARTESIAN_POINT,"'',(96.,-52.0010589729791,-51.0000000000175)"
33710,CARTESIAN_POINT,"'',(98.5,-52.0010589729791,-52.5021515475864)"
33711,CARTESIAN_POINT,"'',(98.5,-52.0010589729791,-51.0000000000175)"
33712,CARTESIAN_POINT,"'',(98.5,-52.0010589729791,-39.0000000000175)"
33713,CARTESIAN_POINT,"'',(98.5,67.0045402623326,-39.5000000000175)"
33714,CARTESIAN_POINT,"'',(101.,67.0045402623326,-39.5000000000175)"
33715,CARTESIAN_POINT,"'',(98.5,67.0045402623326,-42.0000000000175)"
33716,CARTESIAN_POINT,"'',(98.5,67.0045402623326,-51.0000000000175)"
33717,CARTESIAN_POINT,"'',(96.,67.0045402623326,-51.0000000000175)"
33718,CARTESIAN_POINT,"'',(98.5,67.0045402623326,-52.5021515475864)"
33719,CARTESIAN_POINT,"'',(98.5,67.0045402623326,-51.0000000000175)"
33720,CARTESIAN_POINT,"'',(98.5,67.0045402623326,-39.0000000000175)"
33721,CARTESIAN_POINT,"'',(127.,-52.0010589729791,-39.5000000000175)"
33722,CARTESIAN_POINT,"'',(129.5,-52.0010589729791,-39.5000000000175)"
33723,CARTESIAN_POINT,"'',(127.,-52.0010589729791,-42.0000000000175)"
33724,CARTESIAN_POINT,"'',(127.,-52.0010589729791,-51.0000000000175)"
33725,CARTESIAN_POINT,"'',(124.5,-52.0010589729791,-51.0000000000175)"
33726,CARTESIAN_POINT,"'',(127.,-52.0010589729791,-52.5021515475864)"
33727,CARTESIAN_POINT,"'',(127.,-52.0010589729791,-51.0000000000175)"
33728,CARTESIAN_POINT,"'',(127.,-52.0010589729791,-39.0000000000175)"
33729,CARTESIAN_POINT,"'',(127.,67.0045402623326,-39.5000000000175)"
33730,CARTESIAN_POINT,"'',(129.5,67.0045402623326,-39.5000000000175)"
33731,CARTESIAN_POINT,"'',(127.,67.0045402623326,-42.0000000000175)"
33732,CARTESIAN_POINT,"'',(127.,67.0045402623326,-51.0000000000175)"
33733,CARTESIAN_POINT,"'',(124.5,67.0045402623326,-51.0000000000175)"
33734,CARTESIAN_POINT,"'',(127.,67.0045402623326,-52.5021515475864)"
33735,CARTESIAN_POINT,"'',(127.,67.0045402623326,-51.0000000000175)"
33736,CARTESIAN_POINT,"'',(127.,67.0045402623326,-39.0000000000175)"
33737,CARTESIAN_POINT,"'',(134.5,74.5045402623325,-32.0000000000175)"
33738,CARTESIAN_POINT,"'',(134.5,74.5045402623325,-39.0000000000175)"
33739,CARTESIAN_POINT,"'',(91.,74.5045402623326,-32.0000000000175)"
33740,CARTESIAN_POINT,"'',(91.,74.5045402623326,-39.0000000000175)"
33741,CARTESIAN_POINT,"'',(134.5,-59.5010589729791,-32.0000000000175)"
33742,CARTESIAN_POINT,"'',(134.5,-59.5010589729791,-39.0000000000175)"
33743,CARTESIAN_POINT,"'',(91.,-59.5010589729791,-32.0000000000175)"
33744,CARTESIAN_POINT,"'',(91.,-59.5010589729791,-39.0000000000175)"
33745,CARTESIAN_POINT,"'',(-91.0000000000002,59.5010589729789,-32.0000000000175)"
33746,CARTESIAN_POINT,"'',(-91.0000000000002,59.5010589729789,-39.0000000000175)"
33747,CARTESIAN_POINT,"'',(-134.5,59.5010589729788,-32.0000000000175)"
33748,CARTESIAN_POINT,"'',(-134.5,59.5010589729788,-39.0000000000175)"
33749,CARTESIAN_POINT,"'',(-90.9999999999998,-74.5045402623328,-32.0000000000175)"
33750,CARTESIAN_POINT,"'',(-90.9999999999998,-74.5045402623328,-39.0000000000175)"
33751,CARTESIAN_POINT,"'',(-134.5,-74.5045402623329,-32.0000000000175)"
33752,CARTESIAN_POINT,"'',(-134.5,-74.5045402623329,-39.0000000000175)"
33753,CARTESIAN_POINT,"'',(-127.,-67.0045402623329,-39.5000000000175)"
33754,CARTESIAN_POINT,"'',(-124.5,-67.0045402623329,-39.5000000000175)"
33755,CARTESIAN_POINT,"'',(-127.,-67.0045402623329,-42.0000000000175)"
33756,CARTESIAN_POINT,"'',(-127.,-67.0045402623329,-49.4978484524486)"
33757,CARTESIAN_POINT,"'',(-129.5,-67.0045402623329,-49.4978484524486)"
33758,CARTESIAN_POINT,"'',(-127.,-67.0045402623329,-51.0000000000175)"
33759,CARTESIAN_POINT,"'',(-127.,-67.0045402623329,-49.4978484524486)"
33760,CARTESIAN_POINT,"'',(-127.,-67.0045402623329,-39.0000000000175)"
33761,CARTESIAN_POINT,"'',(-127.,52.0010589729788,-39.5000000000175)"
33762,CARTESIAN_POINT,"'',(-124.5,52.0010589729788,-39.5000000000175)"
33763,CARTESIAN_POINT,"'',(-127.,52.0010589729788,-42.0000000000175)"
33764,CARTESIAN_POINT,"'',(-127.,52.0010589729788,-49.4978484524486)"
33765,CARTESIAN_POINT,"'',(-129.5,52.0010589729788,-49.4978484524486)"
33766,CARTESIAN_POINT,"'',(-127.,52.0010589729788,-51.0000000000175)"
33767,CARTESIAN_POINT,"'',(-127.,52.0010589729788,-49.4978484524486)"
33768,CARTESIAN_POINT,"'',(-127.,52.0010589729788,-39.0000000000175)"
33769,CARTESIAN_POINT,"'',(-98.4999999999998,-67.0045402623328,-39.5000000000175)"
33770,CARTESIAN_POINT,"'',(-95.9999999999998,-67.0045402623328,-39.5000000000175)"
33771,CARTESIAN_POINT,"'',(-98.4999999999998,-67.0045402623328,-42.0000000000175)"
33772,CARTESIAN_POINT,"'',(-98.4999999999998,-67.0045402623328,-49.4978484524486)"
33773,CARTESIAN_POINT,"'',(-101.,-67.0045402623328,-49.4978484524486)"
33774,CARTESIAN_POINT,"'',(-98.4999999999998,-67.0045402623328,-51.0000000000175)"
33775,CARTESIAN_POINT,"'',(-98.4999999999998,-67.0045402623328,-49.4978484524486)"
33776,CARTESIAN_POINT,"'',(-98.4999999999998,-67.0045402623328,-39.0000000000175)"
33777,CARTESIAN_POINT,"'',(-98.5000000000001,52.0010589729789,-39.5000000000175)"
33778,CARTESIAN_POINT,"'',(-96.0000000000001,52.0010589729789,-39.5000000000175)"
33779,CARTESIAN_POINT,"'',(-98.5000000000001,52.0010589729789,-42.0000000000175)"
33780,CARTESIAN_POINT,"'',(-98.5000000000001,52.0010589729789,-49.4978484524486)"
33781,CARTESIAN_POINT,"'',(-101.,52.0010589729789,-49.4978484524486)"
33782,CARTESIAN_POINT,"'',(-98.5000000000001,52.0010589729789,-51.0000000000175)"
33783,CARTESIAN_POINT,"'',(-98.5000000000001,52.0010589729789,-49.4978484524486)"
33784,CARTESIAN_POINT,"'',(-98.5000000000001,52.0010589729789,-39.0000000000175)"
33785,CARTESIAN_POINT,"'',(129.375758054717,3.01115152167783,-44.0000000000175)"
33786,CARTESIAN_POINT,"'',(124.375758054717,-1.98884847832217,-44.0000000000175)"
33787,CARTESIAN_POINT,"'',(124.375758054717,3.01115152167783,-39.0000000000175)"
33788,CARTESIAN_POINT,"'',(111.,-6.98884847832217,-39.0000000000175)"
33789,CARTESIAN_POINT,"'',(0.,-6.98884847832217,-39.0000000000175)"
33790,CARTESIAN_POINT,"'',(129.375758054717,12.0111515216778,-44.0000000000175)"
33791,CARTESIAN_POINT,"'',(134.375758054717,0.,-39.0000000000175)"
33792,CARTESIAN_POINT,"'',(106.,3.01115152167783,-44.0000000000175)"
33793,CARTESIAN_POINT,"'',(111.,3.01115152167783,-39.0000000000175)"
33794,CARTESIAN_POINT,"'',(124.375758054717,17.0111515216778,-44.0000000000175)"
33795,CARTESIAN_POINT,"'',(124.375758054717,12.0111515216778,-39.0000000000175)"
33796,CARTESIAN_POINT,"'',(106.,12.0111515216778,-44.0000000000175)"
33797,CARTESIAN_POINT,"'',(101.,0.,-39.0000000000175)"
33798,CARTESIAN_POINT,"'',(111.,21.0111515216778,-40.0000000000175)"
33799,CARTESIAN_POINT,"'',(0.,22.0111515216778,-39.0000000000175)"
33800,CARTESIAN_POINT,"'',(111.,12.0111515216778,-39.0000000000175)"
33801,CARTESIAN_POINT,"'',(-147.,67.5010589729791,-23.0000000000175)"
33802,CARTESIAN_POINT,"'',(-147.499924365416,67.001134601843,-23.9999999942969)"
33803,CARTESIAN_POINT,"'',(-147.,67.5010589729791,-23.0000000000175)"
33804,CARTESIAN_POINT,"'',(-147.,67.5010589729791,-23.0000000000175)"
33805,CARTESIAN_POINT,"'',(-125.498058958576,44.9970754126369,-9.49805895859376)"
33806,CARTESIAN_POINT,"'',(-147.,66.4981093671816,-3.49947064371879)"
33807,CARTESIAN_POINT,"'',(-81.,67.5010589729791,-23.0000000000175)"
33808,CARTESIAN_POINT,"'',(-108.5,66.501210230707,-23.999999988578)"
33809,CARTESIAN_POINT,"'',(-173.666666666661,109.661826548145,-49.6666666666786)"
33810,CARTESIAN_POINT,"'',(-148.,0.,-24.0000000000175)"
33811,CARTESIAN_POINT,"'',(-137.833333139729,-72.3378733485662,-21.8333331397463)"
33812,CARTESIAN_POINT,"'',(-148.,0.,-32.0000000000175)"
33813,CARTESIAN_POINT,"'',(-81.,67.5010589729791,-23.0000000000175)"
33814,CARTESIAN_POINT,"'',(-80.5000756345837,67.001134601843,-23.9999999942969)"
33815,CARTESIAN_POINT,"'',(-81.,67.5010589729791,-23.0000000000175)"
33816,CARTESIAN_POINT,"'',(-129.307130156607,65.3022900380913,-10.7428402088083)"
33817,CARTESIAN_POINT,"'',(-148.,83.9951598814844,-101.)"
33818,CARTESIAN_POINT,"'',(-148.,-82.5045403081856,-24.0000000000175)"
33819,CARTESIAN_POINT,"'',(-147.,-81.504539368199,-3.49999983952323)"
33820,CARTESIAN_POINT,"'',(-88.1883470803945,59.3128345791318,-23.8116529196229)"
33821,CARTESIAN_POINT,"'',(-80.,67.5046902336919,-47.0070327749949)"
33822,CARTESIAN_POINT,"'',(-134.668936082087,29.3262237993969,30.66893608207)"
33823,CARTESIAN_POINT,"'',(-81.,-78.0116483647781,-23.0000000000175)"
33824,CARTESIAN_POINT,"'',(-149.640972726105,92.7852456170773,7.7900857355929)"
33825,CARTESIAN_POINT,"'',(-109.292893218813,82.9951598814844,34.2928932188135)"
33826,CARTESIAN_POINT,"'',(-147.,-82.0045402852591,-23.5000000000175)"
33827,CARTESIAN_POINT,"'',(-148.,-82.5045403081856,-24.0000000000175)"
33828,CARTESIAN_POINT,"'',(-148.,-82.5045403081856,-24.0000000000175)"
33829,CARTESIAN_POINT,"'',(-75.0000029270255,-87.5045379772492,-36.9999970729919)"
33830,CARTESIAN_POINT,"'',(-81.,44.9383148399999,-31.0000000000175)"
33831,CARTESIAN_POINT,"'',(-80.,83.9951598814844,-2.)"
33832,CARTESIAN_POINT,"'',(-80.,83.9951598814844,-47.)"
33833,CARTESIAN_POINT,"'',(-81.,83.4951598814844,-1.5)"
33834,CARTESIAN_POINT,"'',(0.,83.9951598814844,-1.)"
33835,CARTESIAN_POINT,"'',(-173.666666666661,-124.671205918145,-49.6666666666786)"
33836,CARTESIAN_POINT,"'',(-148.,0.,-24.0000000000175)"
33837,CARTESIAN_POINT,"'',(-81.,-81.5045403081856,-24.0000000000175)"
33838,CARTESIAN_POINT,"'',(-140.,-82.5045402623326,-23.0000000000175)"
33839,CARTESIAN_POINT,"'',(-81.,-81.5045403081856,-24.0000000000175)"
33840,CARTESIAN_POINT,"'',(-80.,-82.5045413628043,-46.9999909896763)"
33841,CARTESIAN_POINT,"'',(-80.,83.9951598814844,-2.)"
33842,CARTESIAN_POINT,"'',(-80.,83.9951598814844,-2.)"
33843,CARTESIAN_POINT,"'',(-129.307130156608,-80.3116694080922,-10.7428402088073)"
33844,CARTESIAN_POINT,"'',(-148.,-99.0045392514842,-101.)"
33845,CARTESIAN_POINT,"'',(-80.5000000229265,-82.5045402852591,-23.499999977091)"
33846,CARTESIAN_POINT,"'',(-81.,-81.5045403081856,-24.0000000000175)"
33847,CARTESIAN_POINT,"'',(-81.,107.,-1.)"
33848,CARTESIAN_POINT,"'',(-80.,114.,-2.)"
33849,CARTESIAN_POINT,"'',(-144.83636788644,-96.1952828213147,-3.8092564301695)"
33850,CARTESIAN_POINT,"'',(-152.292893218813,-98.0045392514842,-8.70710678118654)"
33851,CARTESIAN_POINT,"'',(-87.6642969622354,-91.3402422892487,-16.3357030377821)"
33852,CARTESIAN_POINT,"'',(-81.,-78.0116483647781,-23.0000000000175)"
33853,CARTESIAN_POINT,"'',(-68.,120.,-1.)"
33854,CARTESIAN_POINT,"'',(-68.,107.,-1.)"
33855,CARTESIAN_POINT,"'',(-81.,-99.0045392514843,-1.)"
33856,CARTESIAN_POINT,"'',(0.,-99.0045392514843,-1.)"
33857,CARTESIAN_POINT,"'',(-80.5,-98.5045392514843,-2.)"
33858,CARTESIAN_POINT,"'',(-81.,-98.0045392514842,5.)"
33859,CARTESIAN_POINT,"'',(68.,120.,-1.)"
33860,CARTESIAN_POINT,"'',(80.,119.,-2.)"
33861,CARTESIAN_POINT,"'',(-81.,-99.0045392514843,-1.)"
33862,CARTESIAN_POINT,"'',(-81.,-99.0045392514843,-1.)"
33863,CARTESIAN_POINT,"'',(81.,107.,-1.)"
33864,CARTESIAN_POINT,"'',(68.,107.,-1.)"
33865,CARTESIAN_POINT,"'',(-80.7123580308157,-104.63713694501,-1.28764196918426)"
33866,CARTESIAN_POINT,"'',(-80.,114.,-2.)"
33867,CARTESIAN_POINT,"'',(-80.8136433551565,-105.863566448434,-2.)"
33868,CARTESIAN_POINT,"'',(-80.8136433551565,-105.863566448434,69.)"
33869,CARTESIAN_POINT,"'',(80.,99.0045392514842,-2.)"
33870,CARTESIAN_POINT,"'',(80.,-114.,-2.)"
33871,CARTESIAN_POINT,"'',(-80.8136433551566,-105.863566448434,-2.)"
33872,CARTESIAN_POINT,"'',(-80.8717685715219,-105.499115574509,-1.66967504036116)"
33873,CARTESIAN_POINT,"'',(-80.9344815586776,-105.138537555988,-1.33586033533918)"
33874,CARTESIAN_POINT,"'',(-81.,-104.780455542707,-0.999999999999994)"
33875,CARTESIAN_POINT,"'',(-80.8136433551565,-105.863566448434,-2.)"
33876,CARTESIAN_POINT,"'',(80.,99.0045392514842,-2.)"
33877,CARTESIAN_POINT,"'',(81.,98.5045392514842,-1.50000000000001)"
33878,CARTESIAN_POINT,"'',(80.,99.0045392514842,-2.)"
33879,CARTESIAN_POINT,"'',(144.83636788644,96.1952828213147,-3.80925643016948)"
33880,CARTESIAN_POINT,"'',(0.,99.0045392514843,-1.)"
33881,CARTESIAN_POINT,"'',(-66.8635664484343,-119.813643355157,-1.99999999999998)"
33882,CARTESIAN_POINT,"'',(-66.4991155745094,-119.871768571522,-1.66967504036115)"
33883,CARTESIAN_POINT,"'',(-66.1385375559876,-119.934481558678,-1.33586033533918)"
33884,CARTESIAN_POINT,"'',(-65.7804555427071,-120.,-0.999999999999999)"
33885,CARTESIAN_POINT,"'',(-75.,-114.,-1.)"
33886,CARTESIAN_POINT,"'',(-66.0829838924548,-119.412018128408,-2.)"
33887,CARTESIAN_POINT,"'',(-66.8635664484343,-119.813643355157,69.)"
33888,CARTESIAN_POINT,"'',(87.6642969622353,91.3402422892489,-16.335703037782)"
33889,CARTESIAN_POINT,"'',(81.,98.0045392514842,5.)"
33890,CARTESIAN_POINT,"'',(129.307130156608,80.3116694080921,-10.7428402088074)"
33891,CARTESIAN_POINT,"'',(152.292893218813,98.0045392514842,-8.70710678118654)"
33892,CARTESIAN_POINT,"'',(-65.7804555427071,-120.,-1.)"
33893,CARTESIAN_POINT,"'',(-65.7804555427071,-120.,-1.)"
33894,CARTESIAN_POINT,"'',(79.5023693903721,81.0069097213755,-24.4976306096454)"
33895,CARTESIAN_POINT,"'',(81.,78.0116483647781,-23.0000000000175)"
33896,CARTESIAN_POINT,"'',(114.998486916172,66.0030261676563,9.00151308381068)"
33897,CARTESIAN_POINT,"'',(148.,99.0045392514842,-101.)"
33898,CARTESIAN_POINT,"'',(68.,-119.,-2.)"
33899,CARTESIAN_POINT,"'',(-80.,-119.,-2.)"
33900,CARTESIAN_POINT,"'',(147.,81.5045403081856,-24.0000000000175)"
33901,CARTESIAN_POINT,"'',(140.,82.5045402623326,-23.0000000000175)"
33902,CARTESIAN_POINT,"'',(147.499999977074,82.5045402852591,-23.499999977091)"
33903,CARTESIAN_POINT,"'',(148.,0.,-24.0000000000175)"
33904,CARTESIAN_POINT,"'',(80.,-107.,-2.)"
33905,CARTESIAN_POINT,"'',(68.,-107.,-1.)"
33906,CARTESIAN_POINT,"'',(74.9974035145481,-72.505773528051,-37.0025964854694)"
33907,CARTESIAN_POINT,"'',(81.,-44.9383148399999,-31.0000000000175)"
33908,CARTESIAN_POINT,"'',(147.,81.5045403081856,-24.0000000000175)"
33909,CARTESIAN_POINT,"'',(147.,81.5045403081856,-24.0000000000175)"
33910,CARTESIAN_POINT,"'',(80.5,-83.9951598814844,-1.5)"
33911,CARTESIAN_POINT,"'',(80.,-114.,-2.)"
33912,CARTESIAN_POINT,"'',(81.,-82.9951598814844,-2.)"
33913,CARTESIAN_POINT,"'',(134.668936082087,-29.3262237993969,30.66893608207)"
33914,CARTESIAN_POINT,"'',(80.,-83.9951598814844,-47.)"
33915,CARTESIAN_POINT,"'',(81.,-67.5010589729791,-23.0000000000175)"
33916,CARTESIAN_POINT,"'',(81.,78.0116483647781,-23.0000000000175)"
33917,CARTESIAN_POINT,"'',(80.5000756345837,-67.001134601843,-23.9999999942969)"
33918,CARTESIAN_POINT,"'',(80.,-67.5046902336919,-47.0070327749949)"
33919,CARTESIAN_POINT,"'',(137.833333139729,72.3378733485662,-21.8333331397463)"
33920,CARTESIAN_POINT,"'',(147.,81.504539368199,-3.49999983952323)"
33921,CARTESIAN_POINT,"'',(81.,-82.9951598814844,-2.)"
33922,CARTESIAN_POINT,"'',(81.,-82.9951598814844,-2.)"
33923,CARTESIAN_POINT,"'',(81.,-67.5010589729791,-23.0000000000175)"
33924,CARTESIAN_POINT,"'',(81.,-67.5010589729791,-23.0000000000175)"
33925,CARTESIAN_POINT,"'',(125.498058958576,-44.9970754126369,-9.49805895859376)"
33926,CARTESIAN_POINT,"'',(148.,0.,-32.0000000000175)"
33927,CARTESIAN_POINT,"'',(149.640972726105,-92.7852456170773,7.7900857355929)"
33928,CARTESIAN_POINT,"'',(0.,-83.9951598814844,-1.)"
33929,CARTESIAN_POINT,"'',(147.,-67.5010589729791,-23.0000000000175)"
33930,CARTESIAN_POINT,"'',(108.5,-66.501210230707,-23.999999988578)"
33931,CARTESIAN_POINT,"'',(147.499924365416,-67.001134601843,-23.9999999942969)"
33932,CARTESIAN_POINT,"'',(147.,-66.4981093671816,-3.49947064371879)"
33933,CARTESIAN_POINT,"'',(129.307130156607,-65.3022900380913,-10.7428402088083)"
33934,CARTESIAN_POINT,"'',(109.292893218813,-82.9951598814844,34.2928932188135)"
33935,CARTESIAN_POINT,"'',(147.,-67.5010589729791,-23.0000000000175)"
33936,CARTESIAN_POINT,"'',(147.,-67.5010589729791,-23.0000000000175)"
33937,CARTESIAN_POINT,"'',(120.001613372839,-55.9967732543231,3.99838662714405)"
33938,CARTESIAN_POINT,"'',(148.,-83.9951598814844,-101.)"
33939,CARTESIAN_POINT,"'',(148.,0.,-24.0000000000175)"
33940,CARTESIAN_POINT,"'',(140.5,-59.5010589729791,-31.0000000000175)"
33941,CARTESIAN_POINT,"'',(139.5,74.5045402623325,-32.0000000000175)"
33942,CARTESIAN_POINT,"'',(139.5,-64.5010589729791,-32.0000000000175)"
33943,CARTESIAN_POINT,"'',(134.5,79.5045402623325,-32.0000000000175)"
33944,CARTESIAN_POINT,"'',(134.5,74.5045402623325,-31.0000000000175)"
33945,CARTESIAN_POINT,"'',(134.5,-65.5010589729791,-31.0000000000175)"
33946,CARTESIAN_POINT,"'',(134.5,-59.5010589729791,-31.0000000000175)"
33947,CARTESIAN_POINT,"'',(91.,79.5045402623326,-32.0000000000175)"
33948,CARTESIAN_POINT,"'',(142.,79.5045402623326,-32.0000000000175)"
33949,CARTESIAN_POINT,"'',(91.,-65.5010589729791,-31.0000000000175)"
33950,CARTESIAN_POINT,"'',(86.,-64.5010589729791,-32.0000000000175)"
33951,CARTESIAN_POINT,"'',(86.,74.5045402623326,-32.0000000000175)"
33952,CARTESIAN_POINT,"'',(91.,74.5045402623326,-31.0000000000175)"
33953,CARTESIAN_POINT,"'',(85.,-59.5010589729791,-31.0000000000175)"
33954,CARTESIAN_POINT,"'',(91.,-59.5010589729791,-31.0000000000175)"
33955,CARTESIAN_POINT,"'',(86.,79.5045402623326,-32.0000000000175)"
33956,CARTESIAN_POINT,"'',(-106.,-12.0111515216781,-44.0000000000175)"
33957,CARTESIAN_POINT,"'',(-106.,-3.01115152167808,-44.0000000000175)"
33958,CARTESIAN_POINT,"'',(-102.,-19.0111515216781,-40.0000000000175)"
33959,CARTESIAN_POINT,"'',(-111.,5.98884847832191,-40.0000000000175)"
33960,CARTESIAN_POINT,"'',(-111.,-3.01115152167809,-39.0000000000175)"
33961,CARTESIAN_POINT,"'',(-111.,-22.0111515216781,-39.0000000000175)"
33962,CARTESIAN_POINT,"'',(-111.,-12.0111515216781,-39.0000000000175)"
33963,CARTESIAN_POINT,"'',(-124.375758054717,1.98884847832189,-44.0000000000175)"
33964,CARTESIAN_POINT,"'',(-99.,5.98884847832194,-40.0000000000175)"
33965,CARTESIAN_POINT,"'',(-124.375758054717,-17.0111515216781,-44.0000000000175)"
33966,CARTESIAN_POINT,"'',(-128.375758054717,-21.0111515216781,-40.0000000000175)"
33967,CARTESIAN_POINT,"'',(-129.375758054717,-3.01115152167813,-44.0000000000175)"
33968,CARTESIAN_POINT,"'',(-124.375758054717,-3.01115152167811,-39.0000000000175)"
33969,CARTESIAN_POINT,"'',(-129.375758054717,-12.0111515216781,-44.0000000000175)"
33970,CARTESIAN_POINT,"'',(-124.375758054717,-12.0111515216781,-39.0000000000175)"
33971,CARTESIAN_POINT,"'',(-133.375758054717,3.98884847832187,-40.0000000000175)"
33972,CARTESIAN_POINT,"'',(-84.9999999999998,-74.5045402623328,-31.0000000000175)"
33973,CARTESIAN_POINT,"'',(-86.0000000000001,59.5010589729789,-32.0000000000175)"
33974,CARTESIAN_POINT,"'',(-85.9999999999998,-79.5045402623328,-32.0000000000175)"
33975,CARTESIAN_POINT,"'',(-91.0000000000002,64.5010589729789,-32.0000000000175)"
33976,CARTESIAN_POINT,"'',(-91.0000000000002,59.5010589729789,-31.0000000000175)"
33977,CARTESIAN_POINT,"'',(-90.9999999999998,-80.5045402623328,-31.0000000000175)"
33978,CARTESIAN_POINT,"'',(-90.9999999999998,-74.5045402623328,-31.0000000000175)"
33979,CARTESIAN_POINT,"'',(-134.5,64.5010589729788,-32.0000000000175)"
33980,CARTESIAN_POINT,"'',(-86.0000000000002,64.5010589729789,-32.0000000000175)"
33981,CARTESIAN_POINT,"'',(-134.5,-80.5045402623329,-31.0000000000175)"
33982,CARTESIAN_POINT,"'',(-142.,-79.5045402623329,-32.0000000000175)"
33983,CARTESIAN_POINT,"'',(-139.5,59.5010589729788,-32.0000000000175)"
33984,CARTESIAN_POINT,"'',(-134.5,59.5010589729788,-31.0000000000175)"
33985,CARTESIAN_POINT,"'',(-140.5,-74.5045402623329,-31.0000000000175)"
33986,CARTESIAN_POINT,"'',(-134.5,-74.5045402623329,-31.0000000000175)"
33987,CARTESIAN_POINT,"'',(-139.5,64.5010589729788,-32.0000000000175)"
33988,CARTESIAN_POINT,"'',(-147.5,101.,-15.)"
33989,CARTESIAN_POINT,"'',(-147.5,101.,-12.5)"
33990,CARTESIAN_POINT,"'',(-145.,101.,-15.)"
33991,CARTESIAN_POINT,"'',(-137.502151547569,101.,-15.)"
33992,CARTESIAN_POINT,"'',(-137.502151547569,101.,-17.5)"
33993,CARTESIAN_POINT,"'',(-136.,101.,-15.)"
33994,CARTESIAN_POINT,"'',(-137.502151547569,101.,-15.)"
33995,CARTESIAN_POINT,"'',(-148.,101.,-15.)"
33996,CARTESIAN_POINT,"'',(120.5,105.,-63.)"
33997,CARTESIAN_POINT,"'',(127.5,105.,-63.)"
33998,CARTESIAN_POINT,"'',(120.5,105.,-58.7939756668071)"
33999,CARTESIAN_POINT,"'',(120.5,105.,-63.)"
34000,CARTESIAN_POINT,"'',(120.5,105.,-90.)"
34001,CARTESIAN_POINT,"'',(113.5,105.,-90.)"
34002,CARTESIAN_POINT,"'',(120.5,105.,-91.)"
34003,CARTESIAN_POINT,"'',(120.5,105.,-91.)"
34004,CARTESIAN_POINT,"'',(120.5,2.84663433965975E-15,-63.)"
34005,CARTESIAN_POINT,"'',(127.5,2.84663433965975E-15,-63.)"
34006,CARTESIAN_POINT,"'',(120.5,2.84663433965975E-15,-58.7939756668071)"
34007,CARTESIAN_POINT,"'',(120.5,2.84663433965975E-15,-63.)"
34008,CARTESIAN_POINT,"'',(120.5,2.84663433965975E-15,-90.)"
34009,CARTESIAN_POINT,"'',(113.5,2.84663433965975E-15,-90.)"
34010,CARTESIAN_POINT,"'',(120.5,2.84663433965975E-15,-91.)"
34011,CARTESIAN_POINT,"'',(120.5,2.84663433965975E-15,-91.)"
34012,CARTESIAN_POINT,"'',(120.5,-105.,-63.)"
34013,CARTESIAN_POINT,"'',(127.5,-105.,-63.)"
34014,CARTESIAN_POINT,"'',(120.5,-105.,-58.7939756668071)"
34015,CARTESIAN_POINT,"'',(120.5,-105.,-63.)"
34016,CARTESIAN_POINT,"'',(120.5,-105.,-90.)"
34017,CARTESIAN_POINT,"'',(113.5,-105.,-90.)"
34018,CARTESIAN_POINT,"'',(120.5,-105.,-91.)"
34019,CARTESIAN_POINT,"'',(120.5,-105.,-91.)"
34020,CARTESIAN_POINT,"'',(-120.5,-105.,-63.)"
34021,CARTESIAN_POINT,"'',(-113.5,-105.,-63.)"
34022,CARTESIAN_POINT,"'',(-120.5,-105.,-58.7939756668071)"
34023,CARTESIAN_POINT,"'',(-120.5,-105.,-63.)"
34024,CARTESIAN_POINT,"'',(-120.5,-105.,-90.)"
34025,CARTESIAN_POINT,"'',(-127.5,-105.,-90.)"
34026,CARTESIAN_POINT,"'',(-120.5,-105.,-91.)"
34027,CARTESIAN_POINT,"'',(-120.5,-105.,-91.)"
34028,CARTESIAN_POINT,"'',(-120.5,-2.84663433965975E-15,-63.)"
34029,CARTESIAN_POINT,"'',(-113.5,-2.84663433965975E-15,-63.)"
34030,CARTESIAN_POINT,"'',(-120.5,-2.84663433965975E-15,-58.7939756668071)"
34031,CARTESIAN_POINT,"'',(-120.5,-2.84663433965975E-15,-63.)"
34032,CARTESIAN_POINT,"'',(-120.5,-2.84663433965975E-15,-90.)"
34033,CARTESIAN_POINT,"'',(-127.5,-2.84663433965975E-15,-90.)"
34034,CARTESIAN_POINT,"'',(-120.5,-2.84663433965975E-15,-91.)"
34035,CARTESIAN_POINT,"'',(-120.5,-2.84663433965975E-15,-91.)"
34036,CARTESIAN_POINT,"'',(-120.5,105.,-63.)"
34037,CARTESIAN_POINT,"'',(-113.5,105.,-63.)"
34038,CARTESIAN_POINT,"'',(-120.5,105.,-58.7939756668071)"
34039,CARTESIAN_POINT,"'',(-120.5,105.,-63.)"
34040,CARTESIAN_POINT,"'',(-120.5,105.,-90.)"
34041,CARTESIAN_POINT,"'',(-127.5,105.,-90.)"
34042,CARTESIAN_POINT,"'',(-120.5,105.,-91.)"
34043,CARTESIAN_POINT,"'',(-120.5,105.,-91.)"
34049,DIMENSIONAL_EXPONENTS,"0.,0.,0.,0.,0.,0.,0."
